91917
7072
134274
15493
35270
54689
89488
49797
163417
77839
59821
96542
100285
98118
59302
81358
5483
148178
35038
109458
31351
70141
11397
94680
47151
139163
37410
96092
88834
156738
142356
91995
5773
9343
93963
87176
154937
103047
128136
138350
52614
29603
53849
25989
132728
138454
75121
106890
68455
58395
16838
142671
88079
88308
51187
107484
46661
145581
25843
66223
164776
78560
96411
11692
58244
165969
54045
53026
5553
153859
31395
4128
106299
116115
18526
158416
37333
108921
154304
78025
129130
168530
141321
63002
65304
57080
791
139616
40015
144771
106032
65885
74119
75111
98310
96083
51215
114157
2224
107375
140575
19229
139514
91858
28823
71311
30181
74449
8392
168332
113985
112024
123102
11371
99572
126650
48290
37541
123757
74966
53103
134299
160647
138127
47445
89860
164120
112
90695
56883
42131
22750
123558
112323
131804
20878
160391
73796
142507
7907
24101
100194
131054
113503
26970
56547
10109
96797
36427
125624
159856
131360
88174
143345
89244
111835
123531
60281
9729
135317
102674
161494
69394
50777
118835
59691
115157
88713
166167
72598
92428
16599
58236
145896
11816
158996
135243
101653
96079
42258
167017
75043
126112
32516
123632
71900
119898
88005
24915
129250
136504
159414
159348
72554
148998
24585
4401
141778
92712
15939
148747
143670
154048
129531
156019
90231
99758
82735
86588
90931
77805
36370
158280
72684
18352
78685
101178
138646
63718
127664
52116
144559
104104
91239
146022
147874
55058
15206
166878
9255
6637
158296
94633
167367
113905
128135
157364
78496
9619
167404
69637
53583
107500
49116
37400
68442
25146
30178
124980
129566
93042
144553
129088
148288
67471
35753
92155
102364
115242
87836
120474
24614
126937
66437
50618
69832
7107
3292
82478
9805
96198
118739
100811
167316
64505
94823
4327
37589
115758
12833
87523
157575
72253
16715
38535
169290
43881
134232
33708
123485
104827
50215
60190
46566
19638
108089
111892
159325
166666
91132
88547
165472
98263
96189
75138
130391
130621
111075
151796
32739
58375
163007
57525
154227
150648
129679
67517
53696
125495
120689
87076
148376
81749
125665
155550
102492
107824
160298
134445
154196
20319
37163
96947
54738
139274
82834
31962
64580
73961
2463
116813
158221
50741
42230
103055
20568
96930
85694
70593
152724
166039
76152
21568
83168
161851
71153
70620
91888
51560
26430
29849
55783
116767
22758
85319
88960
26380
91809
85297
95022
167366
143469
131343
114764
165728
43193
140346
106318
60353
57515
19183
164114
151212
129117
144182
158894
35201
106981
113885
87347
48119
76471
104073
44471
58396
150344
40368
156233
127385
41127
62138
163723
129767
71789
65716
149166
37784
147151
164997
124720
162010
127577
77865
21602
129247
63375
5075
51373
45822
149027
149594
29088
6666
61675
81455
4570
35476
98433
35491
152250
5110
99952
120725
72493
131280
8647
27102
144685
21541
165654
126415
28136
57555
67672
8117
68428
93620
524
121050
88418
144510
28781
132188
55189
96813
57171
74346
157069
165832
79492
140472
35164
126723
49768
77167
89800
97097
54532
54911
76942
30233
66994
44896
107777
131090
91992
67756
112832
167391
104672
163494
145206
88017
165855
37899
109049
13778
1605
104952
82912
112326
135940
31484
103200
148809
62415
152632
21321
111405
127561
105785
128034
37688
112119
150108
133289
99522
83474
138788
162406
89042
131066
83205
159651
73394
142617
64972
140314
158614
131228
107327
152222
114811
91333
6185
124131
89385
130342
48080
135437
87599
38413
159583
26943
99924
60036
86593
129629
60386
140916
159505
141259
10791
74524
102127
25688
61152
27308
12135
101543
121318
93370
91817
44740
165487
11970
129069
69988
40914
160977
64054
139089
153068
73756
99167
4724
166269
50092
6906
11841
139254
40915
14934
35558
39053
95200
101745
3786
108017
147790
149142
145511
34821
126763
130287
159290
90098
138500
53437
123842
168202
17470
49283
99115
85165
15641
141881
163332
22746
75946
87681
115920
90337
106533
8334
158211
19692
51596
14379
37702
103143
99068
103950
2227
716
135297
60309
40807
5174
16627
138610
159639
144507
10249
136059
159770
130831
73056
151644
88674
8845
62188
50388
165369
137886
125298
101023
87292
92094
115225
22472
4442
34141
99452
99998
7439
129050
119754
147691
150387
61
6764
75414
161693
51761
131145
159847
141558
166309
4843
53072
10182
35601
20174
50324
26509
99058
160705
28755
125983
117177
100026
29221
24829
148042
8316
61935
31284
137934
161008
66973
91854
128599
116399
103295
36188
58270
16844
37907
110401
38369
157140
128317
10225
42949
24977
7846
166078
74871
86156
20497
56828
141831
75638
69808
153926
133797
166023
120136
166781
56482
89184
71965
2931
24402
151556
168967
144104
35334
158509
51172
93897
103848
75295
91209
71973
159270
70821
63804
91669
83570
11843
113902
145783
53618
132584
112152
25413
60338
146241
108167
55529
28533
77459
56488
47871
93823
85801
143711
120520
94565
122011
150119
70466
158333
101552
159768
94564
122552
22595
167620
40775
110517
92460
123423
118672
76363
20392
70151
114942
58525
107056
5139
16077
38736
15419
168732
11192
149332
103712
59172
89238
77818
141590
146389
157718
33458
5884
123324
69094
34380
29112
65212
34213
133318
85999
23723
155502
68690
111648
21232
46777
126620
79740
112489
138574
137182
99695
20151
55803
17000
47770
94227
80741
110621
16978
14561
110872
71191
33330
13186
115608
162036
80555
117379
155039
163170
103605
139642
157820
144647
84851
110721
143913
151746
79055
38643
160577
144437
132618
104419
161358
53772
161379
33169
159359
45619
130909
83532
16397
165486
160313
11104
15333
160646
148549
62887
165363
73928
72740
150463
18046
14553
43859
43335
139121
32252
81263
167378
63381
144012
93179
160115
144027
142570
114559
109900
43676
73929
26132
16329
40459
135405
117425
130608
40920
6253
17795
61371
27665
28204
31507
62575
4502
101728
100084
23605
15457
16744
32285
88534
28744
83029
137816
112616
127730
139029
120428
23023
49353
110432
140493
18200
109159
132175
70564
97781
89577
107098
72883
59768
168007
101560
113407
98752
155449
157931
88264
67508
57214
65848
153952
84622
118944
103288
40400
80237
157263
57897
80481
96325
91275
114937
59581
131884
139888
167494
70804
50849
126052
87514
47494
22394
80373
14658
3094
28102
136448
165700
164683
110207
124008
34850
147288
90841
77065
72603
64042
167873
13599
79457
47719
130790
23687
138743
144384
25661
108908
119213
55426
60327
30527
35964
99146
101302
44622
12230
118349
73461
175
61748
13545
72831
51607
97869
124473
49368
140002
153662
1727
125438
163036
133135
24766
112466
114701
70227
73422
116663
37539
24152
2687
17321
139052
14506
65602
5470
27527
125046
23406
162352
26276
90623
42558
147785
50484
20222
44251
41515
121363
111729
144870
17151
20675
25669
35697
93203
61446
124612
63234
74974
164022
33940
45313
134720
62244
86290
160186
19361
156753
155651
6602
35665
4061
96141
124449
27597
71682
155896
49979
168454
9166
29861
132158
60717
58465
159857
61147
29657
34178
54016
153955
92304
112730
114643
74412
158917
30489
126726
142252
94729
135389
32491
83170
2797
31298
111005
145631
6589
165286
144150
21891
38663
55017
56550
137571
155068
102932
54783
115800
88553
34393
115201
120459
5954
86281
89598
44315
146155
23392
7254
155118
146757
50044
57874
162037
121910
113339
49249
81425
68880
64641
149676
483
96933
60841
18619
16783
36834
136087
159552
48784
59582
97868
27167
22290
137196
11043
68587
121900
37889
78245
11719
141574
15586
8223
72063
12560
46293
18721
113080
76134
77300
168291
21542
104403
138214
17866
18852
134150
110
82328
99974
106687
61453
52041
163198
66509
9712
107661
6125
130760
21900
48210
28757
22631
160967
69495
110357
81005
109958
90674
2238
143207
65927
186
35953
119567
83684
15602
85633
80672
2902
142672
72532
78419
15132
15257
36790
71700
66876
143723
37549
26240
124500
33311
153198
70942
129547
81631
69101
137693
1871
155310
139966
109494
74324
113996
104150
152490
93010
91176
85895
150792
135330
7559
122454
134984
36206
123552
96048
84578
163639
20651
132470
80438
139907
15957
114904
15092
31236
84002
149843
104129
25250
73786
147408
137514
145538
22348
5556
140825
20786
85210
56920
48479
100616
12807
156488
146927
127152
117079
60629
159861
118630
136713
84792
123738
85467
98185
69417
41978
147412
102948
139061
45090
94685
80816
16662
34788
76783
121783
43968
75455
75786
165314
57202
74835
6168
67611
30768
14315
80666
53065
98045
25652
167824
153249
141205
81434
160829
48920
76845
72107
37914
11581
48938
72795
131153
156675
775
54927
24193
118278
135308
2835
167600
41951
70157
47952
142871
74450
150308
71475
48549
66213
59237
61879
122152
130629
35646
147321
47824
52674
59293
123161
95821
137254
75329
145525
66779
131479
18502
44484
135693
83365
103615
28407
89637
25281
79844
3923
167996
6231
123309
58018
68361
165140
30653
55015
83363
108001
12945
81010
146963
46030
74510
561
36494
134096
52947
70601
121634
40543
20064
66126
93588
150632
131108
79753
45402
114953
51759
1606
32876
168851
130528
160597
123038
22176
18057
50450
110876
154126
49292
143543
25743
43183
80193
72149
8970
137121
104344
107465
14522
91404
128910
4435
15450
96307
7383
47091
37469
72089
9168
41834
137124
28282
47101
28089
58064
63676
87303
108249
57355
30498
86036
29529
152869
40798
73331
32296
90624
131854
25410
74856
73847
14338
151118
40604
5035
168088
151509
132383
25161
97273
62596
98363
14184
139457
3391
160737
42375
9461
84519
44229
35606
18001
145747
114434
138036
158066
75620
126579
94239
84292
54406
126099
83803
152989
10450
1114
144371
77930
11960
143789
111615
101861
92869
160336
94378
137119
126715
101999
53182
65654
19773
48034
1762
80866
47909
46954
152641
41238
87051
114620
3368
98748
61532
132015
86965
94203
168064
71266
31786
67369
134174
41994
18925
17910
100197
110350
124266
156571
156264
7204
76778
131796
107018
9843
112448
119922
66724
142291
72913
132217
118161
56859
142855
10742
137567
92513
29863
10496
61333
62235
167740
31893
125057
48746
64242
26701
25796
96245
30918
32514
5421
36311
128150
9653
128043
155640
150587
3129
126008
75171
105295
31244
150306
96644
164408
27276
5101
84349
88006
120343
101783
86043
102139
92667
21780
115929
163892
125026
22734
79932
58744
64755
41049
56462
39971
167917
5047
100109
119886
47805
43707
83542
100261
106254
65780
8515
49464
75592
120002
107914
164672
158622
9681
45627
124974
8907
106496
135778
15905
139423
119672
155859
84550
50895
83672
154503
17324
25987
126512
98697
64389
162519
81377
110025
92475
53428
130364
34102
164503
114338
96414
130770
12909
73355
91241
109589
137949
21028
128524
13654
43306
157623
92040
67
15971
114426
17925
14986
141323
129006
164803
118046
119526
160028
43174
71440
32619
74721
137047
81552
148394
117319
35343
4268
162067
164341
103296
43463
150799
38224
167627
79744
114720
163941
7126
9019
113549
142462
67489
4342
91276
152987
168582
6190
124087
4194
168280
118551
102349
17415
154363
60303
78739
125544
60708
142074
18593
67628
67932
84211
151497
121027
17556
43200
96504
17685
164878
132891
96356
119185
109492
86187
127017
120127
22347
78150
66657
96618
62020
85532
82675
54711
155933
11057
96084
107349
45868
160530
149174
5631
136657
28607
142270
80835
80873
73869
118575
134106
10087
80152
144157
57010
76156
163412
137372
102207
57367
1230
155145
31472
85996
121886
116918
116261
129493
37092
105751
136500
128911
21503
22154
159846
70310
133473
7336
85081
18374
60978
15335
4747
155812
51633
138924
49512
134703
38272
154171
2818
25859
14731
167182
166293
43750
94616
149697
126361
35938
153162
67011
163822
151884
57351
21092
126632
127899
50339
36747
148738
119104
63385
119710
50647
130596
160319
91382
22676
23945
1686
102928
25005
38642
56988
56799
60428
111276
54221
93422
10226
135180
169245
20678
17828
8976
2377
89759
75492
111144
104572
66090
147523
23523
33995
61121
35721
2718
94829
84899
113011
138931
23163
53567
96256
69774
80771
133495
91872
108624
104653
66486
30988
20990
37766
118693
163099
66076
89089
144163
24372
73562
86687
53655
156428
70569
36904
160594
160497
34519
136295
101190
127190
82950
156025
21959
69468
59148
129014
23883
85178
160031
69012
50815
3128
112130
49717
7203
104229
166680
133472
139057
139569
141982
102593
56120
142721
76658
138011
150406
167192
80133
1029
62117
137353
49350
138116
145060
5270
153589
54628
161237
141580
64346
7308
89826
45721
89606
111475
156066
54712
85962
149114
45613
127752
57759
131258
145963
40948
40013
145036
41450
135328
71157
42031
93704
118252
12971
7496
136056
127806
91223
24377
105868
144764
39845
33453
35254
105146
139011
20948
165779
166479
44743
80047
159306
165104
167256
153239
8613
108345
21787
38832
54489
128608
128843
146216
138437
51060
128231
7797
52093
130898
109122
32401
20759
52403
112076
128880
39227
47552
146073
15091
105966
156275
53009
10925
22997
83222
166065
79214
70686
37811
100157
43294
91943
109029
24012
119406
3301
23574
16745
4239
165209
27571
1992
24756
41539
100343
18790
102881
145327
160209
117462
51224
19499
104648
104955
42368
156827
68088
47274
35575
38142
82515
101398
5142
66749
125591
1341
74244
69633
123524
71111
120429
110033
115228
97024
160453
13841
104690
47657
71106
43909
101572
141082
73952
134800
162462
139916
3260
112958
118640
85196
71070
59378
2613
43166
11048
63590
91201
112437
125146
160889
64772
41873
65549
6819
24097
75226
43724
143561
115548
152873
20483
119429
166386
79141
141714
118876
81215
113056
151387
71755
57417
50826
129286
55036
58566
53868
46497
76857
2272
85846
74841
111252
18148
59999
6777
122345
83375
166037
83438
135737
20190
56427
13821
132556
74462
17375
157420
65904
29518
107934
124144
100539
1774
115747
19631
63187
28551
65294
142022
22672
25070
42768
83236
163313
118542
71040
150918
161292
157629
104216
101362
107313
49183
111667
9414
16303
121087
10926
153412
88481
126435
98165
97070
5014
80387
29237
154690
5529
57836
18204
86810
41699
156946
46260
130136
33251
23745
103809
32732
107361
31350
20711
95061
41339
164520
54269
92949
122369
30224
164889
150294
15660
153384
75917
138514
3355
24150
78818
26360
154156
3497
107888
18023
74471
169229
161807
76752
127550
68100
116324
163310
127301
122165
118340
91756
41630
49253
42324
69901
34062
40663
165576
87760
69423
167147
76221
66289
128217
139169
16566
33818
88277
153921
88530
77327
70353
131856
59654
60802
48897
63057
134660
56639
30269
142268
113935
69477
46211
158684
86668
148538
31541
15066
87243
33689
43826
4670
127320
153233
80427
50727
118658
150049
3318
57852
133045
73944
40049
13897
151546
50716
82866
55951
124840
142097
147193
159235
151511
5092
152771
40835
54475
156120
75959
70183
51043
82887
162014
162622
36540
6104
41698
156069
104128
121914
4664
89978
32009
147869
114204
153686
146148
105040
72614
7351
83449
147019
155261
1068
103058
151323
52206
68645
45748
139886
136193
3927
6732
145022
90115
119667
28810
131243
168506
23791
11620
10335
141518
158315
70925
89746
61917
167630
120342
96049
25982
15526
134944
127803
96794
42967
24808
43367
116131
79249
125593
91204
118231
142730
88272
119991
68614
55645
2950
36448
75389
18872
33756
89354
166213
163667
139371
102305
59641
58899
156574
149908
93055
150761
155652
24887
26235
10894
111219
79711
43157
22071
12116
73667
169148
152587
83584
12669
155197
90361
62562
79420
126488
63961
61341
12840
59230
145686
117464
74821
119819
159839
44854
98873
85936
28797
121687
86678
652
144787
131662
85310
73774
147056
18950
140923
130132
13255
87119
45172
57771
96677
116523
75207
130094
28418
51542
52371
85769
125855
166328
63754
165895
90944
143172
90983
80109
55418
42239
113259
25359
26728
110957
55020
33629
79479
4576
166143
72506
161115
163100
116275
152122
23717
1166
70946
150676
52500
85612
37488
64761
156213
110992
62717
34598
167900
100838
153497
144524
97595
98789
140721
153683
108582
9727
112274
74389
96807
20480
58632
111472
132244
41631
19241
68668
150858
1261
49908
27951
154605
84269
43751
132571
39657
95010
122172
112354
163256
43151
130281
97784
139232
109591
17841
68457
141919
107514
69185
83618
146397
93081
158696
39926
90268
44422
127053
133903
18659
114312
146103
113291
112349
141797
65730
65246
53511
47064
21499
166242
100839
32260
47181
69342
27046
36629
163061
41126
164697
46484
123917
88893
106893
143090
107902
17705
30889
165113
146756
42986
41048
93535
133072
33098
46677
110244
82224
120892
103805
46455
32675
143075
62505
9304
146236
118171
72235
58498
17497
11810
62539
130661
101554
61990
13737
93166
112678
141150
89193
11616
16135
124657
8184
6494
106554
18189
44208
77285
111643
120384
28234
13471
155294
68574
81664
159697
23678
6143
99010
134395
164001
109206
50744
62142
98400
36706
136098
115903
29073
12809
111010
51136
73448
155920
140364
108969
2047
35347
113387
154719
49018
52998
16716
108881
24529
61951
95008
47414
66226
68076
146380
156581
49515
62239
18076
81678
36390
22801
144818
61746
69764
90996
33122
160304
135293
64296
53774
64781
112082
134000
74942
160947
44031
121947
75783
23212
79695
21810
23618
25246
82679
33572
34100
12653
168618
130824
108335
54080
96297
116355
91379
102469
53968
23540
57343
140842
125417
13621
155352
54809
43128
22733
21020
77156
94178
54643
74630
38008
26768
160256
34501
75865
125610
79384
96617
83666
9824
169199
65412
27915
79968
70765
25490
39486
52489
110803
119904
125169
49280
22143
167023
110527
98120
22271
37417
111195
5696
70717
22608
50830
57446
85155
160980
64083
47642
10099
103915
48038
67081
115034
49036
144209
73076
45898
44934
14388
100245
79219
53878
143403
160859
9284
94287
68153
94095
133297
54111
40040
32297
58898
24570
160348
125596
93419
54613
52192
136576
148668
133304
85872
95137
140736
15106
17609
131645
147184
28368
24286
1186
20899
4198
27600
22311
71407
913
68680
86084
126420
133155
70887
18908
148140
99623
108666
55303
126525
137190
22880
76101
88892
158572
22854
131429
81672
117003
27189
160244
12169
34072
15758
148189
19041
51528
58884
111066
113238
57499
42391
64032
116885
145502
36933
155533
28554
7509
113927
26467
97565
122304
21191
109484
2162
109767
33103
46588
69387
142607
131321
147946
149609
156570
39803
90397
101891
91731
72510
141682
99581
168660
167819
60861
18184
117037
109139
47292
140396
19318
49273
10223
76934
26138
162609
72685
101662
100846
39062
103833
131894
51217
167513
27105
39413
83632
49836
116307
123329
164532
10514
129909
3803
44557
2635
107027
3855
38782
154241
89304
138007
134727
114968
167462
46626
97907
132410
61533
105501
45895
153138
103449
115557
13040
86248
53983
50990
145702
134792
94993
142460
160838
125281
119343
106781
54250
164417
148453
140081
154838
52362
97352
89841
56749
92623
111956
46774
45305
124637
118845
152542
11990
119844
119745
159366
10494
124820
104394
107154
3370
166916
44562
69776
63235
53947
131340
74668
87592
53589
90680
19949
11634
49890
7943
108216
139834
96881
130523
75576
20703
25498
87491
64231
83030
61339
1472
66517
108215
24983
124023
149975
96206
143839
106891
156206
125042
77061
137146
54669
157159
16764
65656
4440
85355
39660
45607
62095
79058
81529
155339
67084
140605
103376
109562
34946
166964
21929
40261
118882
103195
133703
109790
64287
142186
112493
29480
158816
90338
65416
107842
124178
130742
119770
73514
161325
113829
4064
86190
160023
146221
14133
145954
57756
131629
123311
154022
91284
103343
153124
119333
91580
163538
33382
159382
116316
35384
104998
38227
37154
10511
59000
28367
128171
68643
15944
12266
104209
12142
63024
136551
41480
120083
76944
109792
32065
159629
43433
66101
66655
78192
89471
14615
102179
164276
63530
151251
34331
148667
9741
96231
102561
121937
87888
9410
112412
67747
68747
26171
133312
97905
138934
39806
17612
19822
19011
108241
113495
59705
6688
113402
33938
31302
130074
10572
70749
99905
25571
67150
106084
57815
40645
65048
75850
40598
47736
164253
15612
44337
17366
35573
120105
63461
69872
146858
122277
26354
91577
163866
101294
122418
157858
154551
10117
101813
89786
136632
130872
101100
97350
46416
98130
24722
109000
101622
3
59154
20653
88921
67088
127005
112749
143376
22929
3543
152272
150136
32899
117062
79361
329
80055
165146
141800
56299
129803
23956
39212
17758
127733
64668
139252
77236
48847
5993
77202
58349
165905
19846
45854
47092
108292
146775
38470
104136
150355
13271
77375
142323
29702
137342
72366
88516
83685
83757
86543
20917
105670
12791
8460
745
91793
73760
55521
12377
56864
93669
20293
119674
55982
98946
3811
64022
35219
81830
132195
59400
160806
39796
160383
95898
166668
90932
123711
5145
41278
36552
39547
124538
154011
147476
66781
75214
37863
44334
140725
167839
101128
78913
37397
103132
166029
47487
25773
49931
119433
90318
30615
2603
49708
151301
49081
127271
105730
121802
155635
107047
77374
65194
48520
39890
143651
19690
78381
110081
52165
118369
36731
160923
31206
11775
167786
163072
55621
91750
167858
104782
2518
112864
88378
131414
31359
22234
83997
166624
114039
100855
83126
116434
61541
138584
153137
10502
133118
12955
49614
117733
87542
3973
165447
109612
79378
45377
76907
100482
145593
159170
25879
110889
86894
44584
78065
78951
11567
25644
7183
42473
83530
58291
144201
10776
40887
14299
169312
159255
117211
146438
114698
22168
155848
24815
48444
56461
27227
148861
108328
53067
14612
19920
29319
92165
128745
167813
109213
97082
163297
35543
78047
21102
18661
8953
140126
146622
32350
53311
116945
20223
4744
8195
153749
114480
80617
4438
314
159047
26348
75726
83589
120444
40105
30364
138170
145494
104306
37007
159015
135587
94415
63125
153754
6930
109695
120465
157663
51188
117182
76566
14956
15509
58817
67092
124278
44688
167530
168850
153085
49290
148706
73516
126821
2650
80719
166868
132988
20609
134785
40698
19044
165273
112267
135289
47058
162247
84996
164252
60691
49112
110109
97865
2874
67356
127694
55539
165706
127217
132288
157130
86131
138339
40340
12384
21231
78550
11164
45670
91648
45279
18356
62614
27159
50924
134649
32481
27642
144619
149484
141313
152804
114241
154448
111782
128804
127204
41449
64990
76337
28474
7330
13205
20305
120597
106506
164626
103764
141096
55856
21514
1380
163533
89657
105441
159746
70298
33856
79042
25717
82584
154479
133285
24816
111458
50508
58911
158414
142081
125240
13876
52370
85264
144526
151936
61997
51539
142307
103374
89736
83232
10336
85442
89344
46746
32078
150340
80569
88897
70101
19730
90992
138211
40530
23837
100225
103361
156646
96087
128945
105621
151236
150504
11411
138109
141023
152412
18897
13884
19700
112223
5754
146526
26337
138729
53634
91821
122208
55269
21616
3332
126291
14982
114644
62418
113350
10399
110164
57140
86116
109372
84258
14162
86317
3077
31044
64883
43323
109796
142673
36200
61963
16544
158274
65776
84428
39694
79947
58783
159962
60590
162128
66816
90797
141907
48644
8431
70524
166024
17971
98287
44253
95583
149342
84504
10955
98467
87574
19185
11460
117196
25981
60313
82297
75188
156552
12117
42875
35393
15851
75196
79856
81447
35662
142767
105738
121228
94999
58810
113683
129855
165000
25320
135339
73401
59372
31824
4318
56851
9932
156623
121732
50101
87822
97114
110088
107702
90859
12782
105505
56882
81808
49164
151923
62975
124173
50992
60838
6407
116689
87594
64854
67156
45612
113567
64101
51405
165081
21376
42969
147312
63889
142943
114373
74373
82528
8135
167022
120813
13659
101442
31787
36925
94754
53952
136160
67554
48694
114334
137962
104298
63145
50837
12946
13738
69272
124803
1385
27119
140759
127620
39195
116449
41034
24427
50178
53695
151243
67766
161413
41653
49754
167212
33227
49919
117817
69742
132423
75186
130923
159486
49628
144425
124114
108487
36852
50411
138993
25890
158531
87000
141471
122599
49634
119059
6781
117845
38104
92432
109795
66462
103912
76297
22132
78096
154327
66750
104022
89200
50275
136074
148358
89865
102463
129366
130549
59696
158124
136760
81309
54579
20027
2607
22885
66243
45441
8356
118732
68449
152335
167863
110254
154348
44519
63011
129171
29845
29495
23437
59563
69855
105405
168626
60879
120087
109482
142197
34523
69777
148826
90440
72060
154665
16051
120067
21628
126257
95624
166571
92385
68785
48978
47635
109036
133081
104155
3411
155230
110598
68875
105530
159416
122259
13421
150853
125844
11917
131323
13116
88166
51804
84834
154803
160462
160337
168055
97121
66561
100465
34804
23649
94273
134059
26439
71804
69606
19215
101148
60729
129197
53747
59268
119006
109870
28381
73589
98880
73155
11379
165557
165375
93258
102609
40669
30049
45434
8494
76564
129489
48243
143676
25963
14193
66131
146740
103550
84219
156046
166272
75941
145585
96082
89386
147545
53095
1495
105957
60402
95526
151686
92316
73008
113994
92034
83161
124581
140654
162930
58190
52816
76511
20147
5853
81486
78600
165915
47199
21131
11772
12532
64630
55646
9021
97885
61648
58156
6974
149064
89712
105310
156701
70891
76109
159947
25483
37258
77250
83447
36512
24865
58022
119825
103406
156296
48707
28177
31531
60935
40601
122276
15426
133958
78908
36336
140074
64428
165439
146515
26362
35876
5698
36210
12822
150500
94440
105796
151967
133491
65745
43497
46658
122957
116656
113857
40428
160267
120182
26902
167564
167793
694
125558
141401
141297
45965
86182
91985
71908
80502
47524
142
122819
121417
143547
114638
34356
62544
128439
161745
76677
62657
77522
15778
97434
40453
169078
165103
93621
108411
62797
47723
169339
39441
240
157969
73166
123417
73020
164633
96140
75101
118788
43214
94644
113340
143288
100447
149150
7711
142574
50136
112110
14739
75290
149897
52705
35408
135070
10354
118274
122567
126014
50066
17703
68859
80995
52922
134884
7023
139272
90971
21365
72300
38994
32267
125637
55860
29035
86992
50911
51481
73956
60750
60712
15235
60896
41797
26306
121201
3049
65881
32379
74287
64893
149288
17624
133709
95048
104197
74799
125838
148920
32151
131075
163847
90156
118294
27938
51121
64481
147040
79539
54736
70715
142818
130044
98936
52964
23942
147704
25438
159061
67409
3451
77738
65546
102964
149802
121402
31874
7467
75498
33944
126921
71036
157740
136004
73508
31221
93447
125481
70631
80770
37557
93668
103601
127905
31299
44287
54190
51419
27459
90365
53521
7116
137727
163845
41785
158491
91305
23624
52974
130627
5158
69163
143221
99428
123943
13628
107058
138070
7174
75920
117346
130056
10150
92419
45609
44565
102494
11476
71969
100296
36486
21318
152839
34973
43977
107861
159581
124481
155568
64185
74116
168830
29411
150704
169149
86205
129779
10044
22960
50283
36584
66275
115114
151814
105537
127540
151434
147880
120568
114421
78627
70149
29910
49546
113662
11019
159412
66515
1539
44338
134705
15313
69875
14039
53851
21133
2008
146862
62370
78547
77221
59728
121805
114531
5999
74762
169255
151132
143273
83663
34256
121608
140275
141950
39320
86104
45819
80752
79086
74982
123664
16736
106593
117547
143031
92041
117422
161234
133307
103023
66490
159334
70689
126178
128522
125076
48942
51655
36506
71846
138143
74408
130630
99213
102353
111847
9613
153080
146334
16875
73476
97278
108802
130384
80003
139404
116954
38002
130594
82726
114520
109235
63502
109196
27066
62055
26814
140350
139233
52887
137257
60610
63632
52832
58464
125971
81018
114158
164203
58318
40259
112964
127122
24948
69766
45212
91049
162841
94453
93074
50858
90712
131189
143009
81325
4769
103414
105666
112207
161241
141858
130106
64154
80542
37606
2619
153937
134694
54934
151423
74282
49813
102369
141138
80637
7047
85708
86274
40427
166698
37774
50254
147773
89585
43813
90835
99848
121773
74715
10592
35836
25367
128083
24814
161247
154383
144983
158214
41849
101525
145885
71064
108100
154542
44036
169151
122084
134212
161058
154882
122386
134373
131569
120778
25010
89061
65678
34937
166448
87521
99408
127691
10971
164094
33970
63038
38315
66456
41372
157200
13462
106956
140711
67703
84151
150797
76567
93134
143110
71925
5401
156417
153717
24624
37148
163627
49130
129432
36582
157461
19040
110793
158821
58982
63859
90425
22042
16261
136232
34042
137
113530
126394
127964
107642
16183
162782
14047
157095
124122
147564
136020
87948
56019
24241
28208
152748
37972
88176
126911
116073
140606
109337
76482
7128
150730
21683
129574
71714
89742
99175
122834
33858
162518
95533
168504
81245
4292
74185
145842
42847
13569
117272
123480
145093
100098
23152
18345
141581
124896
134088
43213
110902
28776
62047
4451
73417
44130
62728
167642
2513
27220
78747
5065
6334
131004
133030
67854
7706
148449
348
43551
100081
131710
78310
9725
161869
101215
14259
88171
141354
68822
77983
119166
52435
85119
53381
145843
167870
57927
100718
69977
5896
36525
93184
107819
71988
46343
141500
64187
10674
135691
55347
147746
84972
135498
71081
30310
46143
40792
98907
143365
24110
22315
62126
105789
39581
45565
155438
601
11668
30128
104682
162792
67736
12892
119594
144895
107298
94513
49317
33956
29940
35683
17512
35238
52394
24490
13928
157956
147611
31971
34308
7484
33499
2995
128019
93297
130680
168391
59859
2071
99229
15388
168627
164454
11967
105232
97936
66146
161777
120801
110249
147974
142731
121991
108556
131074
110392
44491
104842
127612
71773
127554
86035
98092
50586
12938
63968
34479
108276
71486
119706
137961
161393
115329
167488
21126
143254
88889
147428
70491
55118
118617
34783
91471
15187
6447
101018
68774
83410
9232
71951
161655
56394
103508
92868
83738
166233
19706
158224
119366
16967
115301
55253
90972
133742
24788
165054
158327
95003
146401
136815
147435
135285
15304
86060
6304
37715
124248
117098
7417
8084
85500
101575
90148
124902
15975
50141
108147
134279
160822
21173
20426
44027
53140
646
150933
41302
6848
114739
82704
9728
93207
47948
164032
108227
63396
12438
133251
160253
38788
136859
10403
71937
35602
10009
66422
157348
7475
58745
54347
30351
17008
103602
117181
41710
15564
121612
24813
112211
135233
154490
81642
5266
42911
27456
16573
97797
81168
48337
51890
142178
167676
61630
2628
124179
844
105719
116871
131378
128380
125858
130584
29779
78557
156860
148325
40066
80922
79446
168383
150482
163648
23873
143088
109808
111180
66171
26255
35693
168603
98955
116709
31625
74114
12287
47065
63586
134920
16770
156361
140602
49623
45087
9300
33364
43495
15776
12119
132685
130064
114840
16836
165240
47466
1661
153992
99128
119325
115681
676
35508
123088
94390
34781
2901
166038
44420
135889
105431
162857
44605
38717
99567
94352
35815
3200
5883
130637
22919
14898
95846
152998
164016
71646
70021
47589
128389
35494
138100
18763
142071
59248
101765
165611
121441
94233
118899
163819
138912
68904
48873
53217
45646
105673
158555
61677
137080
106941
4097
100709
17443
69820
120205
3300
96323
60699
37231
378
20404
126652
33191
51532
2802
28793
31655
138194
122475
151167
114024
123986
29563
89812
71369
53190
80920
15486
46535
6685
28567
153421
95952
143217
58487
57012
131350
31096
103244
65231
104901
95932
152154
148556
92376
122267
65893
98211
77566
142244
26275
98535
105019
160771
131237
60443
12942
100847
65366
35248
51345
55911
116590
117728
157708
92878
9874
130158
38529
156888
61310
43319
130452
84101
159463
18791
97332
48857
865
144588
140829
164270
93245
7100
37035
142336
159219
3542
116801
55996
116452
69377
21441
83932
77304
84464
123341
47884
167632
163616
104239
124238
137109
135441
133108
131534
129657
74468
113146
42333
79030
13707
103025
56096
58174
92458
98968
167081
50207
152672
8202
147734
98525
29336
100609
123826
32280
156728
98979
79577
132860
35255
29076
5264
104226
160674
81628
18166
154323
51578
2235
159757
26594
163594
8568
97231
92914
136860
92195
15351
72994
107459
4237
83681
120581
35
34094
29284
7905
117315
68841
114243
97706
138474
114308
42961
9688
83815
45153
92493
33921
49683
11244
48547
112469
44652
106623
133401
59457
621
109747
3616
47716
94836
137663
84231
147629
14740
87546
139025
111469
58062
139744
48580
122050
39938
156089
104130
70912
41937
36218
21880
86184
139630
126961
10527
90053
54070
137534
30359
65876
1939
64078
121874
17039
8461
71376
64811
41348
29697
99454
141530
110584
36249
26530
116546
15637
100681
56570
128777
61761
69517
34721
53269
168810
143010
150602
34425
83733
67935
40742
7409
39933
67931
74431
34223
123476
137484
93930
161788
69346
167763
126056
67216
112542
70243
97019
59510
50949
60524
23481
101694
71058
141728
164571
70941
143741
60607
82724
39048
57027
31592
142264
125663
70948
5010
92359
126683
156673
66124
155250
134368
158262
19083
167168
7268
132527
99800
120145
9868
109012
167145
9308
27957
10551
155384
151394
114907
17235
27421
5405
107140
130732
17781
11305
129744
62649
164068
83425
74446
125401
167396
130662
118183
128360
119030
157571
157359
58997
49854
43168
160951
5817
74990
1288
124053
141989
139103
47577
159077
103844
37680
49703
87398
92538
115751
139079
92735
98960
133767
121010
30179
150273
153291
38066
24362
15626
35232
115267
133440
21559
97759
46
11972
14153
94213
22509
160472
24960
39000
162653
15086
30229
3989
162419
27325
18422
19858
110245
6936
84367
158574
48655
8005
78686
9962
49520
156138
106966
39805
91194
76213
114311
158369
97342
121456
35500
73259
136367
24997
146208
164961
151629
166433
4207
54136
28042
89725
45727
133535
117704
94876
151924
167231
114816
49662
59877
169021
105548
91126
146255
66613
113328
168142
444
11281
112824
136027
57935
70026
105635
141169
106628
166336
151837
31861
125504
168718
128451
127054
160429
136714
48723
125787
65308
40705
98135
25080
8193
38355
78888
160038
49748
137040
137055
116600
11262
115655
91953
163696
165279
131424
20909
65105
68256
94562
92616
36816
108164
9121
28672
164259
36966
28186
18232
58892
87935
30548
128278
12405
75851
38938
53528
120885
17551
144143
26771
62335
131862
159392
137840
99240
118265
86956
80317
92242
110352
41914
107463
87413
76146
127891
84316
11670
105218
89310
133267
143621
116882
22765
169068
99655
66037
118708
53602
67890
146062
29206
139757
108834
168665
9582
145204
76485
105
96249
97400
83870
157198
54598
81242
58822
122305
96285
153262
117530
20719
11360
69614
25035
133341
32353
125517
25555
75509
12212
20605
111809
16508
116702
97018
22756
149139
168029
141126
87702
75354
104870
114463
162140
152040
125966
132649
24269
22794
46272
99713
14053
153587
68864
126743
73661
135304
96982
78335
103641
71234
154531
37692
80560
138067
94949
1637
124390
157516
15196
114481
68673
128840
161515
15143
7250
94469
95559
113180
133889
137061
14776
7603
61985
2279
68863
3551
17822
99461
116864
104153
49776
10098
31907
109947
9379
38143
140252
86781
74994
107990
168301
106219
149820
167044
3519
95877
75320
122861
92888
425
129656
103115
83026
52417
31500
53513
25662
138349
40881
64886
156851
136291
158137
134996
138115
100636
38119
56364
46744
101656
17683
16957
24370
120873
73360
132253
78054
68267
168822
123276
54202
32743
128160
46104
100009
159292
58659
58988
85087
82502
130460
6689
84097
24207
38037
17256
163137
121913
105348
49129
80614
26321
134948
13451
46616
156775
169253
55536
62441
60627
107352
99026
145777
45069
120402
60785
144889
94328
60463
94362
127668
79325
8354
138765
169271
22459
101853
25127
5336
104284
124988
107196
94210
139979
114154
69133
168434
58580
23500
1768
117427
166131
20906
44463
13498
163880
115060
25608
37685
124065
84991
4046
151600
98996
119097
129340
88980
111132
102444
156885
135704
90399
29977
99
58504
102204
32476
75648
119813
58230
69303
1210
149418
44379
111584
153978
135648
123063
40880
132872
76399
78814
154256
144866
30718
84772
132694
68215
49974
154721
19907
133991
99697
144401
87065
105755
27048
64842
133590
92293
117821
155497
116263
20033
127097
34433
60828
23115
87428
74778
120906
64494
32602
142830
74988
150220
12231
32147
125463
121651
71075
94936
35319
69069
164437
60652
130603
164058
79662
30058
131897
85188
125176
81663
10625
123365
82650
37468
149826
125739
130415
112028
129920
142916
143066
9686
120269
5163
119801
112985
123120
61394
61398
28190
149965
21771
48312
136684
5124
161159
158721
4201
85427
11232
157965
28706
105601
8437
111977
121607
167152
90956
100136
118971
157574
121303
87687
107586
10788
68905
7334
122001
35551
52039
140530
120263
105050
96516
28979
3892
123794
30883
126772
24608
143702
88234
118353
168270
95773
89366
39292
24598
124128
153606
66363
131019
36868
138749
10499
21691
33618
94300
156292
97596
35091
33116
37055
49053
139689
110778
129239
54020
17597
106021
100983
133271
71904
152375
169122
135980
82732
125792
158962
68148
45325
95912
81073
109229
90456
147684
80919
25748
163000
22995
164163
147719
113165
26963
147556
139447
148898
42742
46590
18350
157597
36685
40772
6560
169341
164941
107553
139646
49804
154463
142551
132788
2172
137974
165013
59864
52013
69809
80311
51721
27551
150060
12940
20096
163051
37879
119936
68018
111236
100542
46323
48487
67259
8140
64029
125728
8614
79593
130363
94954
114759
165137
57332
12429
10292
88708
124103
51726
40255
149202
56708
156656
13739
121955
146881
546
128417
125996
63487
37251
30249
117987
101587
38461
168261
168091
104548
3008
42995
2266
150950
148763
77525
135045
87587
24609
148951
143823
130297
15643
129483
104426
62902
35095
166221
60711
111556
64633
78465
112937
20763
158636
35670
1444
86771
89253
36553
5365
17934
104275
107578
141371
110963
41343
158946
19699
3329
87131
150241
61797
102391
145684
62285
80128
77386
89265
17585
31587
10139
99484
162643
50929
36126
4357
53703
20371
125120
60265
114148
123880
162716
95922
119001
42046
42762
3036
83092
147132
96065
106780
100615
148753
165268
86566
19166
18135
69053
27627
104974
97477
177
154554
79163
141709
152717
104544
91155
29768
47299
60168
81629
128128
3859
159458
71363
52326
45097
53324
163552
71090
107564
84584
34617
117586
152016
19676
26614
44272
12175
27946
75204
60736
47108
131147
35286
125888
30848
155254
112407
46483
138567
43415
130769
153608
2860
52570
63817
141446
78023
95122
129229
7494
123670
11475
145819
157955
84145
88885
10014
126141
149186
165795
73272
70792
76265
12021
76608
78089
104243
111538
56650
17032
16672
86353
43867
50605
22383
109239
63052
31378
63713
103870
137728
90501
7813
32184
123930
160032
143168
50608
164052
3830
91748
158649
49301
158373
106177
15498
106763
116308
10877
12867
128545
7818
33131
77493
18399
147342
126530
161064
155256
45452
147612
60521
96943
46561
119948
105001
94396
143588
41364
152965
52499
51480
51245
157657
145281
3767
62908
123805
21609
44052
141080
119969
55235
101064
126666
57324
102682
41769
84033
135608
61191
25460
127876
160171
157256
126305
54048
135172
19168
746
11241
52607
101465
165027
164219
104061
3311
86227
97022
5662
85752
40083
26045
12499
9429
145786
134223
18055
98782
31623
156816
4307
31621
25440
135332
167612
84774
141227
109455
106038
157816
93844
90140
133779
148838
82832
46919
149274
1414
157413
98264
129728
131573
141248
144850
65945
2297
149485
122275
50825
55064
163302
102625
85240
121931
56194
6462
88872
157474
57545
132168
31647
140979
68610
100749
55431
7293
165166
160736
100380
82247
13282
61847
53191
25757
86666
5904
116880
33641
136736
16966
138479
101139
22818
165120
168587
21162
89644
102921
120298
85293
52504
52354
52776
78704
123992
135311
93648
2683
30016
166227
159065
140371
4477
31264
27297
164611
101030
56803
53261
15561
34268
31831
136286
20640
96236
70695
11416
106729
153463
168324
102743
114708
104207
34859
4814
51258
156191
74769
35596
120132
106536
93426
33564
159536
154755
13996
166187
158072
107891
136420
13564
64626
38925
124939
122287
38289
120218
120337
78569
110664
28087
17055
40788
133531
104236
65844
86643
61615
50083
16699
160716
42737
65518
129761
102840
114553
66759
94975
106093
112094
34395
18053
113228
31258
85883
46043
147446
105539
153523
33188
128679
113715
164936
21679
101488
60916
24546
61813
2601
123750
95926
95604
17243
42643
130736
116713
143355
97473
9938
134238
125131
21180
125349
75832
97656
64223
157221
30477
156012
36990
150268
102811
82309
132462
11174
59025
107811
35743
76638
32092
70032
94597
42260
140748
141497
148155
52793
93623
58918
158293
62124
87099
74594
15467
89876
63339
43911
129964
127543
113566
16470
130235
37323
105009
81372
162253
64198
136568
30621
7868
105406
42462
27358
6412
97358
113241
25899
85150
49366
40671
104748
87069
42005
51684
81539
80767
12789
79983
161145
62830
88618
137903
147679
155691
53491
91232
71054
10744
77890
148242
522
95348
13728
132364
86163
102540
100464
65286
159822
60680
21977
163416
150922
69421
84190
43394
75263
84677
165527
60350
32661
39437
43395
128918
98648
154572
42066
147087
58263
33253
122808
51611
166284
112167
162441
135810
104775
149799
28448
144352
165794
158891
65567
158461
57679
38280
133343
76493
86439
150610
93345
63353
12749
59200
26535
123824
163213
87989
154285
29092
17435
107310
13420
10585
79184
47496
63386
20667
164038
75646
4146
125491
46804
112536
75303
101438
3708
88787
164679
102837
132854
42823
145055
133345
166370
141694
151713
2472
160132
147816
57084
19192
32671
138197
29460
132646
120561
41350
132453
51383
28804
86514
52310
64381
91003
111089
91620
23788
63166
78516
118193
41788
5229
153012
84113
15435
152055
97395
149343
57723
7585
120706
58468
46176
129164
42090
141386
127087
26034
48351
116649
14332
35636
111996
138628
89845
150253
62300
157073
127106
131181
113752
35281
76093
64722
36041
168930
32666
66534
152229
121457
136566
44547
146421
145175
96876
66582
98009
144562
161859
50421
30847
61060
115350
19085
158717
155078
33437
43762
136346
110820
66873
56456
112154
164468
120604
44864
91422
110306
77530
132218
160405
132978
71281
51734
11198
134352
109901
169150
134034
71382
92807
72841
64479
155925
88623
56724
109325
70674
121669
47038
22505
55654
39721
17323
64430
545
139658
168937
91587
70771
55506
143074
42974
17618
76003
36070
21245
14456
121581
143253
32946
2679
161913
68060
84247
59444
33264
75080
145613
137169
44370
17259
10320
56380
29688
80607
57912
126953
158235
153224
52563
105212
56995
19764
164118
70664
57203
168911
96424
35409
105062
104923
158161
82870
67171
118322
102145
119285
128290
126063
73934
51682
63390
100578
75795
99062
7087
31412
62841
26959
138641
20632
51156
140099
20215
154632
112378
29089
161866
52353
81928
36947
135371
149731
53462
14813
68324
2201
113069
29703
54061
137167
32814
118238
11904
106572
55737
149194
117029
70886
137360
143115
46839
64968
67557
74128
39952
76423
80626
43532
149648
36225
14520
153122
167810
61499
39857
138123
163585
159700
45832
95279
11788
47300
39560
92738
40687
59792
111596
107366
159036
6193
16248
63871
44645
63170
113598
99097
17199
32008
76574
31097
115519
160765
147439
11325
28769
32900
18464
106479
152513
164458
5091
58282
13143
126639
84177
89966
74657
6595
42108
137694
114900
74054
126774
42885
28126
141565
135833
16690
88798
79966
165260
131841
25207
78227
64412
56390
143096
145018
32954
160165
102693
20950
124685
27293
95301
72591
91499
155820
107653
103528
38817
24251
40225
26939
2127
368
22291
13755
3677
151501
8816
109421
156883
72401
153145
107199
76043
60946
78351
72845
157650
15102
45251
87242
9283
73945
81821
22152
109330
62130
129002
95584
12144
44746
159493
163758
132530
14493
99975
36780
11355
29915
75981
46188
165095
109694
104750
90129
115515
70645
31532
129311
15647
87718
62577
140428
59621
127785
57688
7733
50390
122583
157683
134159
129992
119675
154378
82923
53075
19348
133898
51785
54581
159659
163496
41294
79257
51766
46170
80905
107094
145830
162021
68128
131466
58720
146126
147749
156752
23081
162601
69202
46262
157746
11558
50757
45899
47762
9882
123275
88712
101846
149091
3698
165909
75597
30207
108786
106305
29327
41898
19824
92077
24910
124811
57876
57307
84513
115901
33410
32203
168343
59923
63153
166757
113702
148946
104554
139039
42587
81563
109185
135206
149267
159676
90744
61738
90241
113775
99055
167388
32730
48988
142498
47858
90032
47711
77632
143821
97338
151363
127797
73474
58213
152078
53907
23077
166945
158582
133987
15904
26381
26233
49473
60591
151480
44827
17545
121397
158765
143268
123046
742
75684
93920
108850
44848
95090
131954
135169
103340
69234
95222
24453
50239
128453
81615
169140
149579
10968
83458
75238
83646
120100
85964
165349
101117
163260
86171
11344
166669
48372
83902
147402
68832
66264
156062
67118
50972
35651
109238
62508
99541
143647
40786
43923
167898
163422
13898
19801
83928
154514
162635
127112
62548
150973
31506
9978
162696
159300
132496
38923
49657
104663
142144
140444
56049
17710
20097
58912
83206
108407
148256
168336
115249
105224
34971
40158
45308
100873
77313
38852
11800
152152
159975
100367
5087
13163
149239
148239
6751
78755
153808
29136
111961
114297
73435
154315
131882
125939
36217
121987
127893
151002
14389
13638
45126
8827
89832
128753
70318
158578
148477
119514
74664
139800
150554
115418
44531
42651
156528
113881
102263
147732
71924
28879
133202
150042
28745
106491
99185
95337
35242
36288
27342
100586
98096
130555
10868
102428
51090
126590
4824
125870
61090
98322
31575
161908
54968
66123
32224
96712
161638
144598
58635
73442
46279
146865
93790
32570
104288
145590
123256
10937
155601
129732
34239
138871
146239
149905
75523
44902
98188
130378
159812
119999
72557
23820
112668
31865
153501
74250
94974
80790
140786
59780
130146
166416
34440
5560
41074
129257
151291
47258
167343
164134
162177
512
33959
39
104718
147701
133959
35422
44609
69595
25259
67345
36379
28034
43868
42481
160138
154617
38020
152486
131550
418
19406
88032
19681
166601
106047
81024
7339
143800
54
106903
3692
129221
36456
36911
6841
18475
89636
60490
44298
130665
57992
61023
70407
74987
9702
23172
104487
105764
127253
93085
154261
49915
122628
51591
142328
58495
143147
24947
62977
154144
104862
124468
149441
130945
56455
141113
133435
76022
160945
163775
153211
123267
157579
83304
146325
62752
121806
106289
56438
148786
133147
160285
125266
97827
167534
4652
124097
135098
85844
149988
18130
18228
70450
53455
85280
33943
32805
23519
62069
5034
122627
72222
62598
160237
104837
134499
3281
31883
89566
33809
159599
65307
158857
3818
41466
74934
17995
26877
30537
924
95527
121894
36614
115059
140531
129288
78802
119958
153186
130787
69404
44962
92948
126077
52846
164781
75340
56283
114795
13446
111901
36725
23328
4590
78322
24406
50374
166505
8790
20702
162421
103727
50231
72970
54850
159889
3015
73548
103017
161387
20436
13672
87114
158742
142571
112184
160458
42206
119566
89649
83099
44629
48313
44282
105696
90221
23807
54394
91319
84222
43084
79848
93041
106849
113628
141990
4252
113245
101794
98589
52593
92127
66624
83574
46717
116595
31892
103633
116938
33987
131731
51328
84042
18155
57649
129485
140556
53175
60722
8890
89519
164517
13840
166940
121001
26406
52719
119491
34431
88726
138785
12865
139949
40126
77181
147938
103130
230
80634
4321
32786
26179
130347
118123
127126
112884
55072
152807
118562
39203
152745
53971
163556
26927
75300
12374
153007
147832
71211
42610
20936
167703
166153
4547
165748
22324
42287
118404
57075
2265
63260
12316
76521
124044
76651
99640
137034
164574
87432
24558
98741
6915
12033
20152
150130
9222
38750
157935
23990
84793
132113
4115
99353
13022
73762
73464
106710
33238
133275
127528
94417
49359
39482
1968
57123
80783
151540
60611
752
15231
74117
154811
10105
129848
25066
100374
53569
56404
126675
113849
51016
129860
110649
117858
49968
51882
63429
110754
31603
42146
79444
132268
43263
80751
1927
130856
73260
136066
54427
140814
69396
130161
21688
10976
166889
63087
144673
103006
165547
51337
145908
144533
40802
137990
106428
88232
51137
145846
17140
9953
86052
39409
100997
96722
65845
71384
79679
22440
14842
123202
153253
152248
44984
54288
52218
78528
128222
45432
25013
139745
1549
51336
16522
21897
42320
67222
47
141295
122309
83935
86606
68027
153212
109430
17365
92083
54965
75097
47309
66203
159665
20476
123025
167328
51563
63591
149233
152413
77312
64662
109654
61421
112486
164592
35179
112190
101817
127597
72694
3039
41497
164722
4370
70810
27468
163813
45225
40132
36942
12264
138060
144221
75218
126012
59496
106744
144301
33781
30399
28028
81824
71861
76106
56400
156128
108664
32902
82534
12962
133984
142833
167969
92637
152674
41595
168081
3588
29160
133744
73701
72785
156098
115976
66209
62952
