146595
128014
13191
35340
47380
36551
108860
128453
51838
126725
130708
109601
116230
24632
23645
141080
41404
149261
98238
34891
156499
56353
109515
164518
60940
15499
112866
20281
125601
165182
20488
122739
97450
106298
143105
1375
319
15052
110479
89728
48066
2615
21004
91347
108293
56941
95409
52112
166664
116150
144288
24917
167060
158769
143100
120156
118666
145160
50301
48538
46249
1940
138372
22784
101725
163280
63778
52217
15855
70129
127687
3536
126360
12236
77621
30547
98327
19084
100653
38485
103164
121624
47521
149037
108361
17693
90197
119154
70978
90680
139470
64807
85631
87054
136420
147925
152916
37751
54976
50938
109795
29059
70293
43620
21994
7226
67443
75911
96732
114038
97845
53437
126807
55131
124666
36278
56615
150097
10727
83209
156055
110274
86884
19561
155242
93777
13041
8477
11620
55384
148807
108422
137416
151867
120787
41362
2070
130645
68117
124911
92492
62159
55139
114605
141205
129890
168308
84269
137273
154180
60686
108874
99690
82852
56521
61290
101878
132963
38514
145335
111759
50567
72808
77719
157228
64831
48902
46205
112104
108756
166582
38398
61745
108192
20092
144782
81716
41772
32284
486
21097
48128
137027
95773
155397
6153
102791
73649
159267
31109
74762
5966
155436
93536
147158
109760
63119
23028
3279
32047
51177
64258
15712
69943
84097
148978
156143
23499
41569
63914
82610
54686
160525
65731
14076
23736
1698
163648
139107
53616
137119
145478
128660
16042
60557
85939
21409
29471
165258
60313
126002
79705
101922
69854
124289
101500
121131
157391
163346
78213
57670
124863
101987
40687
33394
14858
106322
118059
46204
51360
140234
106479
158034
38962
79145
132386
78828
61272
106609
50738
126069
146173
37762
74738
91507
23947
84081
126426
106888
80144
24314
146377
78536
57529
59362
121761
106813
134448
83327
57639
79865
49666
25073
124811
157753
69143
112404
56762
14260
31450
159984
77366
164314
147109
119224
79957
163685
77437
70655
88797
167313
132827
55549
135447
111651
71575
168327
267
32416
56305
102297
7128
34646
129124
50877
74549
128439
53444
56050
120085
55796
76225
71856
128648
122713
82518
36193
53725
61254
31166
29036
104674
95386
67470
37085
117561
164707
160119
142470
114204
48746
115555
35832
10604
21358
136033
24214
155578
94713
18098
60274
33317
37307
58845
73599
89584
116867
78550
114248
165655
78965
100206
144653
33448
160445
69238
44431
1480
114585
131257
49961
20295
58271
140738
100961
125988
43181
113063
161862
25521
135847
68395
64081
110146
147675
136895
106397
27900
153163
44911
3461
144124
57246
63307
127631
46587
67627
126405
141836
97464
21696
31464
145573
159252
140772
157212
88901
91889
104280
45414
39196
100495
55444
89779
45095
41179
97349
102780
16481
26839
109904
101286
44228
61912
68900
167616
32048
46227
104419
76040
152992
23486
168394
42151
139979
166083
124266
80719
19005
107014
90865
114645
43506
18888
147484
122763
124141
88666
60501
56222
34837
44188
78581
163682
39570
105347
71228
149189
138619
139575
4548
106636
109392
33709
56783
67922
10659
114457
159228
138080
68534
5016
134463
120249
85194
80574
140698
90262
106905
52438
124628
109764
959
64744
31661
153360
34391
61785
155782
72118
59295
166798
46188
51065
92368
45660
73658
22126
93708
106450
98084
34400
82074
16663
75885
133067
124501
12931
16109
27718
122509
47681
108236
141813
9763
23702
160873
104791
74182
154046
62922
167643
75225
156013
75576
112447
107061
7100
74012
11247
111374
156690
44896
148842
135515
27098
60327
21811
145826
9177
19641
71874
28621
154916
103877
18085
121095
30667
115958
100207
43427
110161
135251
145746
156683
57614
117794
93283
70548
54051
164401
36133
76692
81450
79874
74780
122600
142923
35313
111637
99157
58693
168473
136525
65089
86829
93607
131153
160469
67387
97218
29395
64088
164879
31406
48408
83755
120328
126039
122605
77122
132855
92752
39973
61316
83455
131262
35019
89624
163171
44791
167539
47396
105103
108167
19136
18313
130370
40219
84860
84878
157878
110862
165520
13081
118385
166384
86344
136216
462
71199
153037
2686
38380
122727
120876
44558
76321
124733
38293
7863
9330
83821
43778
168754
127763
141274
25707
80844
87736
35081
110808
167404
95529
155157
67189
46919
164893
156960
160959
20994
103850
32807
16803
13977
83075
161319
64177
10425
11750
70046
108265
62189
70569
126840
79171
44936
44532
106094
86349
49582
32274
106089
50230
1927
167995
57902
124462
41992
146872
44781
22619
145207
163297
95449
20467
29755
163128
91670
22736
102268
66047
120126
14809
148267
156880
134282
79849
66349
53562
49576
4406
31723
11648
107323
113745
107699
117185
142109
81531
92470
5736
130811
158923
4217
152922
131428
119070
113517
76852
70497
136496
80474
73878
87131
40152
8855
79527
118485
39812
70832
57517
130202
87280
26997
57501
26837
19130
97002
61246
8269
78639
56738
130585
39375
138432
86396
92856
117106
103896
59921
104283
52947
148353
161644
122559
83195
132630
89573
104985
83537
153372
167099
28909
83041
140417
80473
134127
32922
61355
117869
124444
17193
16398
85441
146139
138152
152924
149830
98762
130628
165200
29094
91135
134439
117165
163347
148595
61580
142921
94021
24353
116633
134414
147031
150138
23866
75503
139351
100102
107649
8382
131579
115203
72469
126776
53593
44046
131067
107602
136787
75050
10828
52460
19164
128156
45253
47038
20570
160370
1993
77004
63030
26578
128605
109152
154800
10280
140438
46101
65654
140805
26060
4769
18669
110569
12164
55844
109059
26503
3206
57358
136589
34426
79150
115934
108880
21281
37004
105211
95400
34022
64029
132370
86208
139353
36316
19103
113944
41276
129834
126003
89058
89918
134020
79889
141571
8982
95536
33022
100682
146803
134289
81956
1308
157860
51275
95551
34913
90099
50895
38004
144452
98847
34925
13177
132071
127860
128556
4558
87833
82948
131926
49602
139432
151649
130321
44502
137665
167690
131874
73862
89256
121545
21752
123581
99273
85352
157535
91554
87365
12809
108184
77212
25473
35271
141294
136595
33407
109054
99838
35685
68618
90956
31938
58539
77844
20383
133359
100390
67226
95263
38034
41838
60431
9449
78851
90821
465
11542
74102
29409
96202
51675
146354
111039
42189
101050
145768
34540
51266
60839
57323
118111
166409
7089
51638
86378
95426
138343
2610
124590
154768
81805
129921
85573
47861
159820
71748
31336
148200
71528
156614
125500
137510
19718
99460
66776
21431
105831
148080
49590
153002
77338
89716
23525
114662
147361
691
61275
150042
57765
9074
165773
91848
45144
88627
4360
23476
147523
36730
77884
46634
10844
65751
59627
35497
118943
163562
98014
29145
70378
102770
43106
154225
31527
7018
37240
123745
81053
33003
85198
98360
114998
27442
148105
11119
162738
141603
16984
20121
39835
31478
89122
69573
70067
162320
95131
150411
33507
76848
30708
106673
1533
7211
40473
7265
84640
103872
125904
162682
5824
132876
22660
111830
44800
12207
119470
110612
6801
69141
46719
71227
128256
112376
116405
67010
122537
21404
108401
88956
97353
153486
122382
36698
97740
38014
44227
40895
84727
45040
123173
25705
11619
104894
150772
54199
73771
12572
21615
26545
153476
161068
127790
70121
27343
25070
145004
69750
98501
114492
42813
118441
95720
160591
1516
13708
112591
18471
42029
113356
55724
7276
21934
152659
78853
79469
1069
73638
45889
82493
61133
72553
41589
30852
83478
45079
67359
96113
102400
159308
38535
74079
76687
25559
83081
85875
21083
21731
139221
139852
138216
155889
113485
154453
135184
155316
129394
71037
45038
61508
106975
69109
3087
82804
134782
98172
7270
82926
155520
155091
101011
152886
49806
36411
38816
82243
131128
14776
94741
132084
157851
115921
87642
167466
168173
15802
137235
157334
86177
51704
56183
74000
84573
61784
11370
104605
70066
112796
137801
63425
120620
140915
2367
125024
43943
152704
76023
125347
32414
137300
132333
91204
24009
98937
161858
114472
92762
159414
55666
147141
111536
75532
14351
85943
118760
86323
155409
98456
73070
43954
80877
87698
41009
2081
22135
127574
138381
17007
38864
57363
94534
104990
51121
153267
125022
31506
134698
95664
914
21860
111334
163392
121028
37685
164216
67783
115432
57202
134556
6021
50308
121683
101783
42191
33542
167074
112678
60794
7978
141195
80296
16988
165757
138912
56635
31824
156578
4479
99596
32337
41976
66387
151001
50588
54928
30519
103569
138833
126937
31708
154573
80938
72910
35585
154391
33366
128131
44260
54814
16352
100197
43694
17403
53992
23937
25439
167831
139113
48621
123464
164080
167531
46274
116139
71961
128560
26334
140811
43664
33208
118675
33939
84277
64263
7505
36228
95559
67767
160967
9197
2499
79394
71503
1196
12582
100051
72973
95507
103626
35999
46503
119467
126131
72528
98665
48964
130858
47800
49116
142890
82503
152990
138776
154284
78831
15808
125571
84803
168508
12896
118270
58781
84571
128509
107912
77754
103579
102633
6770
144549
124969
14390
93622
158272
134702
153380
98090
5109
22318
113360
97280
168971
124649
23924
96135
93707
110872
70460
145519
6281
79413
124328
158765
126741
82048
132339
135008
25781
80375
159004
65811
28532
4114
84213
53024
136404
70391
134750
162814
126769
27801
34557
89999
19245
17800
43150
148475
114672
122275
150163
67551
120091
141353
66396
56717
62141
114407
32429
33670
51299
131551
64283
65185
77410
89885
73536
25033
93307
17123
119032
57129
92421
98082
34545
165719
57243
35267
112345
51027
96825
79099
15366
115469
20906
120145
107999
96965
31393
158177
137188
5651
151407
79176
10256
91421
74653
55944
91255
56034
41873
415
117593
113479
146742
24937
102186
71403
20344
17782
134203
123742
168656
30221
13422
148745
58361
161619
138087
143443
148118
103646
48625
26563
26827
106767
2530
108336
14291
105409
41210
74308
119991
102255
48679
155355
146774
47266
42884
116891
25626
16415
154078
29361
162262
114729
32228
22904
98341
133759
18239
99877
49320
72082
97826
10641
35475
9030
15653
67247
166841
73563
101196
40270
32170
46405
33087
154166
61243
61940
32943
111187
79060
102555
47558
93857
27334
77885
120582
63912
95609
56642
120446
34467
162830
156196
126267
141459
112411
82489
956
167943
6423
117666
56301
53785
66832
115145
55435
68804
37697
77082
89109
17077
156513
100460
127231
71289
74456
108774
56970
41518
47067
148127
15391
155156
68370
62626
48627
101643
23132
100975
56411
54643
28521
168391
37565
104853
97108
138968
46551
117394
5357
18103
93517
161634
16388
41649
114770
125034
78216
2903
69044
99325
119895
120578
30240
24370
101441
85911
117776
7252
94742
77474
97306
68288
82504
161926
48878
109449
15674
2805
165318
96778
87918
72680
115031
149859
105626
76997
152979
168030
38515
24038
11141
55803
156798
114057
40100
8610
99758
124486
79285
106659
79406
32173
138724
164109
131360
96155
15271
109046
136036
23823
27147
136912
9935
20192
7349
13659
80064
137836
38860
9984
124223
20321
79977
66697
40776
47046
50258
72963
51790
143411
125526
163729
148835
47968
162919
65637
7199
129954
103472
143186
69056
23827
13558
136635
145861
48516
91124
123153
97491
42604
152769
145037
161840
31737
24932
168498
58889
73200
73566
23127
40636
51036
27931
2412
127465
113712
10081
26967
124045
92819
16192
118044
96193
131013
40443
19949
127739
39454
158084
92122
113830
138554
18445
152394
73140
18130
17586
48193
76320
98005
110223
95187
98375
8693
162330
60456
160077
63448
142652
108621
16302
80735
95001
38982
2806
134678
6587
106830
106168
77232
140297
138755
7025
140467
85021
88711
18896
44655
44412
166157
8083
71917
150294
120987
62689
57855
144216
62541
35332
91857
85618
32715
91082
65639
124105
137095
43076
24174
42774
18370
88013
39630
155071
34082
650
77035
70912
119388
40154
124138
89350
20550
94511
74058
114397
66712
140645
139738
129547
94186
133809
72992
80537
45114
12692
27639
25076
85657
65940
162580
103974
42486
163618
109224
124507
148749
86534
14794
17152
14326
22105
81504
81235
15978
88589
45312
48932
16122
50958
157059
54076
61773
72701
72558
37929
114966
25151
16134
125875
71041
50240
152084
70930
168842
43551
41509
43182
68148
33983
144004
45069
112100
149551
52805
167583
36116
87333
1438
86748
8340
72685
54351
131581
150730
168657
51605
121161
34615
75564
147872
9002
85542
88170
80547
155130
93484
162308
104230
52792
157479
124028
65843
122826
121554
37998
110801
86747
60467
8880
102256
12647
153024
160740
87528
7206
156766
139352
83895
143655
56002
133367
150253
48608
153314
40223
96696
21122
136041
145909
28027
143536
83738
129583
39599
155713
159126
54275
128250
70736
159272
45254
130491
158826
166722
124740
158914
114816
22521
81643
105490
115625
93223
148706
116868
86040
25168
128226
5995
23916
157537
122410
64646
33275
123951
41180
44758
51408
85300
28672
77208
93277
83760
83588
28680
154312
70006
64100
18519
52073
74071
37722
60374
47374
159276
112900
56192
156429
16547
41881
4939
14266
11023
111193
36992
165620
89824
67032
11601
107391
109783
34821
28358
19382
106728
119080
160254
122504
16558
24996
64074
116635
47629
148611
145287
150752
10874
16296
41038
150145
102487
62259
97355
37827
125533
142052
144489
49501
63630
45213
89447
6162
108611
86398
99490
61174
162686
29521
82835
58094
52394
42106
56994
156356
89309
113062
98611
93661
70538
3395
115153
13014
169087
58195
70446
79500
97597
11578
4018
133605
67388
79816
51059
169121
11233
130309
12307
75696
107425
80267
71852
158974
76654
47545
22291
113967
32989
32374
151957
24049
96848
9062
169115
77516
87630
2585
98616
33897
25746
47400
128985
160125
78870
55235
163442
2935
28669
121380
155027
13675
75113
5833
101581
41658
109509
38190
94755
54806
129728
131168
1706
111257
157260
46393
62172
25615
10282
65067
152408
118519
87385
42340
99004
983
26729
19667
85912
39061
97626
71857
2979
151568
89887
167113
38792
118121
127853
73598
136557
47929
62896
106981
14448
12125
164241
124919
154010
162942
137663
58916
87520
117030
149548
109395
80602
14451
25477
18377
89189
60727
120480
106494
19139
22088
81379
125220
68221
56535
142086
133884
120864
150061
92599
138937
63615
26735
79217
13483
121876
63358
17625
23706
108884
44269
59500
101245
66842
19479
49943
44476
99973
141548
110339
125352
162429
77358
144358
66937
4860
154753
58870
1147
121613
165168
11206
42341
72126
39010
59148
104722
83789
159666
47591
165714
161413
110437
63360
5589
44331
73702
83148
51764
129506
113643
13615
162918
121584
127491
150545
77857
32405
20827
13219
162218
154493
147598
88100
54918
37821
158662
114379
59618
186
136138
149063
47442
88691
137135
52764
91141
30123
97304
144679
27555
109657
117423
3334
89568
93811
60585
31139
57368
93589
90336
73146
42647
137509
42873
120224
99011
59508
128514
110216
70445
103056
149833
47304
124390
19623
69591
74555
41192
167434
105751
156242
166306
20347
35582
167969
67245
149850
7366
23830
167567
93756
64248
153694
54028
40790
98538
137234
162971
64404
111965
90387
148915
121047
28353
127293
135657
16629
42695
159404
26812
27362
149170
1999
153795
90733
43539
95222
4751
19562
98797
117824
100371
16017
105682
138844
159578
159151
24961
61762
74671
107785
119054
49734
78671
122434
27978
166854
56288
121685
80193
111359
91103
123718
158821
63270
7583
83848
39071
145998
74116
47155
54813
73762
161252
79637
4362
94103
148153
16588
166044
64812
71977
82623
34788
154536
166757
61225
21054
140125
167548
135345
91601
81515
15026
93714
115422
13923
152655
49957
67386
162198
108591
1587
162666
21847
1490
8552
82505
68220
90284
69702
13343
53550
142563
94440
121478
106657
78947
20774
75012
36204
11078
160580
34827
80658
143629
54228
126981
81083
73241
132444
17723
142382
25281
157580
148514
146649
42575
155422
50623
39519
24358
17661
93087
104427
42940
85649
59745
133883
57786
55264
135287
73612
120839
94047
143925
3744
123381
45232
109477
4845
37875
119807
29097
16009
78228
108858
76968
142414
122936
116542
83993
42556
6674
21572
41343
74754
91764
151999
159967
6020
65606
17859
93860
137156
29841
64602
68878
147474
143499
141536
148207
122567
82366
14401
135696
112185
114486
114733
129030
117948
61426
106520
38266
127190
95294
23333
75626
108228
88784
125856
126031
146084
86317
1058
52577
1181
128695
90978
57434
4366
106299
13155
92614
12366
134553
5587
74855
6655
32910
38460
160204
47485
1009
62442
63189
70673
65855
90994
117675
78010
129783
120884
63095
51281
142105
66603
55382
56624
156572
154181
136728
142863
6994
108576
145580
85039
107765
81415
44675
13456
127179
74841
118576
39936
28401
17262
49553
79169
46007
30097
89929
146766
78357
17765
164951
93119
72105
92883
159572
133515
6637
163831
105526
164679
127727
80518
151341
169016
35422
29628
3453
73798
97975
105873
15116
152955
118764
102718
63671
132581
150656
52415
86945
48603
2231
45143
154319
577
133330
136657
93468
38167
93789
49807
29411
100340
161014
97661
28526
9512
28309
42897
96029
133979
124453
131828
16560
69862
102213
80005
153069
92558
65189
51934
26170
58509
151856
137249
76540
105954
71687
87491
9192
72610
117221
109533
126650
7558
138226
12943
129785
109390
75294
7722
87278
168271
149796
72234
4446
145536
9366
86582
17467
148309
34763
54172
104284
3052
50251
168530
473
15399
121505
101317
20055
67145
45564
2975
49364
9318
109455
161224
15597
86606
30216
105666
58880
93147
21495
152937
22532
26821
50787
25668
36703
39692
153581
129134
120007
2280
155076
22813
47668
119775
157854
30674
145920
136249
132899
91269
80103
56007
96929
153892
89030
36851
294
87537
111184
69725
81658
130425
157766
1056
51891
30922
119131
123178
106475
65572
130742
30670
74566
34488
76058
10456
2042
37049
139868
29013
64839
28163
79633
84218
154119
4900
138321
146640
71661
111741
50735
97487
50827
83273
112114
145885
64877
942
16909
93753
99834
151663
58316
41917
155370
11451
77779
133763
130988
132170
138066
77765
142744
131526
58642
2853
120862
25864
84580
99776
41899
126552
4533
39065
155399
41123
26667
116256
149695
30765
25139
23359
104575
95783
101794
100894
14049
146871
142928
12920
11428
152835
67400
134499
76677
114358
60524
25839
155198
116863
161985
14765
18506
85949
87578
123110
51225
61922
77376
109876
14964
80013
79188
25269
157341
55195
151939
106342
156021
66343
132770
26484
2079
160887
34283
119432
7277
140603
116525
133935
78587
126928
112999
106660
100903
24687
65136
16656
169262
156330
92833
70154
56224
96950
13783
117118
55469
84774
35792
42611
7842
52867
79267
91143
51515
89561
103480
13970
31638
80364
30652
1881
48399
43707
54497
86983
167739
2102
146208
75593
36584
28634
18917
27910
4216
14875
28646
130008
138750
54591
60486
100708
128518
121450
134028
20533
21390
141175
7416
130066
120670
716
48981
87598
135428
102766
16499
41500
95914
111366
138130
49906
125502
136228
7302
40483
48624
142433
11677
154644
30565
7200
73246
107007
15642
53026
127927
23166
118135
166090
766
134887
130158
124146
22657
77743
84543
94006
102272
139843
31995
43936
88638
100492
25652
41201
115040
27408
168630
131435
34113
113933
142094
61244
54991
157369
89653
27903
61741
155995
143137
17128
7049
88593
105156
130904
125970
101386
146336
95548
104719
66050
131667
93350
51264
47579
56531
80503
184
24560
2986
86036
28865
106910
114019
29587
124242
49704
119917
13537
120052
91652
8836
75723
26272
100300
21180
38269
118382
22665
46820
65577
10139
138774
155535
110723
50207
2587
144895
136455
49292
17107
48557
126291
51624
130454
114084
167259
5024
129717
67325
5858
58738
2342
95075
50636
117949
62893
154059
23416
71641
167189
73404
10112
124657
103807
47414
82611
85796
100967
70854
1062
60084
74036
29868
66055
130669
56433
83182
13091
62236
107860
60515
59440
138310
164752
110546
105986
78908
80087
18464
115065
20764
119454
68507
118370
114380
75396
109166
3737
146298
113450
87552
145431
62132
43893
37508
23843
137723
76746
167597
15182
124029
121482
109602
86335
146815
28462
108918
31018
27149
20278
103841
74314
1119
143520
6151
5783
6092
55318
146831
153996
160968
69395
11408
37750
1994
140024
128689
20990
140740
24092
104448
33623
165677
69665
78977
6217
114983
58918
153821
123290
134945
45843
90241
54859
19826
13374
42030
20695
1425
22025
150962
97333
59452
30063
137221
56678
90783
36981
34650
42503
161297
85345
97078
74068
141379
143386
111552
154657
150344
64788
146511
101780
7261
151321
139512
55369
159833
44175
24456
128456
125100
77247
83677
61949
80935
47984
155024
65890
17235
49245
31555
89645
16070
113914
152095
86978
122478
76521
163327
17100
8910
474
164033
118423
154525
7538
20703
118847
85479
42684
68104
43301
104012
55604
152223
168805
34422
29947
60159
68181
85754
11928
28951
123740
1072
30045
68368
8676
133549
78023
138104
38660
112418
5999
84323
25844
71094
16617
73398
108203
26919
167252
95515
128758
130574
93849
28552
22501
93724
120989
67211
126848
136726
111598
64136
135823
53626
30124
81813
54566
6581
80497
40562
155571
161820
29656
28998
48170
151646
87784
77937
139962
5610
166242
3731
127437
166604
44702
166120
43203
138526
130976
149629
65496
66455
75562
11163
151688
106617
71397
125576
163774
47910
108968
161217
2066
109809
99300
2527
146820
58704
83128
116384
93381
35468
46795
18879
78429
161208
42240
92760
11599
2923
37154
121019
34793
65271
27564
76760
52264
21929
102072
82591
44036
74108
123554
31466
12935
4986
159591
2693
75394
26950
64162
16428
63766
108786
68988
159900
136869
8233
56991
138997
115056
107518
114090
48142
145222
143242
112425
70417
83419
41863
38742
130799
56548
56212
6452
128355
60461
105825
88883
141591
155512
100453
131191
147080
45829
128990
168876
27393
68162
39840
116746
86976
145441
18153
59310
159185
58720
128057
10430
31054
168899
32994
20211
162254
26589
91415
14999
102871
157133
81462
98804
139033
154398
34908
55953
24736
86608
167651
10135
41263
51017
101068
156745
125474
111573
116205
152651
7359
131928
46589
94616
74969
31956
9683
147912
127094
63252
154327
92909
33527
106283
141916
17603
25654
108511
125553
68351
145433
76669
47527
78808
79795
73987
92812
29536
105785
9242
141415
57580
55432
18912
43206
64802
95758
21310
114610
63755
112765
96729
64049
110774
91509
55017
6599
127054
6673
130589
11482
66504
84285
141865
91958
20405
34080
34872
39007
54364
66071
42311
97817
167096
95715
39029
524
71432
120524
99534
81869
96425
125302
97863
115853
28712
154670
110205
95816
67120
59110
81839
67946
138925
111983
63801
152390
110257
118310
51178
122578
59703
117617
167412
42864
71522
89767
58307
165592
151961
3926
144883
34226
144824
131084
122823
141308
44251
50468
131333
129258
5608
109342
145722
48232
5535
107934
57538
96725
127146
14407
98782
92232
35064
115292
115367
96361
128416
134350
75040
135781
60519
57444
113017
34666
3380
90781
73700
151068
42998
87245
47151
115516
64359
83623
36469
118702
21862
51046
128263
22686
91304
88315
50609
115456
154079
108428
83190
86265
30889
77190
112585
113180
155825
121932
63720
48886
105770
114133
134286
152045
166698
137092
160155
54220
11691
93571
108584
141125
164906
51958
56591
4885
30415
61903
77306
75889
24849
36359
127173
2441
80902
84513
157287
91572
133333
355
6546
31732
84674
11527
64816
139362
108438
49266
129671
18266
121895
2177
140896
111071
166449
103351
149012
71737
3139
123577
51974
46464
5413
73111
8494
89677
75066
152196
5605
20662
102620
20190
23013
54236
165224
103505
144203
106060
90521
76807
87739
58629
95644
5174
102218
34920
8822
86761
53381
148025
108727
26226
72875
125548
165361
142746
26474
143512
128463
14497
163364
6775
20363
120624
134730
91041
13151
102417
6514
79886
83718
9267
157450
91578
146546
29465
57235
159568
108087
144057
134283
18199
146837
156916
34456
146349
124829
38583
46938
150422
64630
72242
43243
39347
98031
169319
139467
132026
56570
94389
69954
9577
73827
128975
136021
16817
20904
85604
144656
37837
146057
88687
142101
64791
133289
20999
34613
52618
168218
158925
26795
122400
113919
37387
16349
63110
28058
58075
40304
23341
34072
110244
134498
26734
46138
89665
137044
21349
85883
92424
165483
93380
123661
108675
164409
15684
54861
50809
162222
108876
131225
3661
37775
152631
42926
105611
88520
52960
19210
77149
129971
164724
73486
122701
147152
38720
155844
75119
42070
40255
96947
151176
125179
9807
21176
28912
149590
135078
41668
35824
73506
31428
140887
96701
89973
140488
44142
58346
91364
139905
21564
151325
124451
90935
42145
164143
157913
124196
166469
51960
160230
47875
90379
103798
10639
90545
104357
105705
57795
126770
150316
139612
92870
163578
101410
88177
123221
127702
35453
20181
157221
150995
149967
6469
22757
71838
141610
71269
81478
49491
22113
109278
111826
42325
155068
37848
108970
52471
72401
63863
109638
83801
37609
28754
11195
126595
97422
68555
135775
1954
106806
156948
133933
1507
88348
112218
59455
124175
59848
137968
9990
91575
36231
160512
137350
51776
15167
108520
23763
74638
39242
6831
22797
106838
87459
51747
82691
6562
134010
105856
138744
140846
146457
150002
47076
121472
38928
153359
39909
144179
167481
55321
120523
47422
132888
108985
98442
109350
127307
6861
139621
168989
96813
158834
82014
86563
113053
24221
115962
142245
82917
27501
73203
103913
49208
106546
74350
53868
27420
23007
1962
82721
124974
47901
4996
102424
146609
111117
131915
140347
111018
120469
71808
17684
18090
155962
67890
142526
155467
18467
35721
74219
152422
157098
27006
75507
162955
108211
60184
117591
102116
60460
107077
144044
74804
131046
134720
8009
148857
51783
96584
9013
107189
84197
136081
49848
29156
6060
539
5145
148785
100106
23176
158932
50472
146719
11899
105460
62025
56330
24073
67031
119389
82551
29487
159039
102532
153645
70994
44270
9034
37127
142319
138621
20407
100909
53999
25250
69346
143382
164955
54914
130768
108512
70342
6681
146654
124294
105268
40947
41398
119483
146461
154793
113650
69400
37126
145902
90931
89049
8291
140823
74253
69986
138323
117735
61142
63112
98743
131948
165742
12222
110066
88600
160057
21710
165767
133045
53744
61942
24756
70805
156848
57892
86798
107957
8357
62456
120911
95558
101233
134610
141714
6878
122646
138480
127083
126088
64995
92407
125108
149882
33923
157119
168414
118613
16050
140221
156173
18729
109151
116291
37533
90918
19360
168373
89033
37349
92668
107906
130949
51560
85778
135758
148223
3676
141006
139204
124771
163582
111523
133752
166233
168091
23956
13829
72390
124689
99985
82862
96978
129881
98220
50693
42314
167227
38011
35837
116026
76763
122213
20583
92203
86294
162989
160363
29045
108946
19003
122729
1197
60261
119164
47160
49659
83253
21509
35021
58922
101659
36029
168553
38903
151639
26516
25787
96315
5623
28379
23834
158028
26190
38076
59589
25576
128900
124804
9237
151274
122493
70290
121883
5546
36400
10459
2876
122511
63306
143622
4982
71730
74016
6923
89908
52464
44678
59730
24621
101895
65312
161214
123181
119613
9019
115816
89592
59902
24865
128844
80142
22514
30584
76586
24359
153898
123183
91114
167589
155527
70061
56232
144945
89451
28776
126063
165559
127750
112647
33364
68798
1862
36071
25804
80284
100100
68891
7952
16227
148720
24972
22195
22073
112347
5559
137355
136052
81521
150740
165883
141296
37605
7544
124450
104961
29776
156113
91267
106415
37402
132182
1203
99197
60110
21737
101438
58707
76072
105921
39584
119608
100355
141447
30219
136697
157070
166566
109945
140964
23136
45286
14988
148559
103391
66499
123215
139006
1194
6271
126144
79507
109683
10497
48873
8251
4407
35597
49751
132785
151002
73763
47551
129887
70114
151793
73117
2999
27650
10562
57470
32248
107808
36473
165323
85986
37661
92997
35607
144536
131137
46435
37867
73201
63821
46029
20108
100463
41699
160565
20402
12166
35263
80481
128918
130250
122034
105271
101636
122803
55272
106919
55186
81694
58124
5665
97637
97978
88511
33837
76854
44669
144882
100945
58050
26002
41032
108341
147390
22850
141835
5803
1424
125556
52266
162623
165605
67839
167635
40409
154117
12314
81505
40963
23454
152023
2363
107681
79480
142316
88390
115488
31395
112149
153414
84298
100716
37794
127675
126262
136983
146924
95319
49285
7784
156504
107626
19846
156751
47858
25307
61867
45374
165049
132919
52851
59070
32521
164433
81075
89316
3159
76736
109933
119573
43347
168011
43107
37801
17925
92100
162776
147729
21185
76541
98735
13121
26776
153967
77429
120173
87194
147228
7153
80675
132920
159864
17483
98783
49585
137848
139013
34725
125338
48120
36930
95050
27292
64737
99858
118333
104040
52993
153912
168568
38513
6875
65278
157977
48829
41949
42729
28072
123166
130546
4257
20350
81310
25736
87817
12140
63998
122812
36889
131281
119558
1602
53087
157413
105219
146195
91632
141185
28382
10724
26672
92532
76655
31543
67319
154292
60036
165178
148056
131184
128228
89243
150413
90758
118931
95172
28826
80831
147841
34100
76002
100408
21842
96728
55640
48216
148087
139339
33945
2611
113607
80664
51209
145892
21115
149480
27424
44553
54357
140223
96485
118179
139085
102953
28316
75155
136886
152564
91361
67237
93731
155829
106208
156085
88981
57543
82774
143015
137506
57625
140966
91404
33943
111207
68600
93002
46691
149032
54097
18275
101478
42791
47387
47796
99046
114524
50629
154554
133616
84147
104096
28297
30999
124684
38877
91132
141399
164702
167825
2108
144837
25916
147838
17581
63920
130480
46083
56348
78885
160954
110001
80190
97129
9089
133102
150075
53974
121648
38319
56587
46112
25350
55101
113489
46755
72730
11467
167880
167724
44706
82040
110712
30194
57361
9351
91592
13951
12559
56054
134517
103441
85684
67052
124635
23318
5757
44288
117933
9095
142659
43988
8962
89394
131681
149394
106817
154491
121315
154035
71028
150837
127540
35735
5136
67070
54534
135972
60912
45132
103048
110580
14914
160051
119233
53352
136514
71971
123214
52121
32604
68257
127982
22230
124173
152036
63374
165390
148723
151810
41214
167534
108558
48723
117495
61634
162144
95508
11977
138196
70530
147351
132621
94700
55111
111574
101751
52637
120551
135211
86342
26595
131595
160378
163141
4213
123920
160725
120098
153356
72849
144887
101484
32507
159985
152018
49088
4709
162210
6716
23074
41977
108799
78259
94788
97762
31135
45771
19589
73726
405
125171
150598
78513
159213
42312
18381
85101
6506
15817
121102
40056
142129
12666
2927
116219
127913
98029
6015
108062
85281
58237
97303
123499
163952
139814
116130
90142
107070
10743
164282
120691
106587
115340
123905
67006
95663
62143
137525
49610
141221
87526
151781
61608
107287
51391
8980
100939
50831
138452
167437
38039
30371
9470
108638
130014
90640
75210
70751
56393
112492
46182
11828
5231
168177
67203
76802
17758
50211
57545
129731
46895
157156
47250
1681
82377
146072
134961
87215
161285
30451
158274
166355
69576
90382
12195
48032
7090
28761
78673
130173
144792
138428
92933
143384
82675
79234
124618
149144
94619
52654
80334
101030
82339
158409
3723
47927
141506
100618
99258
37902
23665
127951
106367
33559
145707
89733
45039
132548
20817
68670
54962
52018
24713
109615
131583
47802
28480
26351
32956
63150
136452
103288
76954
49326
120395
35449
90246
79759
44741
59628
115098
23404
5974
101306
89862
107696
13901
159489
53855
56745
89258
49299
75926
68413
91622
71881
127458
102438
110226
96988
147024
22754
10191
33054
715
154004
44014
30653
142288
104914
120276
51438
63317
46060
72573
163673
106722
93586
106786
123338
64585
121432
52587
118651
113922
132762
54839
114619
144436
125513
111712
95348
72301
165763
86984
95764
30513
59431
50337
108693
86010
50079
89151
167445
146238
75929
67878
116639
10431
86604
73673
140282
49062
151045
86229
91309
141098
11057
7106
71797
82194
127134
30790
30320
45682
44462
150672
97599
143647
58313
47230
50876
93279
103871
12803
39443
16300
167333
115590
74106
66508
62741
38346
93194
36618
2604
25067
15348
136690
26974
106801
49463
105264
166614
74746
164210
63600
160009
41602
130185
8701
20426
51857
95821
37065
159812
35404
5144
69630
56862
24698
112003
134425
116962
126829
147971
35794
58353
45289
132613
104638
101816
387
13656
149215
81342
94736
148224
1413
57912
109334
5901
1145
114046
117633
55127
35657
104957
126820
103805
37404
101657
43215
82875
121146
83796
28398
118708
163180
21269
52931
21662
65618
104543
19329
14186
7983
92391
99120
167206
166403
101934
153011
113154
10472
116339
8144
64166
79240
25008
37962
109635
160551
65735
1076
25824
90739
106280
76850
44196
99883
3428
161065
80953
150557
42523
44779
119065
81172
6038
79461
44426
10513
930
156801
81540
103753
159451
98062
128460
37718
132690
152804
129690
128862
117142
71377
133976
62629
24716
82946
71526
77177
2040
7054
9251
73986
164769
142661
15256
113242
84304
12506
61695
94282
70386
131942
75115
78858
79023
35722
131127
34451
45763
113375
85960
113513
155357
152933
91253
78497
34210
166146
96922
140867
140109
37396
24343
27728
19567
37059
96884
95497
49784
159353
24783
167592
6641
152777
77692
86434
136754
51724
123728
28962
75233
17035
73775
165074
1720
26940
40673
141587
5050
65176
151373
43213
122801
81968
134680
152653
153779
51189
4087
164926
131922
7338
74044
109229
47312
146276
126045
118903
154272
155245
63185
93013
21091
67818
73286
145496
14192
83107
25280
24586
43531
1564
42408
158373
40421
608
113753
15625
42637
5001
8746
163829
44924
27498
110992
19677
80034
135792
34883
8683
41436
131788
65210
119576
79925
26891
89087
17311
89704
71944
44998
46121
87799
6230
23287
50489
52451
164681
66135
15692
92899
156605
29216
125055
154745
82440
23695
82799
36954
134966
79591
147311
95420
70913
154443
18655
92785
67375
110341
59763
50067
9658
44151
86399
22886
54568
104920
156305
26998
81305
4405
34051
56309
126690
53507
93327
5752
110298
97426
116097
151975
45030
52772
125458
148804
75145
39308
169290
85979
144357
11630
98778
118880
59191
33249
158178
22801
42880
132353
86851
154722
80909
11569
167433
36654
115373
162882
107267
71766
135407
145990
87393
13247
141149
83411
145681
88014
58264
89427
111267
7282
152424
84926
46317
39896
52738
148536
111942
51835
63913
15798
35196
79002
39863
7144
91257
29626
43149
60551
54309
91043
49139
30260
11493
43891
158529
41971
126279
164526
48035
37758
128013
5683
139860
28500
36812
79340
75130
136369
20572
72350
129901
54670
95958
144420
38518
44491
37590
46174
76069
19927
8885
52269
76337
23921
118806
86846
64517
35967
73467
61170
147171
56103
37688
105938
50823
73345
7299
139034
131423
43410
64908
158965
5638
61526
23953
49632
111271
1510
30729
156768
14282
123912
157481
108550
137524
161696
73263
37556
41244
116564
111513
26233
107001
68481
101624
4476
28356
27064
76831
57376
68912
126414
167108
49296
21261
97194
168223
156312
124013
111926
25672
93498
16694
138939
52261
164063
2705
92035
34376
108135
132727
146786
165330
34475
167968
124018
127820
158832
168199
147643
2225
113142
26544
95962
53469
91072
141120
97087
57403
131872
99955
157093
102617
163084
101171
61164
125588
3849
112039
151012
91595
103733
14154
143365
97427
160258
98177
57926
48634
151460
44281
46021
38566
153924
153416
131570
99963
66847
147091
67082
87067
24970
140312
99237
243
108326
127783
130391
44722
38979
114451
30929
82021
48366
46779
120736
157131
33500
140935
10204
114228
148240
11122
55332
13508
51671
147950
147589
142332
113906
107103
54211
133994
165442
68452
115640
75848
110947
52357
140559
149424
164813
13757
54671
112107
115308
94335
87875
159505
93198
136413
86685
9180
104565
146260
59573
120321
67234
66317
35948
137662
37800
149805
89572
85847
101855
112227
158188
40368
57342
28850
58806
147309
80961
30120
146362
140219
66326
59330
54552
87477
32217
159212
13183
12891
111146
75575
23110
6904
95502
125286
96616
77170
149
167185
23438
37672
96663
100124
33876
16328
43975
80816
110398
162259
126902
17584
137703
6078
127384
27335
69871
47541
121035
90011
79616
158958
106747
78335
98980
114433
5166
2831
98860
33416
19538
11816
42040
146699
118274
146433
13345
49123
91156
129292
94134
78601
105384
114249
122845
143470
19632
132438
60223
70266
95280
127404
151621
87403
69842
67669
71609
26574
84848
119466
147665
64503
46424
3055
78149
39319
95314
163345
163883
69140
110293
109496
110323
119158
47497
13495
101853
104618
5866
24818
50903
13360
16443
131562
88277
151142
39591
11367
47965
83011
117355
136840
58174
11896
26266
103113
5652
10965
14166
11452
76912
142803
121732
69256
68779
55464
120844
92847
63027
51228
27180
38618
6251
108359
127814
166630
48233
67139
165352
80876
23651
13987
62576
164771
73284
153846
100068
20737
3993
117364
62440
14457
139710
24936
32947
77603
5526
19297
26154
31093
21166
164916
126233
33748
122330
11649
84638
145737
160127
168398
113139
135217
90891
157432
150078
97496
127003
119662
143726
160414
118790
19747
134647
62306
115545
5083
2590
55590
90498
167811
137776
88945
31522
47602
157180
137262
122922
67172
93814
101793
62979
142028
114113
109525
136598
50200
52246
5190
53941
29
18156
44686
51602
90326
83997
43728
133548
99211
90424
46397
24902
168204
77724
26158
162905
154213
86205
116720
53929
18617
55542
164628
27766
93159
134984
69146
164999
9858
58217
96856
76895
17955
22988
107922
124455
87733
69643
163518
31079
160956
45901
39708
93409
153422
105034
95133
115577
8505
116226
1528
51224
159863
20250
138220
55212
99644
42688
153705
148576
86969
21559
19663
107342
130862
131359
140112
69387
129584
93665
80600
145921
58892
40220
57176
147359
115437
160040
141452
53705
56596
34049
157783
50541
167934
63724
75377
57381
167156
168696
4391
16374
128772
63055
112319
109711
103307
159702
103953
161983
45107
71647
43270
155418
82497
71773
84755
84015
60489
131479
143845
144100
9972
50858
83881
37454
70590
147316
79882
72378
58139
123073
61620
110037
164645
152079
106215
5486
9067
137263
53627
20814
166560
16117
80590
97945
135711
139942
9331
147835
61706
143794
17839
141366
56853
34471
116247
145524
25354
134025
55755
65642
46497
86207
60706
143056
66059
86703
18518
25637
71832
93624
109758
135324
118404
36754
164208
124167
75558
166613
151689
26122
91379
31337
131705
59575
110764
123131
6216
121181
59306
162504
15181
52327
17826
59743
146421
8867
53862
121397
94538
91061
153991
91674
103785
56056
155676
45989
115320
129999
36291
38345
109030
142875
35954
140766
160238
22855
70554
161106
92830
90132
115309
54313
133235
18409
147004
114688
52406
50719
6079
141388
150649
100374
5593
35059
89831
141726
98515
117151
98907
105167
58547
87440
138440
124614
17072
16542
32706
31071
123632
85652
29904
101166
46380
124300
121804
107176
164565
141318
71645
80205
102580
140065
110592
136800
148250
68934
86472
71275
26935
95606
150364
37115
139564
152773
73823
150017
137942
86299
127454
98000
120779
51541
75983
32936
88289
152034
39313
90942
27832
33719
19699
158134
158716
25257
163690
40991
16634
156837
54947
63296
98904
103673
22017
81239
33461
95353
154037
63487
166198
46904
143304
58600
51005
169214
114034
75347
157893
84785
142297
31573
29548
127215
139474
86224
135987
157150
110013
101874
146666
163318
93253
35698
132509
167728
23264
128534
101461
115353
52326
165788
9946
119229
154681
154866
110412
99145
151561
65621
109082
23800
157423
147522
69821
112560
8135
67114
138482
118667
64731
96583
144200
123704
95919
30750
95155
159315
51651
65601
27629
26796
78565
64593
24973
157038
72138
133916
42121
111708
165585
141033
52487
24485
166567
57683
134487
125251
168949
8966
13333
91892
3421
75474
151564
72684
150686
160732
50772
109008
165851
159977
36884
113222
124171
115669
116337
73697
15287
112636
72067
87146
114757
74293
18656
39311
22701
134681
59412
50147
79017
66552
42015
56321
26468
137102
23089
136478
131346
21528
130634
26761
102567
21465
20198
110433
122736
96903
69817
59724
102722
153117
30394
142806
18307
23926
74850
155350
59231
59222
82942
111906
51996
92858
127343
97611
137224
157368
99562
85905
28243
166247
71207
158013
96915
24645
110
152351
109470
106493
62777
111443
138643
133942
165191
158983
3255
142999
34945
80453
150237
108334
141838
83285
116978
163612
84639
78330
144455
66957
24722
133441
1924
46011
146329
118079
56438
17187
60724
138424
37483
85342
63165
136988
163003
139520
115870
51030
132332
45357
81189
33183
106430
153968
69793
152584
148784
34984
150175
39155
16363
19083
38735
5113
135315
19342
156204
92097
134016
107707
158125
77738
102240
119819
80409
54819
29491
144199
118798
96294
122431
31982
67884
86671
57086
79015
80068
75419
120193
122486
137035
3874
143557
6948
53452
40496
42536
142475
84864
65291
148503
46863
121335
34026
130380
40237
98985
19430
6987
10184
52527
56355
4805
81952
2312
19197
78385
52291
98126
27705
77224
60929
161033
37205
22140
56008
114001
4448
41927
147620
58835
85668
133404
74459
123404
35983
34549
38165
97121
42259
72579
12161
158317
66654
135364
118905
14800
21100
140712
14830
35458
105016
137443
32134
49989
44459
68835
164952
128799
116297
6438
144773
38919
40804
97305
47574
124644
46500
4602
3378
54230
66972
140232
141361
72622
48978
6186
90361
141245
115282
135247
141936
19851
19378
39542
114068
57302
163663
96958
4512
103037
116295
159248
160587
150202
49861
142090
99348
21693
86729
114676
156635
87616
19496
7334
155651
67865
25896
133740
24472
94986
67064
166385
133776
135033
160730
107273
129448
35408
22995
112871
31779
161765
29230
102689
44693
140479
120536
115796
16313
74572
6210
85221
128003
56505
136462
19238
888
47663
158951
29067
92948
118126
73173
76515
122302
55371
14183
13636
143863
128984
59188
73498
36196
35314
7105
96914
162039
109953
144589
143905
115963
150357
39810
121723
107322
152675
160791
108053
61962
96062
135828
5464
167400
120320
103649
81741
79396
44934
87100
166988
79210
99785
49347
149862
72058
35249
25831
42598
45727
132498
14641
8632
137751
6080
48460
16874
90404
152454
68601
129146
20890
114806
13431
169120
77257
43317
136630
112628
39075
88
50515
33487
58572
16886
79620
142493
21976
115387
117652
131387
143723
14989
86190
19244
96438
98555
130566
72360
146134
52953
90858
124067
74761
32091
151387
26209
42263
92129
131953
75861
139755
20915
22845
117665
23874
71671
106435
13196
138680
56306
840
28286
30128
46465
143826
12341
15573
83007
33743
81484
105901
50436
26618
52485
145915
156062
2632
11037
42214
157330
82402
152900
45154
16614
9209
9837
58194
30135
90124
135923
104650
2473
39824
26829
155576
161679
37136
75740
31456
119514
149236
159152
32349
116003
134715
66454
109209
36721
146748
45467
85688
43478
81546
138532
30593
54810
101244
38601
131949
125345
37679
157820
12121
126399
166214
94150
20391
137152
30567
167126
136362
34708
16358
123450
67421
37980
162268
72031
18135
140944
14958
49982
168283
66550
152520
7030
22496
90333
46279
94156
57835
23832
73153
163905
98151
147754
79076
78916
64242
67459
59057
141215
131879
102677
79742
37990
1187
160639
77471
32685
116388
9261
135043
140208
45656
27413
60966
45702
97270
295
39188
120538
133210
20239
103167
93679
45472
51038
153926
111586
143782
120232
127730
21715
23514
67851
3259
58362
135196
86965
70565
160249
127554
77307
135916
95953
70257
61794
63087
76176
72970
163896
74146
142990
66688
159390
13
144539
63376
45033
84547
163906
2566
13197
154810
53075
133825
49531
65537
104731
18389
94716
122450
11719
8996
125499
70706
39638
16347
70877
151432
148279
149179
126286
142628
13004
67482
150286
160904
53690
98877
62865
157796
35095
126367
124317
96050
42396
96514
47297
28844
30946
154955
53837
81014
86661
123544
54956
75112
53457
50563
72911
99762
120267
148300
8685
53754
151389
135023
30690
128253
24666
447
115685
108468
20420
15973
148184
144748
15298
145943
117964
142777
162075
85801
23638
33755
165877
57916
164973
138188
84833
123732
132931
115461
153285
32237
25965
76624
13353
84335
135452
25941
18001
47451
87077
28549
115836
81938
43507
20608
52736
111488
127597
94801
52987
17549
99873
31979
13484
168610
37559
107339
56995
84521
15718
3447
82359
148010
41251
12461
168933
8191
30228
35368
63489
115997
50922
63867
49941
160163
47347
135968
71580
24294
8617
82732
24087
20318
34884
88437
61596
83969
12103
145855
115591
122851
102396
18707
70640
22858
113654
19617
37511
169223
57216
92197
123471
14695
166095
118197
113193
93191
66348
127278
92934
22917
20796
91221
22353
142350
158789
18989
60878
159075
84103
142846
69607
41104
136416
132096
5543
140764
45025
29690
14880
71670
129423
165201
84105
58685
56045
97165
135990
152935
164044
137114
60628
110218
47314
98991
14066
27507
93048
56451
104644
88255
101052
167141
112326
163753
116395
161048
32470
157076
123417
87786
2466
30710
17926
23995
52178
141339
95886
114140
87378
30664
167971
6943
80291
128377
108761
136047
140203
125130
162679
153907
72380
43153
145828
33298
100550
51468
160872
9405
104018
73933
91249
101962
35754
60035
43492
90144
88022
164775
57731
90191
2919
152281
2525
93759
123377
44799
81232
77882
87704
90806
87136
63244
130922
54374
21875
100354
38095
43491
86419
153353
60687
146507
74795
141444
151028
33712
81817
142211
132877
30599
92243
84762
10905
102439
85816
18159
12897
166756
54650
50646
20710
28675
66731
17678
31603
87137
104742
91199
93600
110959
83373
5810
151455
164325
44584
112272
7614
164405
41997
127276
24179
105223
46664
9815
134013
47206
123246
48834
47458
166133
93077
87690
42736
119955
55517
135256
70475
1860
43299
151605
86751
39098
27405
100532
69628
124147
80699
58416
1953
81437
12665
56098
19324
127223
113923
131394
166240
142816
52940
116046
30934
88077
25812
159969
10777
85192
54459
67140
11278
165355
85827
74425
125662
47509
159352
145267
9055
47102
94917
116441
44762
38927
95366
153350
142462
17166
18525
168636
152574
137301
139687
144447
109318
2243
54730
16561
156226
164201
102014
77650
3853
116475
29520
81503
142621
5096
77332
35843
137159
91389
19268
40659
46306
18817
131706
118917
56671
141003
153316
3543
116770
164982
60462
85142
151523
101325
98054
71577
107136
30405
32483
137870
30083
70322
112474
10652
112702
48553
107841
151036
73943
86362
169005
26103
133094
58378
96528
90722
142039
132824
136169
3152
150815
104945
49067
23065
33616
2704
57624
109651
11325
72969
151126
159155
69422
133354
31706
164131
89502
75891
13384
145890
134524
34107
72788
167164
141820
116604
31520
144372
42056
15315
26341
101499
74641
168317
54487
61040
168920
133834
55539
130745
137696
109481
104972
97049
34962
69509
65011
145927
86741
84922
153662
57654
29570
14590
79785
109929
37501
120619
79004
51175
55484
63007
39780
17427
159581
161917
54305
67596
167947
7962
116893
37614
35865
102204
28928
142935
158428
90237
127580
105958
148766
158434
67408
95613
33159
164163
34323
2212
104013
9017
168402
45537
98949
56891
47642
137849
63504
32236
31009
15484
75903
143796
4786
73279
71031
141392
50413
105635
111102
5482
100378
149042
93285
55576
79310
94771
158219
83132
37384
100497
33698
84862
59105
67036
147325
32651
145043
20118
804
69688
128840
163524
80123
81757
15454
127260
48418
46794
161519
169342
62472
126556
30441
43616
163000
39805
745
106849
158478
110743
31934
166580
38376
77005
21677
121105
137145
144222
78696
56516
125807
18710
99411
140410
111933
161429
162327
144227
77178
125385
166892
154826
140663
42528
69147
140794
3299
157412
13758
109956
151913
109814
87838
3301
139930
22180
25345
142447
25745
73507
136150
34192
83734
158962
114370
136586
46511
114652
166061
151503
108961
103094
66362
71423
37169
6240
118968
95045
3028
71255
83474
48069
75254
114704
8377
88602
6211
128699
162579
156354
161401
89737
109383
49541
121990
30369
65162
138436
164588
124706
160878
3243
32303
160689
53154
81785
104371
73847
160608
152290
79482
61757
154440
158381
5774
78362
137191
101252
29599
77411
135272
49823
142421
67663
108371
127966
94641
158960
163791
49094
32970
42577
15633
163240
105944
86905
38454
77052
160728
122284
46268
75412
54140
87028
48631
97046
139399
8641
62941
105430
64298
70512
125656
92142
88338
86801
80979
47575
39340
98435
15819
8965
93937
23786
149162
119264
24075
114073
143859
66537
73567
71500
151726
135996
90139
30453
51111
142737
138814
148331
128375
3912
90564
25221
103013
50080
34644
18484
129748
76632
149857
30301
64797
93216
619
119784
81463
29268
161811
26630
112764
74513
153881
4753
40763
141659
78333
118664
19161
161050
16906
121294
42969
62224
112396
29749
