64187
26897
123592
83445
134633
100729
92864
123200
165068
137548
131012
97025
25587
3408
83762
102268
164128
17486
87727
59313
13207
112149
97216
106471
120048
25406
92268
41932
152798
53094
75088
64026
20955
58965
149098
100478
149409
17627
37890
132665
75232
62669
141461
36228
21881
22944
40651
116650
53913
102696
93367
104992
131395
1278
94343
15669
19311
148714
45161
35589
78530
148934
158165
86464
47906
80623
138671
63500
42299
87733
166794
165240
11190
134431
149311
68153
211
24983
69748
62329
149567
159103
45692
44368
140388
58375
41834
58650
5356
70888
124393
89219
149700
35404
6781
59827
36263
117066
100741
15074
64465
65466
36923
65809
125347
578
81729
46469
5330
159072
126189
90124
40404
2540
27231
70126
142303
59888
147090
36907
137329
87175
77989
18265
56413
136142
24769
158641
54420
127399
69463
36230
82734
130527
26009
59157
81627
94206
71717
22594
55964
32536
88093
56196
93422
146231
27281
107776
139252
22230
148085
161025
133845
3288
152828
71773
3042
17764
130725
96871
139870
41341
89598
44734
160643
79054
140510
160219
45251
108918
143513
84013
108572
72754
17281
43501
37016
40837
67622
124038
126900
125216
147725
135186
57736
17933
106543
39254
116217
108888
17697
79318
51523
103241
90214
63139
134376
97312
55073
54902
5640
44485
11927
149545
58353
87946
164066
31004
43481
41755
52345
89772
121669
2960
97952
133658
122311
77805
1208
97674
64885
28790
98516
165488
143251
8566
47011
14358
66443
50251
77157
138919
74774
27211
97109
117028
45553
23374
39052
23096
109799
154109
140714
114355
106983
151677
109375
8643
156871
953
155525
123177
44236
62407
141816
111559
77151
98561
13775
121264
9757
33979
78085
113460
6493
54618
128460
110213
123723
66393
68724
89058
94823
125212
28467
95962
103885
45734
66190
22195
99059
90936
138262
111852
62946
24529
15056
17405
61099
168751
74539
164664
16178
161216
98743
98364
163385
7547
76216
87293
63918
119318
145012
43801
156425
3845
127272
14380
49852
10075
33145
46636
2803
133277
125416
16649
67625
113406
150729
90976
63498
51153
114094
91661
36284
53083
121598
81632
68463
57987
104271
8455
22626
128730
67608
154116
25375
145222
129899
82049
53899
96237
93030
141148
107640
142535
157439
167721
78078
158651
79181
25283
90916
48533
157029
135653
39
44316
163336
48649
52281
44972
154851
43180
142789
20737
161947
91244
2909
141871
104478
114766
8751
132005
30815
57666
41740
94963
119607
20152
125599
158281
40625
63351
47295
18140
97621
83806
140281
42033
110120
56668
110031
63488
69357
97980
49447
136661
124257
9802
76609
90565
35117
53443
11155
40505
101767
142801
58444
16393
141193
72189
56143
64236
83878
119317
7389
114558
22593
44786
142824
144901
9151
51378
38377
91566
129658
13927
70951
103940
11068
157463
11766
65009
61435
118125
148065
157352
122075
21983
16644
88045
81185
110946
33589
25780
127218
167720
82606
34129
42825
61146
23264
29843
79219
163035
48590
2634
4664
113797
90901
161722
148219
142070
99626
139112
95535
86381
81277
56985
148519
125388
149428
150049
17994
95383
17945
48810
147473
151687
36083
31616
73921
12184
163061
51199
142483
42604
102975
107587
6815
156112
66199
83577
64416
151195
47938
26048
51296
116751
124029
52491
24786
30354
103125
128531
15894
159845
136297
130941
56455
49796
18515
41634
152352
61356
121558
139262
90915
40062
104643
71214
18829
207
1348
57544
40698
28466
82659
76242
69574
105298
80965
4882
101211
295
52104
148488
42183
75485
84766
60669
111827
11304
11483
87234
10106
167653
105044
79457
33983
69744
160604
66226
4622
91521
50028
167536
66105
119894
128650
162354
74139
7238
159176
77612
59225
133421
70870
66145
55191
136279
123729
75973
168022
23621
15752
31526
108678
6129
95454
50492
150851
113133
134498
94628
18604
159224
61531
62139
137851
34068
67793
379
886
142830
105816
57212
101540
141176
36633
139410
148068
42418
163977
7280
95513
47987
61412
161971
61721
27611
77715
69311
114893
26075
133842
114980
153638
60211
25733
156273
147145
41619
120653
145913
120267
131723
13760
147732
100725
138082
163307
53478
74193
138029
106343
48720
90921
4519
64866
62882
111185
157341
865
49289
75469
97529
77435
127085
54015
111803
161314
1046
9633
147987
58601
66895
81043
65596
63686
105841
60809
146941
82301
83070
35540
118310
100833
101403
124410
72674
49401
14138
8893
26019
35170
24681
21869
79445
22000
106423
43216
112056
65513
35531
66602
95834
33198
7685
44890
27800
25087
18290
135513
95743
107898
110861
164787
33147
101367
114295
62244
72545
35272
141143
36096
84588
110232
124503
48924
37826
52503
91257
25132
21708
135717
117034
100373
4199
13191
135597
162944
23287
6202
38961
146711
49329
39265
61446
136753
160456
33999
134361
153268
168996
28657
82742
111317
169222
29052
3081
1450
31183
5813
134676
42443
115994
712
95372
136129
105742
160504
127297
95197
129553
139496
76268
45753
106946
69743
166345
63666
1496
134587
40235
154626
1783
106213
43867
70761
61533
47877
33859
60999
73443
2381
28147
130226
150406
129943
136011
94551
119841
102936
85672
144917
143485
23067
134024
122440
47161
154009
163692
21679
35112
105401
109495
146815
16846
168640
150202
77917
13699
77767
71358
29515
96670
39913
85338
4469
37191
34580
160102
15851
138916
8336
89951
117250
140194
138833
151245
93337
43102
95303
104288
37617
66490
149214
39704
44710
77400
83958
31074
169080
160042
76629
128684
14185
142073
18927
142355
6106
129127
23490
4417
130268
9692
126544
42934
71979
12366
11315
48195
167525
169025
93447
154780
22208
140556
28345
135132
61507
105989
50235
46189
106994
16695
157748
49004
84024
83191
21416
134297
146731
71590
98272
47963
70444
84084
36765
12515
14596
156731
165720
159619
34810
70331
83005
120549
73137
141121
118563
126999
55854
109637
127985
33914
53133
130125
23404
112716
81785
17159
55094
167802
15663
6994
5355
14812
163951
120939
102006
142704
75449
60791
54377
48375
73434
151086
75185
164094
63404
149411
57061
25574
20111
101019
113555
111200
88838
167163
130583
121292
91809
113511
158492
5947
47864
97313
50473
142519
13306
97435
77950
99337
25395
99882
134010
165872
15571
91613
119531
20321
138410
82240
153161
150640
149043
10564
119914
87287
139617
141707
28617
42180
116061
134082
93350
78591
138406
119697
24062
96530
88426
144598
56073
155191
30069
128844
158315
82217
37855
70137
119891
75720
124463
103696
106214
162845
66847
124549
140062
114294
149230
82674
79732
26428
127817
128932
32193
13012
49919
1715
13683
52221
13766
27736
33315
29152
156307
76769
21854
154195
124791
83170
29103
167106
133822
130667
33790
61161
110011
68124
90243
101189
140775
90030
147270
68466
136140
57929
110795
122526
63638
123691
40393
54370
136010
109116
137615
168377
69289
65751
100146
147818
97014
65010
57607
27101
116676
30902
8787
152274
119153
143430
144535
25783
137156
147134
125065
144078
152307
163831
59876
124559
111096
19542
154911
121060
122500
129079
18211
122794
45311
93336
139288
148473
15907
167440
50624
20979
76674
18418
121704
24116
136703
164305
130758
161041
12948
121894
113258
16635
143114
130309
33585
50883
159734
110362
19137
114916
143595
89331
13373
168711
104083
145871
64659
118916
96202
166627
130967
94114
166007
136533
4160
51233
69153
124042
36142
48398
42428
97901
19223
48634
74437
67245
82866
889
66680
4267
26640
64477
159449
51561
3073
84034
49062
5007
32178
99063
75569
16181
33916
44604
71317
136966
103617
154516
131995
92409
107785
67923
55541
21011
66157
9469
103423
30690
93322
163020
67122
144649
130599
79044
39222
151268
127578
55142
84612
16150
37430
106319
130468
159370
61140
74101
99357
34947
30568
83434
162065
29009
9410
162374
133439
101542
165271
56238
95281
20097
55642
158933
166529
50270
86063
78870
161084
106966
111938
82451
39546
121513
66444
54394
132563
54648
27701
145825
53001
140683
102001
59340
115562
17536
10335
77397
105843
120337
45468
90702
46777
62281
57560
112117
90800
158132
56753
73219
98497
30209
5074
38461
13429
70942
136813
12718
155118
117430
112541
148555
41712
1073
2658
70988
28549
28161
110381
15461
86434
68998
57981
51043
88070
124627
137727
168091
93581
155785
130043
22497
106221
105785
52485
58972
66818
154763
83129
147365
44702
87013
101728
1024
8979
77214
153500
107190
46412
123488
151049
3079
120181
9574
20472
58193
105864
21135
27379
75192
166819
135957
20119
146625
34415
147791
56532
45758
165580
45843
54079
110273
38585
2647
22927
9434
90036
56253
129975
5383
40974
167203
148871
94674
68361
95112
26061
13284
156478
13765
156795
63565
96298
119347
136921
25152
142466
18404
74076
33277
157117
43880
160945
154232
100928
73726
94319
65425
145820
47521
100668
99769
47639
130592
134436
137631
10052
38901
159573
36268
127619
35760
8165
51172
77578
104183
141586
46061
33054
165604
166482
103175
99348
4814
161403
135456
115107
60413
60568
160636
167124
123208
55352
150908
35186
52976
157015
2747
39628
136393
2005
81813
73274
153082
18801
2481
65542
70672
137125
52287
69550
104062
16729
103736
39104
109649
150239
134685
117601
62194
34046
13817
20949
139322
97164
92649
132121
77147
55433
43998
156332
64971
128320
142589
6080
108429
29023
98359
36652
61599
74257
69482
19439
94521
155465
115127
47034
85043
169116
79724
73797
60656
63211
50564
126328
79679
140505
141505
3098
78384
161055
153121
165825
53308
151953
73517
49536
160978
42528
156817
11806
98983
143664
166118
60397
149463
20334
67194
14460
157138
9976
6821
87193
141719
162412
94398
126892
42379
14181
64578
38552
113489
122666
103927
130347
118987
16767
34948
166853
125106
59022
2895
78866
118986
128714
24075
55939
148012
4807
61343
63409
107188
88673
141159
32481
18724
65415
15578
78274
115288
40126
100016
164923
123912
68849
27124
113063
58395
90363
67542
80311
81666
98687
124152
3675
63728
90624
145362
166610
61347
75487
157696
167624
53288
25420
163667
106609
67631
99062
145411
83157
78492
24708
147766
48077
90722
53743
159893
57039
95595
40331
37571
145014
161085
4558
166520
119002
91913
64926
150456
29566
139246
75832
120134
136029
81287
80106
124544
67478
119251
29454
23300
143151
137524
65712
98126
125236
109469
92901
154864
13812
73196
93236
131202
54932
166575
78645
123948
117423
9899
160609
72748
35815
90904
119947
51124
42052
47423
33843
141456
96489
161892
18012
63532
161857
42501
95526
101560
14244
18793
52759
109804
158799
112705
115717
159154
86472
58433
22024
75181
56192
101727
124297
37070
106864
100452
32729
119608
44619
72341
50936
99853
164930
27639
155686
84982
10844
32803
3009
5773
88298
48745
148785
132965
150510
96466
12062
132876
165122
12797
86438
143299
2028
20222
112820
135691
62121
146259
124844
148135
112001
150390
3049
168171
128165
36804
130180
31864
101559
113271
62231
76014
36690
152171
15541
74468
3626
113210
30847
6717
1582
23392
1466
77618
85900
74389
168074
41024
75012
139104
924
102321
127860
66508
7110
54382
63290
82471
11785
90288
22407
90945
123278
137866
57723
57381
67464
112076
33488
167643
24458
144432
88647
26938
64005
5406
21520
58144
12328
115260
113264
116213
158763
101283
144848
78323
12337
167340
85166
7686
139605
56811
80383
78601
355
43703
88608
23060
123210
45904
39595
52551
115890
84255
19907
70774
104097
23309
31631
137778
99087
142566
165766
124676
85142
168894
80713
97920
96020
68344
24692
65490
130169
39498
82950
101838
34433
61205
164142
52152
76746
144963
75237
145363
90505
100457
87658
54320
45546
123092
142078
56403
76280
59657
152172
8474
79854
121581
53303
55049
122307
51046
12096
137822
114451
127409
43203
15139
104438
8656
33961
28800
65091
140478
104802
134144
135675
42245
41241
148263
115985
22781
121136
147411
115867
157331
115849
87735
81278
71812
127314
11663
96234
108894
46558
111176
144039
77775
9837
141605
149455
130427
90688
144551
119619
17517
11322
116054
11493
44982
52018
108907
56792
15110
93759
103179
158425
154604
154793
114482
14668
38922
139378
117010
35577
148740
65589
143300
157021
146957
156564
128417
14321
30401
166620
49328
116885
90927
165219
61716
64942
36608
143099
18417
37396
4302
75221
133122
160534
72865
155640
66065
58799
22182
26718
159107
106102
149396
80402
41801
93004
147707
160525
75908
1867
158950
58716
128593
12787
129358
83815
139407
95935
70270
128807
22347
38069
138518
143345
10859
139254
31931
75507
142743
66832
71962
73709
119053
18713
62755
86424
92934
141016
92261
118437
46154
15357
163949
156129
114658
134779
163277
125158
52404
127278
67870
166003
46941
86684
52226
144565
123601
82482
30929
27366
131589
125249
151610
111662
166770
149155
41060
167385
140449
157051
29188
19140
161377
150715
160284
127025
80608
146066
55687
110261
139186
110281
39942
91427
95580
49794
75990
111745
89778
79080
130629
137351
148056
139883
138023
71108
155103
153318
165714
154113
39133
136162
9930
163137
6311
31104
72086
4811
146031
55146
105702
56453
74463
148218
151945
76771
86397
147027
24449
153705
66841
54788
68924
83639
110071
159526
120609
36881
156975
3477
19490
89712
37502
30941
74438
123222
19851
139039
25385
30365
47751
109148
101900
155586
164896
15339
104026
108294
160258
158557
49280
60728
37781
146528
19719
120672
64626
18485
121398
43717
75786
21954
142083
47558
82852
85049
129566
88464
24151
76350
116775
106878
152649
84984
99924
167656
133169
166127
71738
98645
87415
27320
143358
104895
88906
10459
55976
125087
48759
96561
3775
55228
6927
77871
123610
45024
123898
19082
6212
103512
27035
36532
23746
28438
86184
100410
69931
704
149592
159700
103049
27428
122264
123337
152656
114919
7995
121286
48621
63362
147529
12527
75793
95157
49900
70108
131399
76078
111624
151985
150322
92005
44549
77088
140837
54374
43210
62665
41389
168983
34123
53534
106880
67349
127607
146790
33185
83677
132852
122621
166554
1710
108607
114586
120507
117752
150837
141642
145595
96602
82716
100822
130965
42248
134121
902
10944
67189
10785
153695
31484
92582
11100
44657
59561
101044
73429
78906
123551
46249
108458
159791
105275
68052
159101
63629
36568
9272
59923
98525
99414
59349
6834
22312
151747
125497
95733
169044
95947
89684
26823
49787
25345
4964
77814
149446
116737
107560
153026
86404
140086
106625
128746
42744
132783
45462
95084
148046
73836
134049
138807
66986
81851
128478
115202
82300
1203
56738
118336
160282
92647
56434
132319
2966
41545
69040
94148
157909
18304
42167
93445
151889
29760
66510
44231
5348
125252
10119
74111
37817
4698
30994
134747
47344
134641
60675
90996
32409
11794
89009
143227
161178
126863
33657
51304
137464
21117
154737
14774
17740
80217
161714
64861
96223
66314
29267
163479
68983
6581
61923
113761
103282
84684
75725
69986
62068
160566
165785
120533
159622
153598
68918
20027
134257
137061
56096
102799
26062
117871
133525
43529
90655
151770
76108
152130
135463
36350
95795
64495
19586
27151
25826
48049
21875
88090
132895
19782
83227
19861
87168
79966
48935
8011
139207
158874
110107
17229
98586
150342
83454
81872
164465
88441
155095
76775
63590
78565
158134
146440
54070
158151
20371
168402
40688
22196
97466
109139
125100
65372
148542
65134
68986
12247
107138
132024
58025
49259
110180
156539
88815
137869
112673
128156
111273
107121
144864
67959
54393
41883
74636
20039
99409
108854
92059
67134
56625
46625
124803
141346
26026
134844
93744
155828
76862
26743
1558
55662
97169
30324
41717
111110
164866
133173
136061
9383
153212
92426
149041
44815
84528
102943
126432
33030
116027
51424
160602
90580
27000
84610
7322
44726
81501
97740
28086
132003
44759
81411
102652
131309
14803
147108
68445
43401
71871
113836
150566
58836
159273
69955
154702
56303
166448
76081
148858
17847
14855
33504
154873
54955
160800
139643
111151
61182
68604
2073
3992
54388
35752
108757
61500
53306
154959
81804
70388
12419
32385
140300
49856
101449
47225
157083
70869
22241
158339
4361
137942
127376
42169
119746
53376
48931
127787
135866
42775
1878
17588
98244
142708
99679
104931
11591
115079
4149
167508
11960
166598
110697
15328
106220
30106
126689
71013
9360
112546
68199
120592
36412
94201
153551
85943
99322
135965
59384
162969
1566
22784
61778
120186
157956
116125
46744
154706
127986
160538
57194
149869
2724
99765
116993
17612
148897
153010
5636
71615
153816
148119
75346
31107
109765
746
93714
49782
147327
1977
98566
106020
99562
27491
162339
41559
79473
104429
137013
89046
8420
70010
25459
38291
120586
89811
107446
21012
30900
89366
116898
56146
58393
80426
32528
163659
130506
159461
66053
56655
115887
164705
7805
90289
48443
8701
101896
155552
52845
131963
75279
11749
118251
24199
88958
44358
37261
17858
11512
112463
7983
41445
100232
143118
100739
24319
19813
48193
85223
34082
33288
22422
101677
158559
124207
116599
121552
106497
71901
111605
7797
108675
26291
15513
34130
145121
89243
169121
67156
115362
152794
78841
236
2406
40204
534
150181
127693
82117
25923
12694
78002
101116
95544
5172
72449
26411
93939
160991
115322
123036
40743
34039
100758
8184
142328
126545
130304
128318
23378
121425
102023
116195
109606
41620
111291
68285
45277
111150
820
21937
78508
66403
103928
34440
83933
76756
103126
61341
7859
50294
130075
83994
38603
95209
130896
159968
116459
45106
79007
125059
66764
103972
72735
158156
97946
130772
75521
29369
42955
20918
23868
8716
138763
54310
143087
42755
167944
55621
134460
88255
66705
89677
157060
43704
93352
147130
63468
40345
92552
151644
142370
129177
144158
153147
149832
168101
68845
102841
49281
38688
90590
49452
29864
116901
109099
158308
31233
112115
29692
63061
61644
27467
146443
117938
77748
52942
75370
138159
6193
87282
47236
54337
100098
151935
145858
67055
129900
16435
141980
56771
50604
151378
89130
19238
150849
1662
159922
93536
70868
135248
149333
3351
96512
57585
31572
75304
1530
154290
36654
162924
110393
129278
131965
77051
93571
49136
33334
18129
161453
75257
71286
63116
18058
122260
26827
35967
28111
132635
130900
86807
95414
144868
131347
8392
111321
142249
111969
147739
76243
132074
62770
100891
165413
164918
34894
79649
117244
11853
146233
56314
155981
92652
87060
80544
159829
59766
145935
68328
110421
57669
37152
5546
26921
99055
73615
45040
137207
108383
95761
37916
84472
93951
81986
17410
12
108654
103459
104455
118575
161585
149027
108012
57826
122757
20961
69069
62077
152706
14924
53611
81384
68178
151555
15383
13877
54171
87607
155354
117073
63110
63685
147799
147491
145444
89816
3707
36533
38208
93704
73232
81621
151440
98527
51075
14340
60426
32374
163088
123880
133584
29867
132315
9046
107340
16250
16429
108649
83830
42513
72812
32442
166739
46964
41636
118023
93514
161822
111363
118367
82113
14005
40630
115533
168682
56275
132742
28632
111553
134101
66958
42859
6747
38484
168923
100398
87176
12137
91056
117868
17608
24543
130690
168233
27459
19958
127523
108434
88896
13569
72346
133507
41563
119852
2360
28286
42009
153110
7988
142359
48349
163684
141467
14843
17637
76520
60838
6733
69873
25169
31621
149527
125640
54596
160487
1227
112192
44376
120343
79176
52948
118259
134843
91281
163754
23635
65626
144926
101249
72648
110859
63159
39111
53420
17468
116636
127833
97122
62917
91947
78594
46422
109265
158652
41537
71753
112862
32401
114743
165618
47694
49688
116598
39370
30142
2570
123005
97553
21938
103897
114726
17629
120066
102328
19868
71692
148484
111192
59256
45335
82231
132522
124908
57160
44707
46470
10789
5575
147713
119845
105007
37490
156819
57149
87380
37963
148103
129939
162619
91104
15660
84336
81660
45559
37317
56410
17144
1457
26472
28819
5394
18762
67664
167928
88312
75103
107585
113884
166820
103373
83093
93680
101736
32460
119222
132228
103831
19331
79818
77149
92990
44065
54623
88936
112097
154530
63661
92001
144041
124359
68138
138737
99178
49254
57675
120047
48684
69659
164646
152823
81910
75767
817
55615
147304
106728
120680
155859
33844
18584
86320
15473
1848
17778
31687
126547
6870
77325
115957
17277
35774
2194
85336
16143
92821
146838
43847
119023
46927
163644
161690
65089
27031
26923
96326
12134
73384
53624
138565
29480
152213
14824
16815
47699
43325
161310
114444
59566
71477
100848
64432
49158
115648
132460
14131
1053
40632
125355
109882
118391
37251
67192
32752
31134
86282
141119
157722
28213
45276
117442
95857
131147
64486
127209
119316
6979
114499
54296
121247
139443
16943
116629
164145
124468
99702
3310
11346
30100
149520
159248
160204
14859
57323
65187
26454
158827
163207
139269
121479
125332
2334
89433
120562
108407
9098
95368
152469
60532
167450
135915
88275
40910
27688
50747
76599
107087
116203
123765
155517
152674
156345
43606
163243
167022
167722
120376
107517
68904
72180
90096
144133
45565
6326
132304
67820
52781
147833
11607
118102
5583
97406
123538
107175
107671
9179
70526
27846
141713
121373
70992
124976
3740
157143
34985
153373
72689
42006
27253
155460
130064
66179
8325
152616
167246
130237
51297
112452
21460
138595
48148
53468
62113
50620
167143
83050
44558
133887
102625
136926
144815
153259
10764
130641
15235
16100
106397
90732
36077
33766
48584
9133
48917
109372
143602
97286
129947
73814
148891
95722
76202
80060
24820
135407
27720
84020
16509
37249
144501
19486
117452
116785
103812
16775
145934
78108
69472
160175
77014
145485
145269
83664
84727
2269
22095
54571
155364
115238
98375
151586
114479
157187
155876
152822
166861
58900
109239
32519
74330
149892
141567
69704
165798
60997
163487
126864
124008
52412
146945
36184
3339
138786
59427
84571
166997
117492
6045
157003
155030
25677
70023
479
21734
101167
84320
116175
167264
50935
34865
166214
68253
25740
153693
12178
20812
161201
108394
29058
135306
132095
22450
48442
98600
50143
152227
116784
92328
53555
146413
12636
145142
103531
137647
76107
10355
7176
34625
65922
3488
40765
131851
34565
130246
133713
26264
99191
99282
46758
93926
47342
64683
135758
157069
159168
38297
102534
147838
279
117271
13457
118140
82205
5396
27225
160690
145041
120045
37298
46165
95624
113814
131914
166697
119007
103720
35009
21139
72193
22369
125006
19264
106107
127047
58812
154731
4718
156078
113252
107989
144385
106483
135311
56676
37355
165858
9769
138795
72846
115780
111750
162094
166052
26175
122042
82093
34200
76478
65785
124702
85384
18305
11580
85969
74486
67645
23446
35930
124894
6955
30877
42419
13532
121312
32489
126385
11206
7034
94854
74129
149816
51626
152627
36300
59215
99640
14747
108234
47166
147000
1540
132449
23278
11218
17645
90559
130361
161688
106613
32415
37579
61646
116855
32049
117879
133260
161599
9565
55206
7262
91707
58252
17895
75263
69565
57916
32279
120959
107275
52292
100508
120480
116050
43615
156932
107553
150090
79692
129541
66170
9010
65558
107405
67623
142871
155485
1215
7420
46344
128968
110970
65092
53766
63791
163348
5561
14105
45296
61751
9960
100721
155917
58153
133485
78678
9248
148760
149604
50491
49792
136744
50920
130455
17677
155
11130
69950
167099
51601
6669
103159
112758
13354
106005
41244
68001
162573
115649
105586
138660
5767
79755
159345
165303
56586
118041
16256
116437
66108
152830
132469
126293
11827
63519
4046
37924
27879
55263
74312
56268
42036
7926
126173
44028
3267
15264
150436
82581
90194
41719
1200
109253
151118
110090
89679
102837
162013
59739
60150
92207
9015
18074
168043
21466
165338
62512
14827
75866
125662
35907
166310
68823
90334
14667
164156
3715
90909
153157
116144
96490
147206
21845
30441
144510
103186
59221
119512
55445
5181
110147
123892
155309
9922
94829
87765
82788
20708
9622
97535
144072
165211
116111
109389
44269
39820
79712
143641
162571
41808
118045
82793
57493
46889
95444
103872
14273
94117
99242
106003
87751
81921
85573
62205
24740
156310
93233
144463
128978
33207
69667
12686
135569
143255
77543
123351
114365
18590
22980
74388
142523
7604
151093
157072
117764
126955
160545
34246
89288
63078
102647
133100
157501
131176
109075
103675
9186
40281
135891
112141
116345
57290
8691
119984
115156
117725
91713
153743
127190
4409
29641
77341
41412
162551
65234
14992
135517
130661
61011
167689
40836
109928
39548
113403
108422
38752
85782
42704
162862
80705
15070
22572
157649
119366
53438
91761
106642
73270
72453
43133
49524
63207
2656
128897
92112
54918
122992
153386
49099
109421
145234
142759
45023
37229
107977
2959
120600
40989
113386
119547
72936
10125
112317
2964
38868
166478
168075
144179
83387
37903
103806
99124
91023
156872
143534
190
77933
161129
163676
1697
137225
108342
146795
29516
135251
122525
166492
110554
137725
101229
150961
103572
153098
122001
152679
142530
97400
59118
156027
124087
8257
155822
139084
152630
112714
124944
100271
49082
121387
162639
28464
61796
118647
42574
38187
15888
113837
83491
140537
72889
38888
48986
125950
29233
62076
132905
57549
39379
4230
48070
76265
51309
79821
135431
99012
125295
130133
120436
75954
71551
165205
56520
39048
107378
11788
64595
25301
133066
8881
115312
134076
64550
67369
28029
90299
90242
12928
94421
99707
14462
116160
56209
66165
51705
31865
7737
67490
109798
81303
154721
150009
141228
152016
55495
154003
76576
5424
49053
156884
160885
153601
118445
114553
66112
124567
2728
164593
121811
105
100287
144327
83008
17826
142305
53852
147324
133924
50174
72786
101921
27221
37859
157786
148002
159821
45415
80575
75794
37274
144073
78894
78965
17710
155472
53719
32163
121191
49692
96690
59653
129797
142908
137485
42458
140591
142933
39646
24410
96447
76017
72084
102509
45225
64084
121926
70518
66505
138305
151019
155938
106579
152288
2853
9956
71450
50280
135881
158286
123711
79744
39477
52737
103277
152867
139580
90952
143261
29053
99986
7879
103139
111146
160470
10727
52509
31191
116104
82131
99818
133971
73123
64309
82398
165498
60289
95247
28697
4386
50794
80673
80015
27285
114488
153069
111931
156557
67140
67216
80995
10309
40013
146930
16123
75315
69228
3738
20043
102386
89657
101504
104656
93161
92379
155674
23568
108479
155021
156374
50642
85591
40238
155220
508
72670
63417
153728
154057
78023
89494
77799
148929
95113
61449
35018
8157
14742
130187
59728
163516
140855
17404
17019
59651
119497
34759
16227
3464
103102
79294
77719
76486
135076
9345
158635
92402
21469
160721
98442
167043
163863
2349
84454
109801
110526
86526
158385
8504
108880
108983
88213
8835
42249
74218
43206
116062
21405
65410
32749
1109
119563
162083
38651
35570
130894
115086
167294
118007
157761
73399
94992
134070
57986
108215
146513
60003
161638
61128
107417
127241
34615
145167
75694
56872
36414
68690
128213
36505
153554
61364
16904
112818
152089
69825
88821
162533
40498
71494
32512
106565
51040
165744
136554
157787
145854
79766
64483
103112
70024
125549
91664
49377
79236
23240
64284
22597
117298
108327
67102
61565
145815
120028
106458
135022
78186
43808
43384
46006
121328
38317
93566
135959
37360
161959
103843
166428
72342
45627
139478
72002
53170
36469
135479
55100
124848
144693
59117
56232
118676
101654
163161
153233
162921
15547
167891
147607
7409
166462
17226
122208
147277
18060
95407
2226
140272
75396
9074
79801
45815
49961
119332
4953
157825
80425
90122
50569
15154
73586
18872
153403
42897
119605
134877
27228
101983
10993
143829
12343
85445
29190
101248
153811
30102
42497
147793
93412
53458
69217
86335
159924
36005
155263
58589
78569
55344
153404
161821
86986
3741
63964
7472
119182
8052
124645
48472
157034
76291
101484
60556
126200
166904
54965
83311
94490
153514
139488
123668
153990
44014
139540
151255
146387
80434
62091
31615
37760
21313
165979
67957
122119
33693
2973
166929
44334
52354
149553
102880
50226
28304
75007
14697
143817
27385
126429
42490
137542
5550
85460
31079
115878
111838
104945
128609
65204
92377
119411
64029
130184
137154
83252
47425
120262
110482
133257
100335
29193
94375
76432
112303
23385
120523
18316
74386
165466
112154
5764
163870
12526
87523
39259
33368
152955
83213
138612
91132
29984
3305
167027
141344
30104
87821
46598
150810
65125
127959
126625
141690
135580
73483
121771
60578
15181
105972
167600
87630
162745
109036
85784
80548
27912
73609
150580
137742
83316
67448
37851
167795
166305
162258
17558
158087
89077
22291
67196
53617
128008
151938
54192
18427
37378
124375
85729
130640
24392
41447
118759
46685
110611
25739
21641
50894
114954
97291
67412
14454
49928
115001
67069
64576
25950
11131
41497
55378
159002
111715
86509
53836
109915
102077
25637
60776
133338
13999
152382
112136
149566
164768
51236
147517
102585
131902
52816
136454
130757
17095
4916
77761
151916
167182
62720
35749
84889
62112
87898
48196
4598
86092
26221
50695
54528
2934
104023
58821
82591
107382
34286
136455
128253
25953
142319
117314
39535
86697
8980
41252
127854
8035
2322
63649
111949
103768
151695
113690
7094
134204
12222
46694
58697
84485
64329
122801
155267
43399
29162
131067
97123
162138
135449
37698
92973
97922
29667
2601
124616
41465
30976
8187
39553
37156
145172
22938
52822
103588
119419
97616
142007
92341
46833
110981
8453
97781
98926
90162
29285
4265
69030
111886
5582
58879
73925
129014
113246
62427
36252
100132
102983
26999
71280
150795
105679
2099
51475
116659
125927
21547
133803
53684
158332
115384
105067
27168
127065
63006
26238
166451
35244
68472
44402
119686
90534
162509
55002
9268
56777
109065
111055
70750
130175
95506
135652
15303
138879
72310
103096
131500
109642
157906
95572
11803
86741
46776
46387
80258
1269
39671
99459
59462
133841
80285
41474
52907
59122
48789
40437
101238
94880
138382
151122
37664
139130
168328
109886
42882
143640
39364
51348
91815
126812
47982
68002
129593
134031
128758
129530
169034
32496
71488
84236
168598
93914
34945
118821
71082
148686
50497
93869
16505
132461
53810
167462
160956
113988
8743
16374
64015
111318
68989
163638
166916
96950
43567
94692
66725
152626
18716
113035
138192
39086
68356
156848
50418
38496
159981
93138
103123
62234
120639
16457
5811
33678
53014
109281
28883
120421
145983
134509
44538
32650
123650
82932
120660
80553
162170
35635
86233
66529
120975
59652
34719
70085
23987
113134
32870
101040
47362
35120
51305
158529
65905
144678
34808
4878
137059
126673
88709
7889
134563
25339
37810
163208
52806
135217
97175
12696
15492
32901
6422
132557
60573
68659
140358
117612
124847
106430
15936
30295
149551
22175
146753
98035
150340
87985
127784
164155
29495
93025
53106
59589
129713
92903
13937
118956
135042
141757
118816
85875
110839
148957
135543
167679
130412
71734
17922
101911
56021
56125
107374
64387
154892
59158
157380
93179
89921
76778
41703
124990
80187
80540
76604
81236
33159
141900
53584
44733
26012
74117
160269
104238
38750
141095
8998
54707
131848
27328
30174
101751
59393
148527
109628
79927
27785
84335
47913
77381
125286
150415
6924
151104
69465
43171
166295
74662
83618
23709
43596
141532
127482
103598
166244
130363
12558
19188
141574
30055
119924
158159
150167
67678
115083
101889
80957
146577
63072
83261
114044
158675
35425
134503
98138
94736
154575
111472
160162
52669
34224
61911
48099
122661
121397
6770
68012
119452
64691
156163
134155
88632
112487
24333
48830
151211
105214
87078
3435
113275
70973
123369
64490
96429
165140
146095
14846
8946
82038
48020
19785
107388
76492
3141
135862
80964
164031
142699
162539
30780
86837
19592
46065
115549
116861
38369
89308
130004
70791
13528
64324
112830
69127
51334
87311
141700
54990
101005
70221
22558
124585
22494
62083
17505
128451
55765
92724
23852
159239
152693
150067
153071
104663
23160
78942
165265
7706
140667
22035
94791
127922
23312
18038
80529
94656
111158
163300
38428
45362
163003
36027
65965
6507
52706
116995
25513
83063
50765
100391
98469
82161
124653
96483
79157
166153
122151
7860
92601
68521
167012
9560
41707
79765
81443
154748
105345
156220
1795
167842
117169
104646
138495
22233
76772
131739
41111
169248
53787
108636
20272
42345
22984
62998
105612
107543
85490
166473
166389
50997
24097
65616
164134
149423
82998
79331
47492
129858
113621
54118
120150
75222
6525
145474
142311
141428
151636
166902
100084
125403
14819
72107
60205
10224
94565
86605
151943
66683
161450
6337
3296
6626
24186
123858
41176
30368
48819
46906
85639
5949
28732
11866
64160
135850
29777
117736
107539
64431
168367
167415
134728
34577
30282
28655
68837
36727
69914
26017
168586
168937
136004
43060
124490
63065
161177
72550
71264
113712
15400
29723
159543
104921
164098
72552
8705
3134
38144
47251
159623
14752
88405
133362
93423
99253
34384
28968
27939
159214
15228
94314
130778
45282
40101
92813
110737
20346
66461
33114
33292
87766
121508
125618
72814
134002
78357
110601
152807
57611
36696
26301
104838
66086
11432
123943
87080
96314
62163
84162
64931
45173
128817
157736
161743
8317
41313
75843
125596
9641
27979
122512
32822
162672
166137
116487
9094
12404
127850
28959
23297
39910
59590
135507
33323
153357
28065
34525
69640
133172
39702
136586
49326
130780
107047
164701
62094
127785
40502
120149
22908
36465
69847
54779
106838
23803
161906
134028
153706
111474
134242
28929
59321
30982
4660
73707
78114
7291
9310
39968
120203
94068
13991
59017
22578
94289
151928
54985
57966
7317
74084
30424
144053
64184
45340
78150
29324
72664
28180
68898
39448
167263
157735
136914
162263
14
91603
6450
168508
54605
115970
64308
151143
76675
142913
141389
91663
139811
112062
128499
45674
160070
121469
95349
167325
19225
9683
144071
71822
29365
141332
10253
19066
89076
101036
20771
122949
5859
123243
24803
133162
87100
37455
27791
56037
119637
85832
502
160497
128316
19239
71900
159454
111888
25858
55966
86067
57376
32302
124542
73276
137867
71098
105545
69979
2453
84593
132046
99009
71809
117067
52484
67703
135384
40036
95702
40188
77250
154987
58403
118769
42206
60396
131276
54746
44233
90988
138183
66751
151491
168868
65929
157377
142082
98269
93214
41697
71997
74287
154262
155713
157405
153901
78106
111468
51358
117865
81383
4583
112969
111909
126715
143912
143176
112637
40635
40694
49767
111723
104661
26863
53912
131215
119385
60819
42851
17979
159329
46343
143809
45780
121569
167190
19994
68104
56670
125863
122551
27398
25264
62154
159314
34275
19965
58883
48856
11907
15612
97932
35482
121613
138856
95866
146837
60927
47946
159739
42761
68022
122808
69752
159030
85938
57781
97605
66277
48951
28573
161515
92657
101372
118320
154710
11638
90830
65232
94477
85353
69383
30299
22695
32599
1140
52202
62814
72593
133225
38950
133612
8824
149531
3500
115505
75009
64984
149573
91932
26919
51892
39396
80009
34066
33831
103912
67371
62070
113338
132613
99188
12870
33152
120299
109582
162133
132384
56535
130977
88771
47137
88767
17521
40819
166605
159933
19746
68919
135390
73454
159044
40758
29727
154685
116680
155443
84649
22637
160000
138392
152528
59408
130082
59284
109137
148486
16379
121096
100815
2544
155680
128187
125271
17432
25984
92146
157309
61928
72422
9024
21701
22218
88893
136961
31495
99496
99996
144324
68454
55606
15281
69910
82268
98236
118240
139286
65304
34171
71636
71870
12415
11107
156484
107976
22058
85226
159284
52189
13338
118599
167838
57023
72745
149521
100430
85949
50899
47056
85779
10940
150469
144171
30862
22061
116839
119508
23856
97251
69300
123517
5339
25913
5910
88733
64251
163194
72390
144222
118608
21914
144471
130747
19735
143696
29703
164333
131206
147965
40710
12688
70709
166445
167452
164451
134847
53124
163876
7950
32274
32278
31472
33884
25598
28705
102483
7400
145438
147225
96270
142124
155829
120765
3593
21777
33487
15969
104862
121071
80902
166890
20511
69213
74310
107854
1360
31666
133778
74582
117241
122067
108226
52366
75286
92944
145564
29923
26040
51484
111597
148854
111591
62802
49970
160777
130994
143661
46861
33463
96309
113481
110704
45935
29336
74878
12911
144798
124161
59719
54794
161432
23924
23147
29539
2385
120491
122218
31338
85738
56602
74669
143533
110579
66785
159648
30276
147439
136260
37409
29600
421
14660
50901
42890
62909
145589
95932
97973
100246
167555
158025
114331
48255
129635
62441
48231
155567
56336
37606
146835
85470
3387
51854
80097
18685
142978
157201
17044
44615
109392
147609
59227
130432
14147
165411
72739
138936
56698
122889
83514
91004
62740
155818
53818
15051
90978
128252
38731
15206
39608
148005
80051
105362
49864
54007
148545
103345
58963
124988
135561
60961
119883
48817
70021
156126
134855
77737
132769
17628
12014
165711
36738
95222
75042
128691
62415
90581
17210
97701
68441
92299
55871
41874
121622
98959
36269
74983
76702
64105
44834
132683
131550
70603
72058
113799
151040
97699
39907
3691
29655
8307
134799
67560
151984
113140
40018
50403
103106
161141
67356
30175
103535
23416
16542
130158
2296
115400
7729
16894
42873
70489
78907
73460
139992
12680
62075
134419
24237
116948
154789
69796
80242
20202
135530
80761
25326
105670
140796
44217
168822
32316
39837
134853
55937
120960
27987
134375
88939
55059
32510
15391
48516
29605
134781
33081
58101
35688
141601
98475
9090
133866
105529
94554
85963
94824
50383
102661
38305
127201
77551
141510
53863
99998
120658
120739
167094
42674
148082
116593
135155
103296
99295
41263
10333
139291
72174
18802
120322
116597
11042
18806
5578
71950
117588
126634
12008
103146
50712
144084
339
94070
130981
22587
55498
122768
2519
163038
46983
134916
53027
13598
63357
41307
154310
37943
6039
121858
84990
100469
21181
109245
97376
138290
78514
16791
24728
77455
134446
131488
29435
148314
81271
77425
139915
153718
114739
148027
37141
114391
81734
44312
167372
51683
12899
61943
71027
122330
59304
134893
146394
145875
119390
115450
53201
5964
89596
40140
90528
67675
3748
83622
5835
30475
62934
86330
135979
42522
150268
23819
26862
46844
10481
129925
93069
104463
53206
132085
101351
99623
156147
156794
160878
129767
32253
7306
162056
33658
51995
149386
138379
98933
71094
17003
34102
18646
38673
155247
153530
6722
41730
17887
46321
12492
128091
135877
94728
118444
120893
132
127558
59005
38126
99335
62889
114567
16608
53046
35419
1168
115486
38967
51617
15375
103138
41836
37077
53657
79242
120885
93888
145710
154483
39283
65587
13276
95003
3852
75348
142377
128047
128398
65376
149897
109385
62671
15935
154806
148776
82476
47813
38658
78546
19957
114501
134172
166695
114857
64633
122200
63996
155926
107232
51009
145501
148916
8675
25614
144187
136553
47615
78075
18078
121516
136770
155619
19540
101554
17079
62056
166427
129789
117186
149402
109113
162047
8263
151777
123091
45880
133763
136987
33849
20678
121178
103560
158065
129721
118834
80186
96863
130504
138757
63154
126406
121987
151879
9868
1346
44622
53449
8891
65139
14960
91275
127636
164474
37848
78726
3570
41255
29448
32244
35880
44459
51062
91125
94770
140349
160632
150527
9582
163859
151508
12602
4775
98858
142932
162168
156890
143914
53029
13378
25650
7348
29551
30538
148053
71385
60409
135565
59433
94089
130358
91247
52448
11833
159052
52859
25980
129920
137295
154270
56178
11034
11689
43431
130297
63575
64466
156259
83052
44848
19391
127853
128106
51361
120212
56870
49198
95049
94356
61206
49061
3563
17139
61087
26141
80565
4162
112096
87717
105759
161425
22791
144059
8875
58267
28751
52160
30712
34793
56008
24750
67875
12601
131172
155650
73949
66397
31377
118135
45609
69400
147874
161859
71113
105177
41577
6756
104772
144246
12728
83462
164057
19720
46388
31940
85114
21773
134059
3265
23713
96563
97690
149125
164717
125580
87667
84740
125544
111223
33970
145594
57504
21304
71985
134767
85928
148096
148194
52828
138204
96000
73511
2410
31247
161308
46802
37962
75614
10248
3747
110029
20046
165984
119115
152824
76257
115386
71843
118263
78056
128912
40390
60950
58720
168401
54361
5795
163970
125773
165554
24384
1027
152645
25404
24386
164289
89790
8200
72248
24517
60626
164557
94988
18617
98203
12613
160852
93164
124995
14696
32657
23215
7402
91714
59515
41852
83847
39806
29636
150003
5980
48284
68134
116381
160139
167683
3770
33019
134441
149699
24980
10418
51862
162043
83200
157137
59289
124106
115605
123045
59311
149672
41753
68909
126966
112245
23476
73111
22527
84426
135140
140172
49694
65135
1612
45792
94706
72213
144759
89230
108051
133844
166284
49930
120410
153244
140452
82729
55414
130949
142301
142804
29110
39774
71035
85623
106327
128069
4647
141677
14867
36520
83630
100591
96073
52622
133349
57111
126363
118526
13803
31712
11480
142335
103101
90499
14522
118765
57351
45752
167949
105093
136094
150610
118719
51755
50844
95133
25376
88430
117129
88787
20840
105456
62151
84978
21427
55809
45254
82792
150190
56766
62733
112873
63069
62822
39267
46697
8173
148253
155403
120568
52426
108994
153139
158251
161520
49894
79558
43120
46124
92744
157885
106578
93655
147143
100593
57404
169283
167666
9621
13503
7525
54107
57979
104507
23073
94254
129074
125265
50038
165104
165305
148995
79740
159644
65111
102773
165203
74827
143962
149346
52357
157379
25384
154453
121941
31952
110837
45207
71404
22445
63312
12559
162751
40398
64975
4091
124256
74162
161876
125514
64678
66303
130466
61079
63041
135998
7331
40927
103597
162328
3642
69422
132627
122521
135845
157289
144144
152296
138764
89733
50979
120809
45501
165195
148429
81178
146103
109422
39373
76420
126358
31071
118101
45063
60641
118277
131936
96818
37756
167648
166692
20101
38957
82031
70839
20899
108143
54211
139684
105415
72600
132916
110542
23292
159331
16041
132953
57716
91678
75656
73372
36914
56186
11194
9821
5085
35817
167700
110563
67012
52613
23625
29993
110498
147850
125254
46613
136528
153152
154114
82311
160592
101434
99148
66594
119467
14810
117249
78136
87327
78391
119306
49425
101570
90953
159840
165679
144724
3283
72019
168283
10732
31688
17934
74664
50250
95135
72984
148095
133147
125082
28064
115725
160160
2235
147599
62735
20289
33389
40358
157711
71796
84194
727
41568
103402
18261
29500
92383
58187
103319
114831
23607
79701
134857
74248
98062
38991
17640
158350
112748
53036
29952
121666
71661
40145
115326
44133
33659
130247
138979
117964
87235
90887
15625
65243
167311
112158
102581
110483
122262
161636
127398
167252
101306
168494
56202
100539
143442
25458
33848
29797
50739
14134
9373
72647
35098
167260
24440
103072
135542
11899
168871
35420
113398
113483
136820
35180
94923
65032
104645
138791
150339
126212
2797
26964
5979
32237
166425
15975
60223
135476
60008
81592
22873
154240
164518
1667
139100
13552
165066
75106
45430
80493
20618
14554
47729
15636
123670
163265
79746
12852
154191
105029
73277
45786
153708
45050
128424
30609
132175
7000
122738
104382
123843
116471
29675
158058
14704
94526
165699
138802
59947
42862
42709
145587
46977
27790
33520
141668
28831
56937
61984
137951
143608
64869
92550
53260
77670
6453
90038
80613
50410
109494
116274
139389
4178
92449
119444
75461
26183
140519
3799
163584
45412
68259
25937
162176
31500
76448
103924
76180
81493
147676
121395
70293
68351
169298
118725
75318
153114
102264
153151
74957
35689
110417
50214
125787
132447
41430
43638
90019
25537
3354
29080
104286
69468
44944
135703
78120
9817
167095
21662
91891
163610
97324
148890
13950
99934
14681
117949
61475
143332
57216
40495
133531
14574
10340
135191
132474
44492
137988
138310
153799
48431
129466
164035
140731
76622
14657
115601
72554
47329
74746
11429
79369
83793
150989
152598
93626
57045
26338
154332
105128
138174
52185
167616
143310
2311
114287
48795
95198
85848
136999
15355
8498
18655
148115
6603
134384
85562
104958
143424
130619
46481
84016
44216
35211
42486
115931
75953
70994
7590
146749
89212
122257
76519
56583
65912
151412
162189
124076
74459
57326
26686
141372
16492
127156
74807
94998
52617
142105
109601
137279
89620
19244
37688
92375
55858
36516
17222
156232
102288
31582
58864
147996
116177
19597
110796
6797
43832
41902
129662
145695
28720
111290
70457
15668
160769
7354
25538
94799
140828
72672
60533
79498
145398
60918
105151
110609
26143
154069
151271
70619
21410
56320
40139
63562
102007
86596
130553
9017
133171
41781
164816
104160
120797
43980
100308
8885
156929
142990
92020
110696
68743
96645
153701
86444
143632
6528
91647
124437
35337
38294
84223
75115
102449
52795
161987
54218
156290
104808
27610
1616
85000
42526
104540
40664
62949
96790
117947
49799
44601
126376
38390
81573
51663
3778
80320
71697
168650
121652
12020
130063
39760
167813
96550
48232
165432
10240
88214
3842
113784
139183
149707
131479
155435
36954
16135
75121
160914
110485
68455
23355
47049
55444
59166
162626
154349
32495
107991
90545
7564
64853
43840
169027
13022
64671
65159
167061
109272
32380
911
116637
71908
136155
148843
134861
145482
142583
122660
48916
32601
406
123377
35394
74595
21707
123325
133605
6692
130286
6262
139201
99010
16857
44001
74150
74324
22508
97684
92340
90858
18525
79946
134848
10152
122153
76116
97879
12738
100004
166236
159725
134017
130426
24902
42338
142516
81036
8615
137103
40047
23093
120493
16272
97541
58802
130111
7189
291
164880
122518
57241
28342
18242
41916
128833
145836
144062
130995
151252
130162
77820
25114
141273
67043
145032
13899
144094
64816
46421
15457
19488
142532
16473
127751
167328
13254
87062
72263
119305
54504
160946
119287
11374
28973
131964
88598
10653
150891
31564
165192
41245
36021
110792
35459
12513
76091
144921
93746
84866
68968
30485
131832
78295
17233
81912
29439
73129
147976
144487
145440
42518
48855
72809
121686
79197
155310
107584
15312
93182
112321
53411
55593
46162
108749
13636
64024
46683
165341
129567
90450
167699
25549
57904
30845
40042
19747
64804
88131
4946
35627
29726
141460
131978
54109
165505
81893
38005
86399
161485
161362
149511
122479
163192
35097
128979
124147
108334
39027
161527
26451
20974
24600
134970
152815
126647
124085
55053
30817
89303
134094
151862
117054
166479
9406
110390
15581
72222
53365
18582
98301
155722
68732
160077
158646
109319
4196
50435
93132
119427
81767
112787
37874
59621
69513
68101
127856
6294
68978
76805
61277
70835
93501
61978
167882
114710
76656
119019
45819
52342
81450
91872
81237
124334
121363
3644
60
117141
104718
117366
96496
105655
161065
1587
115251
96603
32725
147475
81733
151939
123493
26531
45910
155842
93299
113930
134814
12987
142368
168119
85362
32571
53394
121480
1286
73380
570
32408
9746
7674
146537
138840
21177
21801
20405
24310
61734
81825
73356
110450
139877
162702
85286
71265
85550
37374
102858
106193
107221
23872
150636
166527
139090
22263
46782
45261
133565
93511
160937
42820
114
37891
58091
71372
79129
109344
131339
64063
95175
99126
144701
142614
149388
164814
38981
152548
114917
149839
68289
50431
10371
74978
69288
162431
141491
2118
9164
123819
87879
102447
61395
164640
49317
156837
46728
72959
142803
57890
111195
135886
98285
148975
121053
38239
98004
73846
110466
42229
2017
99448
164517
58373
99221
59735
148915
28085
5717
137044
102009
93261
47298
60717
120724
67917
5098
142991
99957
159136
74292
82918
33723
31385
116817
34764
111497
96231
90641
18561
71965
65838
27914
78298
122997
36630
66366
54088
8028
65801
19045
52957
146517
15483
35427
48841
21665
106076
147885
115519
100479
57368
117620
70185
63398
141907
53226
15302
167629
40552
38091
158414
85874
33746
41503
77162
57311
27254
161975
22064
49598
69133
124488
132858
41523
99318
117006
66504
73076
47508
118790
123893
34907
114960
42312
48334
36874
101230
82876
153655
24675
68264
158263
138154
121784
107619
159642
89779
67179
37657
119691
78135
22120
8670
12194
24056
24742
20462
113650
87627
147656
48247
78629
23142
119722
166651
13655
15282
52947
133720
23510
132647
96186
21934
124345
110917
163645
48944
32157
49835
27956
164204
152564
165941
87283
53806
135772
29901
35221
21560
148468
149788
114412
134548
55877
72642
58851
134507
24532
85150
129309
51996
92937
21379
20524
95452
20906
110132
4378
137863
138531
141577
81935
17841
97183
8054
112582
75057
67762
113866
97827
39012
64354
130151
95398
47424
58130
4726
77258
87079
19169
67635
50595
102444
111772
140706
23156
162072
121013
20891
160438
132525
164401
143577
54365
161338
119507
158095
78748
15395
22479
154736
67449
103418
3666
76722
111454
107926
52977
151021
130916
76700
97833
80076
6399
112712
112615
44056
44939
108938
159570
89676
129312
57845
9725
71486
31937
20125
135440
137404
52713
150351
33075
164773
26756
147303
782
92159
146993
148350
28034
44197
8929
130090
167846
114751
88542
70514
61218
26188
125239
84273
8696
139584
163964
133567
107692
143599
162552
97209
133018
2774
167254
63719
9187
35963
40201
8365
149738
