84425
98908
49814
160198
97836
112307
40113
101174
165462
19545
78795
3135
61466
6160
146522
87584
60331
67098
159270
47354
7097
39117
151550
168622
125529
165851
26542
49544
83635
165774
13886
4479
89080
62641
12488
148022
10957
95109
163518
153347
53049
87325
59419
33373
10463
35845
160545
1410
104442
75821
129007
15557
81205
27903
70709
27833
165926
138842
80504
29355
11625
159712
149702
107606
146370
71632
11513
44288
23525
168239
75359
31627
22048
54741
126074
3220
18228
38505
109193
1961
154291
74854
154012
162106
157631
71997
31398
134819
65023
21335
109349
118167
152175
117727
148087
27883
145896
168164
66135
94914
144999
151930
148264
9701
29002
100324
54439
13722
157644
111508
126507
78879
82912
76553
57360
164617
140964
154081
58898
2693
491
26621
42088
133604
51297
89201
118221
39149
19388
76178
64408
86496
65111
148933
58395
46206
149092
130650
28208
160270
166912
9473
20108
122982
144133
70145
157625
17554
51222
44007
65949
27726
72629
19229
44668
146393
22283
154478
9843
58674
138957
24200
108296
105955
145890
165682
102268
65944
66885
87518
127022
3669
54343
31950
156900
34554
17964
40724
22534
106034
104587
23594
78679
51634
48504
20240
163714
79401
113536
98250
21465
141890
158740
109365
49955
93596
20819
72076
112634
32036
157507
156904
122080
73618
134993
53523
69719
16850
109080
109526
90078
39384
8706
21521
83209
137192
9715
55286
117093
27650
133777
1905
3776
137093
117897
45072
115854
97463
46191
6604
91998
110734
31703
50373
78861
74306
141033
37284
121243
78086
3432
131381
34369
6133
141794
43674
19119
11453
70186
148374
78356
71063
61905
3289
61806
145970
123335
77767
109396
162661
1850
103976
98126
94874
131181
111384
39896
135984
54906
138537
25120
125275
126199
162871
93658
30770
147378
70166
46081
103356
66793
32327
114028
108529
160779
36553
131612
82736
142972
41757
1399
116255
44582
82575
127555
83031
8633
154348
61679
160533
137724
126677
16355
47282
119859
158655
140383
136540
99645
161144
25111
2577
71228
158804
2944
38413
118105
44278
38334
163119
101329
72622
166251
140694
151406
161360
4386
89667
50787
55184
15249
47583
30111
73775
25292
55785
92983
93443
145957
108377
61584
167252
70707
25516
108489
163645
82882
145217
166046
64323
74049
46855
113800
13404
167360
23911
95475
67623
4846
43904
16297
161811
14383
62055
76015
107519
53032
164548
59644
104055
86119
161783
84342
10794
125793
74819
122695
73182
114042
126437
49330
63419
85406
45128
151555
83513
77069
106530
146664
56585
54722
95597
130728
120914
111080
70430
18882
65691
34694
19628
69959
56327
140319
164894
41564
98133
46194
169173
49186
61759
110323
121948
23655
150824
66979
4314
70973
68364
164932
39703
105274
45465
69616
81497
140789
22135
43948
135065
120673
102063
167389
12639
94000
102979
30653
123797
51989
150539
120590
20828
86861
97975
41822
96762
42463
147957
41146
64659
86868
40676
24605
114476
139737
107938
85365
151136
6466
162159
154688
47562
168575
64296
58678
90487
53330
68300
140149
33586
29799
81453
5533
130675
114220
141189
46956
6880
49568
81448
86873
91125
152511
115039
4724
135378
73628
97793
147374
59817
83298
95551
86626
24750
113886
61810
3624
139603
110762
120125
23183
112295
4010
7326
42148
49730
108386
81251
137173
118190
118810
108943
33163
104269
82114
66471
79125
76267
24585
95113
156803
8969
114715
3518
160430
122429
72524
162416
169119
135966
158106
153352
141076
133842
82732
114951
142751
85161
54805
148246
162312
121115
155420
79852
48975
164182
116332
5803
85829
49349
113948
167946
145491
154994
116773
119101
157225
27629
36607
167343
11763
152739
143848
47021
106851
29593
87890
138943
132395
112901
54652
89664
110571
43705
10770
127987
91122
85318
1028
93944
106176
94544
37679
96640
161555
66581
106558
31994
146683
153907
39803
82207
59655
91857
35813
127752
38887
97874
35392
93250
70794
150988
147677
26599
153392
113358
42680
34032
95905
101518
127133
73878
161529
152008
121308
56814
61734
155912
46667
64870
154289
138580
89461
138398
95544
133097
86967
120142
93884
18001
168066
26178
122986
90659
55356
148813
92256
47018
130309
51582
5257
40891
81959
96232
89376
23253
37230
135411
40321
47398
109483
137340
119818
123955
138950
32639
40287
79735
160154
68232
79251
124721
157886
149045
56385
121210
64186
31209
4096
25148
29141
32698
52551
163086
131206
30927
11654
62111
133591
4461
161439
10036
123104
85436
89177
98379
69762
58636
122089
42186
158107
46603
48827
63892
5891
45813
52259
53136
50772
7233
166633
72911
96778
88565
69283
41729
112764
82548
75161
113690
60404
167309
8846
167665
123591
19085
142184
135078
161776
37653
6898
162979
78344
32289
146614
28938
46473
90272
169342
53809
159732
59221
107886
159828
46900
127446
28831
98680
138729
62031
30153
114249
75781
75817
68010
86279
136838
65443
141743
1537
156480
54897
111838
118066
60298
99114
143392
159530
32887
54122
116335
69183
23607
144341
151325
154141
91444
119245
43877
66529
144127
103862
144626
61768
144902
98251
22699
64307
87193
92534
110873
102796
35234
122493
140213
768
60245
165223
116743
70542
153694
166757
30790
155189
11181
167714
76982
59504
38717
41229
7310
62572
66313
100427
85697
161839
62964
150192
29249
56301
6286
134762
115122
43320
94707
62806
116096
126771
42403
74988
79550
142023
51153
672
99751
44993
60564
109900
97949
102915
453
108786
12889
32854
105211
109468
71082
103040
83926
57350
118700
52490
123831
87406
28251
106942
12316
116591
91540
131397
65229
50743
150697
42865
50949
126517
142427
153938
145547
80631
21929
138299
109946
144162
156394
20323
18268
11485
34858
80638
118381
55720
151049
37071
131925
91714
74528
124175
159167
38096
125986
93819
103048
142302
108419
45325
132811
4819
99587
4100
40383
12615
84163
69698
19509
3969
44627
165820
130167
34307
125513
103864
134442
8500
118449
73670
166921
116593
68578
42067
67326
36211
56539
119373
102884
87672
155498
72521
65103
126451
168843
158977
6593
14087
129583
113555
166337
102066
6315
32545
149149
166985
4899
64833
106483
15755
164558
21242
74425
83544
76020
51936
35017
47380
38039
117011
73678
131841
81257
134022
4691
156362
126987
119602
35075
42779
24775
99271
146644
6289
94140
113272
476
123813
166041
108271
33211
82238
9044
54771
75562
127056
120743
25517
93191
154607
29134
73804
164336
139747
62732
44391
155146
97600
120955
112440
101051
99810
149776
52348
38029
161249
146500
100884
63629
139337
144679
154224
156566
55019
2789
3823
124732
66270
52607
135247
159644
161247
74909
83026
134809
123336
124897
65273
137465
130849
87472
131830
95628
153637
37950
58352
67943
58770
11159
168227
69180
108884
5307
60538
93494
137766
49842
80592
102331
161974
116271
159486
51121
130260
84603
163391
76547
117767
78615
66781
133769
99817
4119
160684
23514
63421
144531
142294
122680
20778
112783
45094
62093
94407
139416
43085
17435
91532
72802
79387
165103
103033
103878
40799
93193
109752
90006
72301
168271
59906
121376
126022
162549
48187
119514
45041
43157
68985
65478
4926
68084
60462
111783
125636
148117
139423
139284
152680
81117
76538
71250
128936
167447
65240
101809
87164
108046
99793
65549
156163
167682
156919
14185
90702
77169
10700
155946
15308
28980
104697
74905
55161
18747
112700
5830
134039
46458
66456
130442
159784
46583
50724
62457
166295
133412
166403
60965
75635
53351
167143
158492
42840
76217
29780
136687
57722
151010
89507
150546
90724
51486
118001
29745
110826
96927
93655
37115
129524
162484
101819
103222
25906
13912
64349
78847
60026
144380
70414
87062
138025
138189
157350
108345
25385
136073
100003
80608
24094
122200
158271
33272
108040
157690
24618
123333
168951
151701
15849
47666
84035
37804
164603
168960
116269
21797
53231
58229
128990
31071
117830
83439
14980
52437
26022
105504
75089
100052
130653
20375
100996
135733
67108
40664
121342
148802
135045
7807
13497
82153
147879
142154
25739
15440
168337
157735
67630
43800
90221
137126
63478
81404
20458
148219
23117
102428
104002
149602
112121
12384
159242
138294
483
22073
43504
146455
91027
147181
98387
48206
101545
68741
11947
85422
79370
157028
131125
93634
21871
140767
56652
141640
18915
131589
144224
1349
43623
13979
164198
159339
118180
152586
75451
30121
97312
158745
140024
34203
115116
118274
159905
68155
135402
137275
50091
132359
85925
79151
101022
156817
22355
22859
38012
29962
157477
144266
102865
42551
134072
119
74153
142533
33993
150601
53407
108110
55204
84076
104997
48471
109309
19010
109442
41651
58599
66860
159727
110820
31881
133817
70624
16580
43915
134066
5818
168659
18160
81420
34445
63166
32365
68409
16525
63699
85331
157076
12457
65369
144116
65316
143650
146412
38922
93345
124729
114357
161577
156293
163895
168905
87110
61305
84990
39450
23506
34390
7982
31183
127876
126949
162120
121135
68548
11390
5327
9324
38250
111795
49029
107130
157965
30690
61131
159426
45583
151805
156121
136896
5655
163340
40025
107345
155545
83018
131479
97373
151955
5448
43492
39322
168719
133099
13702
36291
90995
137372
83831
94958
58604
5302
132052
94459
15170
145201
70753
50199
131774
134491
51706
2176
113044
104143
148850
9613
150000
121180
71385
161737
76738
105315
23235
79976
99427
63185
14462
164139
23705
69209
89977
131189
38696
10852
35349
89711
47547
63253
137418
156309
76634
97716
49404
68872
49603
86528
130786
27467
19066
144545
132043
112428
127101
55501
168779
84096
108679
158349
46332
70334
78164
27418
30134
132987
79233
81185
115909
9741
26321
42602
74397
68393
28817
80832
152129
129
55000
18949
33312
163396
74226
4716
147576
27390
133728
102596
100962
36981
13744
104174
65168
57233
38383
56671
116074
17536
127615
53537
16702
35756
105493
144752
54030
82764
146735
126208
31874
86152
147672
97871
40683
133801
83414
61570
15779
134851
148122
116635
103377
4287
48965
146812
154035
66153
70373
165047
63832
3074
125427
140219
112142
98687
132117
45108
124739
21686
1622
161852
38165
3404
60368
115980
136619
135348
145325
36799
11827
90789
98469
98770
69033
25350
44780
4305
65990
134369
100373
8813
157963
161898
135600
105567
21823
16543
141643
83399
50086
32882
69027
121066
123307
45535
93337
87545
68486
70496
98650
168605
77944
123322
76857
138083
149851
162105
10450
168649
159104
77713
154174
114294
55794
104980
118019
95702
74607
98020
58150
52325
140266
133270
14608
58566
121182
113845
74060
163728
167430
122401
47118
155254
81220
11543
25251
43393
44166
163621
70154
94553
22435
22680
147000
43434
112177
116729
151000
69974
90569
166905
57734
4109
91715
146505
139073
69836
14376
30249
83362
33073
14999
61653
161755
67906
153925
141946
154897
73480
27299
97953
89230
129722
42995
122728
106862
60954
104146
122912
101381
113640
37636
161314
65850
83313
69911
119178
125070
163141
143615
101701
141422
161103
162768
2319
61103
46477
104078
114844
100258
165260
83077
165416
5139
74484
88070
152941
20682
165030
167673
102753
142353
78810
140930
96152
131343
2107
38240
1544
2320
34383
158645
67013
24886
59093
29883
4788
159546
34806
6048
75986
155700
87369
59834
168629
120698
99362
121062
128365
35912
45977
99844
37884
151953
107715
9186
53832
117721
74995
65262
159204
167142
134572
47958
10115
89645
17657
12037
14432
73207
47328
87238
40116
97979
102767
25535
35437
119894
33334
127578
80173
164352
96850
164584
123877
121235
165709
149202
18387
33857
53173
79163
29653
147801
7070
66900
160981
136424
146026
4620
76743
97715
89381
12409
72433
126996
102304
14146
129318
8957
3439
7676
110560
47688
168067
49925
124254
145985
29958
121064
164363
124763
93078
29992
106044
143641
2057
103581
19016
64883
107042
94413
15774
22288
42227
155702
94699
118120
87638
96356
152985
168284
112895
6733
4490
108165
102416
110725
166143
107867
69784
90816
144814
82356
166848
109516
86475
30412
19186
131071
53597
38712
120825
116453
66382
129992
24555
50067
148600
120464
36289
1617
139451
98826
89692
17538
145369
2465
7917
2467
95831
86230
61368
155904
99241
119325
161687
23448
136676
87705
49448
105009
60821
159708
37464
28799
104593
44510
51830
807
17030
147160
48868
77106
16647
49096
154447
24733
149145
12487
72548
144076
149201
3605
120463
37001
64836
94624
67361
76684
59664
37457
92326
122241
56422
54574
49126
55167
118148
147706
74357
80076
95019
110595
138986
164227
139113
122794
76244
48541
15477
63590
8245
10152
43907
52422
73099
124639
70228
61695
72627
117355
97399
31044
136322
93370
110592
18045
95822
135244
98100
164365
157940
119553
53510
55128
47690
9098
153696
148576
50933
109938
130571
58160
23547
14769
128472
76251
45412
137975
48172
31161
53617
18795
43146
119860
58303
77535
161886
120484
134678
24635
60548
29177
163543
41220
30037
117482
94765
65504
54984
81630
164685
69218
28092
81409
29163
116058
464
27146
22565
57051
61308
4880
148919
70239
152319
10498
82611
33446
56993
62317
145899
93954
83624
168109
156986
15820
101496
87940
153867
9362
156517
72488
16605
124060
128451
95064
32809
147054
121905
113755
14206
120734
76939
109882
45735
102851
55319
10814
10791
99336
51029
20091
33777
64244
128448
17672
105976
145783
80576
15511
16072
1081
251
74219
121426
64409
62237
104254
85948
69814
113216
143790
10943
45016
141288
145061
25451
121372
50740
708
155034
100514
42510
107558
10769
64730
52993
35135
159517
97535
134961
128096
121907
46846
160801
148519
79227
101627
9814
109272
49145
138936
74757
131965
1536
113568
49736
30237
130472
126314
108078
154683
117796
20284
111893
69822
81513
125481
80515
159676
155710
82206
42732
109636
135754
33953
23356
90274
59871
93346
159543
36959
105428
33361
40020
58129
159630
99173
159768
18618
115237
68005
58149
106866
13617
35116
143932
151476
88553
28900
31964
40090
150985
160739
168578
88996
138504
61210
39654
46073
23336
106030
58394
31316
27482
10331
150443
127884
4266
36488
125659
21198
54240
118651
168110
52057
129557
103974
45569
92464
116660
44428
90955
166272
39406
115109
15409
148661
79901
153428
137693
26210
97791
90767
76991
55590
141063
139785
92947
63755
41974
120596
26594
39478
74554
29259
152666
88009
44202
107463
142724
30911
124653
80018
71556
149080
164314
75343
52413
76545
133458
36787
4928
150089
24651
81810
143460
151947
137311
89884
92763
94816
124756
6156
53970
148341
161168
105397
104832
74149
120060
116850
28392
84365
119494
23776
7248
39543
95190
94068
53451
62885
127983
40354
57674
74170
29825
41343
4368
10920
143124
57239
67540
139426
70266
152358
129110
150977
117215
50228
157908
77306
115712
34628
118948
39965
34218
130892
91922
92844
159740
11300
59157
138791
4608
122726
38743
42559
104335
8658
26372
67037
12203
22234
98094
86558
98150
29309
87904
125055
127333
157438
120757
111580
76468
167254
50389
55805
54363
100544
127514
14960
78623
162446
149069
104058
155597
164866
158041
113233
4437
82406
132923
86883
55898
164063
153979
28713
122749
119192
25538
141838
41891
164890
111275
101937
96907
48533
148215
12390
44226
46336
67553
84657
108987
100213
116487
103477
140250
127019
11684
98842
5259
28738
162139
44703
72
56086
55691
147546
150664
8004
33661
31250
117866
131467
87725
33329
51143
70326
89238
122490
19096
152898
12648
149376
154585
106583
52957
136576
18823
127449
64670
35746
116890
55134
8669
3353
161774
102899
58254
155408
47782
142171
129489
26362
88879
116942
143839
141857
163060
110535
130734
19496
116999
60542
139860
85172
23933
141274
57364
9059
32679
26894
165862
78217
117124
144860
142122
117483
119694
142734
149184
169206
89814
83294
150883
19449
45803
168918
51301
426
168940
26054
3402
56469
74744
9959
11645
9354
102768
75107
122891
57789
4321
166288
66766
40345
160391
3148
110119
74738
9496
95914
71824
112675
139195
126675
49981
157493
71478
125964
16618
8531
74382
30743
54023
91612
102349
136644
158364
159409
159736
78857
117630
158863
56989
67778
133809
86341
24454
1902
92981
29477
19503
143182
154440
128914
60260
61174
104462
124280
12686
14638
14901
90379
118910
131066
51116
121651
141979
4018
118453
59491
108764
4972
71204
154212
61960
80537
79437
103098
32292
93592
83591
45694
101715
7320
52099
135572
108203
115204
109408
139403
126925
48904
64733
125582
37365
66600
89738
5750
145915
40999
29090
164260
51042
86363
137623
35418
55228
84463
96225
62051
15533
117949
42539
2892
94448
101352
99947
89633
39327
90936
81996
55847
89812
129881
169114
64045
129465
105139
69246
138241
78933
1691
125311
76522
71727
30721
93301
32128
125318
90329
115185
148008
75670
58214
165897
125934
92651
82052
112230
3242
47008
48723
140254
62626
94849
39258
166774
28094
120888
151881
128745
21932
88416
156924
63277
41730
108765
66311
147516
23736
90843
76916
52742
152570
72446
149621
129190
165270
47314
25728
165442
86027
166277
42081
43014
1304
109288
128453
118736
153331
44921
165727
91986
67972
6231
120785
26017
66895
8432
107021
115885
38582
162680
90298
121967
154524
132528
10172
158667
133020
37174
36295
37974
160034
67839
84179
126709
12701
165284
22744
30987
127229
73723
165749
4974
124121
112618
41574
151138
77074
127068
89406
96637
49808
142551
39980
137637
2127
121924
45854
7046
77380
28948
132284
36601
163845
125020
35943
77614
33763
19802
10726
27448
115038
165468
163007
52729
138410
86241
121358
149496
48166
14320
137075
28666
114607
56626
3118
78928
163392
120492
66946
93004
55809
29990
53605
97220
84504
150298
105263
20974
123542
22520
150432
133549
771
88829
43174
114129
30359
19551
1833
6273
17239
155331
135547
49144
18046
3681
17882
115547
57024
76666
158731
90754
150418
109251
71534
107552
163481
134227
142019
83007
81590
77479
159279
120254
1968
65141
32666
113241
60930
91395
46393
78468
80635
161427
126061
129957
127106
54710
145067
28229
56720
85154
68858
77849
3908
132279
59153
39413
30259
167950
151133
113505
116133
55090
111756
152884
60973
19047
1189
89811
69931
125859
62858
93708
144320
77042
155503
76519
114958
28068
144034
45524
83936
134786
90703
86169
93648
101081
165795
101429
151934
138659
3204
139523
94097
101761
66385
102286
10835
46950
117189
102734
76571
123804
120707
12272
89837
24681
38507
21665
70176
15752
163254
104079
82268
35664
123635
134429
77596
153427
50991
24542
116526
44456
86128
148243
112528
131212
16619
140391
147863
154822
157641
23487
17786
41671
45598
3699
41360
21701
153395
76756
149337
108589
117090
105711
90549
102011
161989
168113
120986
27568
13292
45153
140377
80673
4936
13427
75998
144031
20060
146260
30369
67963
69194
71687
152010
30586
168882
57254
9109
116229
87771
150269
310
142428
41916
49395
133967
8567
66739
146499
168027
123344
124017
81007
46699
129596
21985
65857
66866
55083
137528
119829
130485
35624
80195
137428
10314
18649
113576
147709
60499
56376
126801
38825
41500
32629
21645
77623
61004
78621
124316
32954
44444
43168
135447
61499
43380
51072
78451
67982
90580
10099
155152
97235
9346
151267
63781
64161
104630
8153
73707
46275
119106
121390
161568
163720
138622
144859
13113
65567
48487
3597
129073
5030
110400
29678
166463
84868
159069
152643
74114
26231
120064
4381
2145
161844
91279
95045
108264
132025
19294
162963
12259
1933
136650
11642
35549
104761
88340
129376
5377
49496
89979
32600
26545
37934
155861
137740
44949
67699
12980
19859
31464
17825
143806
56644
141693
8654
96165
132259
5758
76326
40568
76506
32864
28615
149192
123397
131058
105582
151455
75490
121201
131806
164009
143384
96578
105230
41431
55530
30954
88302
18346
140880
49473
116275
59990
13904
100868
143254
82161
142629
81379
61813
1919
7255
26551
27023
5927
36987
34219
80724
123768
158434
13300
125086
158052
43039
47858
154151
126650
28020
63002
63984
53214
53028
14015
86562
165027
94588
139526
138373
100477
161428
158369
115928
21277
112278
51111
46758
58086
134534
39692
59550
85379
82641
96975
69898
138776
134882
27871
114347
46316
112336
79076
38128
64134
19273
159356
4021
108994
51993
63173
26046
102372
2854
91891
38686
79421
162158
35876
41418
83641
62228
81232
1094
121634
128632
59
17690
121124
94653
67740
140736
63595
75493
156273
43712
67561
123671
123773
30974
9716
48883
167383
90453
39126
34855
78789
36423
58713
138450
147052
96056
110361
141963
25585
33440
128560
49392
15188
132254
130799
99265
91528
59684
129017
85537
155540
64948
66852
66364
120724
164562
27698
1192
73730
168370
53372
130748
103324
139862
41477
155606
14088
17588
128116
128274
68634
101053
2361
167446
33099
163803
89615
117610
101538
168138
34998
76393
78907
96243
168231
70674
19954
131313
34092
96454
143349
156391
83365
78639
9612
36276
130995
22818
159999
28199
70134
130037
112632
90817
96685
133614
102902
74998
119417
150671
123902
160648
12413
69377
76441
142291
68677
155819
33620
136102
147324
141452
83716
124885
146573
19057
136680
89894
24960
112353
110768
7027
36769
130927
61185
91452
23437
147059
106316
71968
25664
40603
138923
121548
120621
126028
140292
71226
16059
144949
75694
5502
107263
123023
63374
43425
3053
94763
75856
67626
165262
149873
128087
51672
120139
62687
136727
23434
60523
134867
104586
103627
108060
54740
72107
136539
122249
148044
79536
135256
17685
22450
57138
60304
39461
91317
15107
79706
32342
50567
103406
130463
164124
31725
21892
97579
10818
56076
148574
14975
111673
107815
137405
119611
117880
10926
117899
167073
54673
71048
70198
153664
67080
52978
21192
73346
110192
106974
30290
76721
132109
124728
153038
141688
77612
12193
74193
138421
158165
42669
48832
141353
31508
119920
123155
97966
114610
39449
40709
142549
50246
143074
44426
90161
45921
66015
30086
94409
158318
118110
117479
147244
25485
152696
134887
111194
43501
72785
134498
9025
161941
100376
10876
138531
45309
5359
3322
101553
48465
5565
66189
33173
74232
99020
154738
161532
39971
84175
91108
32228
12497
87735
45327
115595
92958
125609
16980
50836
163478
17948
127146
144774
115323
141528
55249
125103
62718
125835
25908
6424
10745
165026
161271
107400
144039
160856
39156
138715
41474
22402
139601
95165
123858
58927
18511
133864
26291
141302
145501
147888
137615
22998
158683
114000
59614
153187
156241
100140
97545
89411
43414
104275
5058
33462
102557
139528
95420
74727
125285
4603
157891
38970
32597
150799
64712
23431
116871
62161
141524
12622
101448
164782
101859
131301
160799
1525
157774
54048
81445
97351
126159
110607
100857
8834
114484
72174
77668
89853
153415
19560
30609
41116
66017
34068
94319
99533
145131
82211
148447
73854
143774
116931
44962
124898
15904
9273
67176
114659
160162
120676
18312
134996
128817
158119
139289
57623
37873
63384
30064
45827
72728
126463
131889
56169
5972
113291
168621
142110
76556
131337
77566
149195
165377
41189
59832
66290
10393
69950
109779
117204
105517
50789
155852
134907
85776
22633
4153
48171
148239
101754
107720
48735
118805
94720
53670
141556
153858
122344
132391
61601
72570
100745
145453
76584
74461
49791
152323
157671
98764
32575
79321
15312
140903
43000
135201
9871
17989
32686
161021
91139
56698
136234
83998
67035
137870
77124
68467
167077
145888
67645
146481
2272
35451
135619
40143
85489
150348
97797
66697
90740
125101
131321
82514
65088
87253
74124
20052
127869
9811
50968
136072
27334
27588
4004
104453
140431
88426
55364
65562
109035
158994
37581
9075
118830
138917
21742
29020
43472
77543
136759
147140
35645
56854
109769
43150
75193
96867
25446
143039
102118
80742
13015
136127
155961
164206
75673
76426
6720
93152
121484
133446
30577
84712
99288
120801
101993
44228
155019
78554
94479
165013
26630
105383
90384
94182
42263
131344
130339
112850
143906
153377
125300
135248
103096
135073
27777
101892
38682
148936
110646
2133
54552
97958
48365
40395
79470
39981
13211
40509
92281
155324
67142
22230
93836
154365
130549
108894
155586
28195
121840
76689
122023
16425
88205
110233
7895
129459
163626
12646
9615
102611
58341
144230
80925
135126
32590
28198
33251
99094
148559
138754
98054
113831
18101
111947
147780
26759
110187
75299
67652
30729
28293
51897
21847
17526
55052
53626
113769
158567
161975
32009
154078
60444
9391
74581
76663
87779
68626
131804
126386
141936
59085
64036
72743
3198
120638
72575
93796
113254
85439
126474
150216
37069
59636
90157
107432
163140
126174
117206
25583
115445
70312
24106
123561
25193
128879
119933
105621
38587
5588
109359
82546
147446
87928
98074
125600
84659
112406
14251
139621
508
26417
85743
56870
6260
6089
55797
108842
154340
161012
156046
53089
62480
42584
130558
164280
135674
104392
142014
12734
62996
96314
64380
28601
101814
91347
148449
140953
47824
98736
130280
69182
23593
20092
156135
114145
165974
12331
102128
12350
148026
130548
46954
13885
34170
141845
41692
103005
56722
121173
157157
115267
134304
120975
21475
57299
163214
139385
64874
138800
47726
18729
57550
100793
78791
136812
66440
157551
61190
14006
1997
71537
62777
67306
67020
169246
15919
140574
92654
23858
168008
164952
97916
160264
148594
32724
77777
151840
87736
106482
84283
99999
72697
21509
112702
154880
16608
429
8694
127250
7387
88711
155136
17765
154856
150934
114890
60035
108662
149566
92359
30035
166942
76635
80694
87947
67272
118487
123837
8104
10955
150218
26953
120759
15905
51878
158741
40639
44966
35576
18562
70930
114196
16482
62508
123168
76436
114846
153715
126993
3370
11933
7653
13126
91468
24029
155214
131108
105492
87886
40512
2140
26675
95611
91341
161905
74040
97462
161945
35937
124749
9610
34507
154270
89111
144458
161608
162539
143827
33321
93575
73193
85939
66407
111093
154779
120260
42232
53956
50427
12449
167923
167218
129602
76722
19920
1615
54281
17455
3477
29606
96112
99969
59840
36969
64179
126162
8555
55324
127061
103524
119999
162982
37691
21641
64308
64835
70913
65973
53045
127624
28054
88072
86881
20070
5901
40697
111520
55635
130135
33986
24592
27648
62560
73023
84835
160575
90884
150702
111214
99739
61838
101650
138711
110973
156170
163025
81550
44357
25265
44543
104495
18941
157230
52909
148784
80500
125826
131315
114789
12456
63616
128465
145389
59718
149991
155091
47496
155187
165802
63623
104619
101323
55680
118181
78068
59798
114990
60879
126917
91698
126240
148550
166071
98408
90055
68367
141709
94076
126580
39987
24176
8541
15885
92551
50114
15441
139144
162444
144969
169196
56565
74580
118606
109121
43842
113253
99321
124414
145942
98061
155451
114694
118010
130264
4332
26826
68596
72425
49106
109045
151387
1449
49703
155107
154316
24746
68655
148727
58548
150148
131637
2473
18718
27314
12207
83029
47141
111030
49742
72791
144697
93039
84146
47930
26389
102703
27920
96429
103644
152174
5099
152979
97515
81602
106620
15739
102528
100543
63353
159937
36731
131639
164902
104823
129075
10997
85303
46071
34421
41779
123171
167488
26230
114142
137522
15701
106190
47906
112949
38216
18282
155614
80670
65726
71437
141805
78202
18996
21893
130513
54252
124449
156266
164503
85385
149422
91847
128952
129400
25597
76913
33563
60966
92050
22743
60464
77216
76922
169145
32797
84455
143528
117227
102418
128161
58201
89320
161698
119112
6732
81877
103628
38010
108440
10763
89785
108243
61392
162616
100710
31832
29211
147638
60918
69553
87458
157407
10833
167154
105307
88227
34198
143155
19130
168292
118429
143916
7401
15102
53513
132417
112275
64172
165164
2305
136218
128639
22988
123936
150811
7331
156036
74731
98557
123476
67615
17631
81515
56109
168740
165066
149796
146929
88699
37404
93417
18820
75204
115826
4753
146349
19153
10125
22075
39807
157053
5888
93941
141924
18885
108129
121117
145515
130700
79537
147845
70676
69736
63821
139898
103742
100511
109341
72744
20172
150507
64221
94657
138626
92273
93709
36320
137198
49245
88817
65090
89128
10507
98220
155121
101468
137385
66057
26003
50709
49961
71483
168189
160997
75854
109034
75113
308
69200
49660
38603
70378
165365
37090
101425
6268
1515
63526
80377
25882
22227
136668
107996
147895
111518
3740
105358
50578
134869
156144
22314
64180
19845
35720
159787
74565
95347
2379
63875
76706
147284
164236
24373
121057
161944
154554
70109
36122
65234
69423
21132
160350
48229
29527
68582
133945
155814
135098
14728
95407
129687
95990
108405
50232
105190
36279
145506
43096
106456
160734
156542
164480
15509
152583
163066
129912
59866
147969
48011
81016
163870
63155
3563
68139
158465
71441
138984
54081
71494
73373
141150
75084
132707
93452
150684
9630
6971
129775
155374
128111
38304
30257
106002
71361
122431
113449
136099
30089
21033
14504
98129
78026
90563
51638
38475
5734
105369
50185
16367
118903
144218
105831
81705
106443
163855
117738
58793
164710
137828
37334
115467
32267
84516
67437
18070
136697
130617
380
14511
138762
136810
108976
33559
65451
98748
62071
127374
147640
32455
43793
36943
125571
25275
2870
25940
7420
113206
155470
90603
104874
104953
60667
18814
67485
138737
99089
8816
41209
80844
32004
58785
120103
91006
156736
156982
159509
26490
74080
133182
39444
153579
139194
156932
149127
142627
144281
33639
161337
28918
22254
40547
4698
43702
105617
138240
64479
60511
144595
161920
168137
119257
133947
42639
159965
111730
4223
150793
116819
168967
68506
138761
49412
45003
144265
111283
26896
62057
59306
85006
114520
162176
168658
115668
82532
154007
119311
45182
141606
64475
82812
152244
100464
113610
64082
92387
2219
140323
60746
26438
168232
36631
122256
28662
63546
29986
87133
52820
143463
3601
133856
129440
51823
123995
36489
13703
25373
33571
151595
148349
25477
23730
30146
45310
155111
54019
130195
15454
131217
86533
106682
61469
126498
41134
135952
77532
167648
10107
7630
90456
145695
22286
51490
33394
152686
132830
72070
24589
51064
132579
163698
110951
102653
74189
161849
25981
83494
34521
90771
43658
129299
138268
67545
64458
18478
40328
116824
39536
30665
19215
50158
75212
36003
110528
126717
119366
68721
92629
112427
123840
62764
9874
1131
21618
103347
5664
31763
158137
10840
26277
118113
111192
124821
121181
154342
23049
101175
129315
56508
148270
141435
155267
124613
158134
56034
143609
110800
116804
163772
7511
29230
9739
40465
104687
137414
17050
83540
57261
94198
160903
143403
152270
124964
157612
87620
65209
85288
124490
29269
58018
136429
64031
57785
73170
84949
159654
92388
143681
16486
69833
66606
153011
145252
152086
80570
67790
111988
56880
63678
5947
16156
19944
59008
81588
98574
61176
152377
116414
111272
167762
150634
43816
87870
119740
84690
52113
139294
141592
110294
49771
52165
91324
168717
105700
151238
113838
27745
94542
24610
105922
120652
119730
88603
165272
84724
8638
90741
58298
115104
5073
168238
93734
75983
84167
140375
13260
134758
101316
160611
18480
55310
25329
142172
55382
103983
90314
81159
139783
132513
63030
25488
164492
88309
168268
9848
12864
109684
32408
79045
23386
54185
128037
65192
3365
43333
97573
7458
53866
2578
164255
121557
63896
32737
156811
95715
136177
62771
49973
60140
37734
159398
25649
13546
117913
13378
119851
59619
73517
167052
87094
163910
6544
63335
94164
99142
159125
143877
77483
50866
80650
140483
48109
108244
30034
159261
152726
94123
105808
21984
12713
104169
79169
56992
166428
124184
82656
3981
148135
65564
131994
142486
127627
87091
157364
52250
82249
102434
44650
106449
30326
68193
100169
43409
27936
146173
46563
124201
67533
117035
44302
168873
5863
51410
46720
142471
42141
33181
54656
4541
40628
155666
85744
106554
106876
111392
1878
122784
17438
70646
33495
103696
56281
15597
11636
48954
21084
30299
57862
166445
106935
77628
43944
86385
55233
63814
39686
149747
150807
120667
146031
45231
23250
2422
14818
99846
120178
157904
168356
117741
132163
109306
39065
101918
85152
48368
80158
141520
3501
107316
3035
44861
111976
105435
40914
113788
112791
114505
44388
39053
2700
55462
136930
71282
2773
79782
157761
126187
153250
16941
58728
98269
97858
86441
137727
27715
39585
43994
45463
168026
24595
57357
65846
24952
163334
28262
39574
43618
150401
21731
123447
153136
34988
109150
10458
140997
95995
104289
52669
29792
67070
90887
105023
68607
46782
59024
94936
18432
13780
32637
153461
3357
44965
130697
123581
29182
132231
73795
133934
144417
52072
18336
23659
162998
143744
98623
109777
158210
8537
154043
114785
89259
169124
120161
102358
78654
101317
120138
148571
62275
61811
56210
124296
116981
28108
116381
113736
166658
23270
120525
15537
26411
34304
91873
152133
27098
146350
8320
16193
18664
6561
141217
41595
74358
4185
154828
92170
109748
79954
44352
48755
146858
101382
119751
3922
152718
10058
32833
129253
146541
39542
163725
128322
43345
25645
66967
48174
103206
123449
164138
45566
17329
123486
83976
105040
29801
130074
17885
36886
114724
79728
119457
13817
121329
2953
133441
107945
58069
58047
928
143752
96456
30370
153074
13365
61229
67447
32976
154620
110906
39397
122772
16448
42988
56714
41055
147918
145392
18042
70683
106654
114014
59106
112535
119127
104872
13449
9910
1652
70619
151155
47612
140681
119099
125385
167567
69634
144415
1451
24721
68422
8758
110257
101403
46085
63211
60985
17920
158593
29406
1613
106408
130202
25288
45257
111479
44131
158450
73641
113723
108487
38872
54222
79964
123720
2510
68776
79135
83939
69462
157078
11494
83005
12140
168344
129308
130907
124695
89662
110754
16606
162901
132271
58697
14628
38138
46008
20548
55851
83888
92530
56462
159628
134545
143476
20265
4097
154741
27973
56774
62823
30240
76353
29829
2535
40702
167512
163817
148721
21398
40086
99741
16101
22973
165668
143849
28835
34837
121650
127877
74939
44099
162445
153905
153380
49399
151740
156959
154297
157885
30228
62270
165089
132529
116295
118046
34678
105535
21457
128974
49016
35467
151528
65650
23436
145571
18149
70515
82780
22540
94134
56048
105244
130719
38788
113882
113492
103160
123805
121411
17961
19187
132485
51376
26078
12144
158083
20777
35295
121871
167566
135424
44040
80465
7741
47164
60030
85368
146851
71939
20733
60112
42445
82660
27569
36426
27908
13861
97115
5757
38946
29936
55820
102758
85787
141976
95886
14698
121102
121239
91232
99154
145440
129891
143759
155429
33839
102859
63267
162321
64728
150085
169092
5834
86244
97268
144072
24783
16921
2997
21532
20290
49378
126979
159422
134002
4714
88703
142692
26828
162080
144132
80587
83901
38221
67433
168410
57598
115385
72004
109088
139732
65489
63589
54692
42320
45653
60981
64590
6207
126932
42236
21054
84740
113969
141810
98860
13504
75419
68420
4885
49372
29165
10443
72209
126546
53860
57277
132871
134268
153434
881
165612
38267
128728
61339
96951
57339
146544
33828
136204
151166
146985
140117
25642
77785
40092
47004
105767
24854
94602
116665
50891
59293
163609
38846
156650
26464
43099
159431
141399
1811
41454
78671
66417
58495
165525
28236
12665
136416
132356
23324
58693
58506
151253
152639
16739
136939
168988
17426
124391
75013
80350
153801
142769
55617
167556
45358
155663
17600
90191
33141
37518
152925
57714
126221
160101
84991
141240
51835
98505
86466
142739
61651
123181
64600
161594
59307
17888
3980
73116
84394
74157
83229
168827
33673
153873
162818
80434
97932
145737
3613
113219
165823
159634
129048
31575
39091
42487
165044
39312
98116
135217
4834
72595
22385
127487
81947
128591
117941
48194
43018
34528
21281
82876
149963
148024
99764
86778
16754
147462
41400
74442
74489
108811
108128
146532
103502
14519
26027
85875
102640
52244
73427
67988
36184
65047
76487
67231
49638
129931
162798
105991
104905
133383
133345
126807
32469
162174
36932
4533
97044
102922
73613
56630
35285
35926
25612
149630
20300
73511
37380
137048
125505
23835
91601
477
45563
54270
32991
26018
73918
37757
41554
35579
48430
46470
139228
43740
100929
88574
21300
8127
149309
35240
41176
92024
4807
102055
63138
26016
115053
162824
119673
36986
130325
148488
165136
104850
78873
3864
142877
38871
20531
68628
28079
53387
83882
8210
117430
13424
110856
93323
58723
82086
128502
115716
91266
50330
32384
78032
57151
113735
102483
83725
110295
55770
142015
123894
115477
134667
57986
121805
61782
87217
165264
160051
72652
133857
128784
75427
100233
65551
25376
91170
112252
8411
137144
82251
39159
108413
131972
31315
34018
60820
122974
29334
26188
139960
109582
122334
85884
161196
24064
50450
25404
31605
123393
83521
134553
43459
27733
145474
64783
109727
115332
4831
150620
8059
18683
167725
91079
13305
70870
74828
33850
109798
110875
136134
72295
60002
75039
86801
46280
39515
167362
116225
115975
79487
136345
72820
144678
63224
54866
149154
117244
141371
143668
164854
15781
115287
158264
101668
24526
39219
25287
60133
125121
98779
62514
135077
46631
32198
11941
45734
11076
31851
157287
136336
19038
103595
131122
99377
138300
1473
14833
110835
46050
115978
154167
32831
34756
141587
132292
140591
73399
25790
72104
117123
151883
81988
152275
31193
84235
94201
158514
95196
163220
160192
9482
118720
142472
153436
121036
139491
535
152110
1772
32071
25464
101986
14854
73538
91352
141032
48050
91915
45655
152849
109995
116347
22983
32212
129794
104001
119681
128870
37784
81415
71502
92445
51753
39039
127997
96204
147407
114398
6078
15010
163674
113030
160963
96935
11769
130043
86837
32772
144655
159510
4536
168879
128138
107726
54393
90818
51842
105384
110593
74990
5949
102364
28049
48322
41806
32147
30582
79865
44732
34863
129317
8657
114751
18317
9624
54689
14414
113266
164419
128605
105102
43627
91277
1226
44387
23127
86760
118377
34195
117057
90850
16949
21588
95521
148744
165228
120821
141501
165280
92233
163921
164170
120184
73220
124657
43410
124137
80287
113900
113017
36938
116901
105869
163834
77055
126080
70669
66415
124942
62008
129968
158330
158933
148649
133594
166261
97160
43796
62576
131421
74066
102035
35542
6203
138384
67512
112070
60028
127183
78601
10427
20179
130831
112908
60149
91414
87596
136606
58987
120422
63150
102306
81505
110189
65180
168343
19682
97689
84189
65790
137370
94735
51300
83049
125842
77877
58144
71496
7502
155258
153635
162876
124038
100956
124242
132978
2753
106446
82160
132892
7396
155795
35847
105461
2304
53253
94446
122224
1375
65525
44193
140589
93518
11985
13280
131662
45949
83761
28387
42127
72311
106910
102553
4591
60774
7695
15327
3788
34298
82191
36485
44450
26944
30615
137471
110791
55312
14143
40526
151714
119979
129587
19821
43510
81955
140508
44362
88604
129778
113213
23247
15562
60946
154810
111840
11391
162773
20925
28193
96887
37651
68287
97053
53183
134019
19909
18573
57421
7286
91390
122591
9225
138873
141418
3859
69611
20859
99878
116431
28051
165528
95490
108156
81910
101056
3384
60878
2210
142083
89799
73034
51821
167888
75132
23809
46355
127552
877
97707
41680
67813
21061
54269
56939
157268
64156
38080
80527
7049
89147
131188
24759
14096
115852
39688
99029
109196
152064
50051
107035
153870
47515
117247
130655
52369
108135
163194
102710
145148
50380
129173
162506
15238
70929
99147
15017
36236
143343
139488
47185
59381
54324
167896
131504
15407
23935
116132
59064
23726
108509
106274
137291
94898
76383
89655
61121
121247
130536
156110
47620
110501
408
82336
160429
125501
53599
72304
47650
102299
141799
17497
77695
49847
120823
81455
29813
145575
84568
131484
132157
157279
135071
162678
161285
136905
13880
22020
113685
23966
126583
148085
165243
65976
48122
14568
127307
44531
145953
89544
73396
32458
135366
4557
108705
102401
160509
157783
90870
149283
140434
89482
29300
28412
57100
143041
40965
65654
49500
681
28574
101542
60395
20963
56612
81598
60410
107374
142361
47746
163256
168604
117545
64136
99302
124009
101798
121160
67453
91603
51814
73896
42290
60122
16874
98988
11098
19227
100448
168487
163250
122279
11537
108193
97568
147730
50239
63925
140848
105546
39366
115779
100338
37014
59625
138295
1161
123216
151330
6569
29617
93534
103649
150754
9529
157762
97574
24180
147151
129193
128702
107080
85058
160091
42830
23093
139596
95753
41862
163917
4803
41623
153817
136986
1714
106929
82135
136281
29509
141554
161719
166301
69899
146606
77515
168542
130177
49991
31297
120773
64740
82881
130249
47377
91685
13740
76621
84467
48159
29836
52134
50930
63463
163074
79625
87166
165198
106592
1939
43406
134735
116777
693
88741
93231
847
15654
31113
143612
169062
60110
83678
145097
97102
152803
105148
4978
21965
12243
90479
38531
161693
124001
139273
32642
163672
101554
20609
131909
22412
61225
30052
15151
114823
118509
139094
168279
52177
117921
26428
107322
117187
34588
133570
22146
38085
98000
14333
130699
96238
34021
80940
164887
161949
117038
129606
104800
28874
54637
116542
4108
165214
27286
53709
15882
147326
42327
71065
159478
107083
50992
88166
409
132934
93740
26036
165285
94431
81414
16885
127542
115999
99872
166647
124536
152998
109020
125908
47062
74666
121758
146657
142364
120660
126292
24003
72478
124043
94004
99484
121642
146141
33967
166716
78678
23837
27804
56408
75071
136024
161359
68878
13665
75962
80082
1056
116643
97126
17609
155933
82179
165041
121049
136685
163718
18030
148609
94618
32196
26343
117287
134377
38074
80797
112748
48649
8052
131530
91856
136438
53508
139207
104510
103675
13509
5017
19152
111389
59893
34152
135816
23843
160818
154780
86113
111744
145585
102593
98797
116592
158948
137419
107501
6962
13403
36568
111779
82892
51671
112968
8681
118952
32078
21898
107181
33991
114125
47572
94954
158024
81889
126347
63865
71303
37446
105568
79997
93187
97926
153318
128692
64922
160375
153423
127534
42085
68796
139852
111655
130085
8492
35725
9301
104061
110280
108324
144235
77249
160111
99540
164296
126860
104287
159895
163756
148099
6338
70697
154454
103580
23816
158810
62188
39776
70132
164017
14283
87722
140914
5101
30902
3726
97621
51594
90193
13821
28959
61609
107135
115416
51665
131753
146221
82911
143556
42495
113179
78336
20561
91278
55643
90228
157139
155163
118013
55518
8660
55881
19683
49835
41940
19087
163097
104756
68554
30087
103633
21237
19677
132574
50864
57802
48855
25417
74312
38545
60412
87115
157082
56045
96211
152211
52999
41817
55553
155414
122155
60226
14554
19947
103389
59057
19990
5263
57014
27129
126446
45703
61678
909
90520
156298
142437
17086
29131
20436
45071
40752
107051
162791
168971
40815
29541
85830
70792
57062
34513
157663
154036
14866
36512
70305
89199
155412
77302
19430
161769
84089
41776
20648
111791
41106
14052
33101
25933
31471
53975
10477
36096
108875
41020
109765
46421
93782
62218
16943
149610
165406
125962
149544
152647
167260
119453
153230
163278
159594
16284
140243
73562
74523
41375
92562
126038
85041
29664
138191
136862
57678
17131
139665
139173
50570
83666
7402
141412
122917
89155
62015
48182
46619
124595
62928
99529
92481
101413
114149
120055
54968
124341
55900
97164
117270
95942
158130
112394
86963
83787
66216
25372
147892
154917
29021
110626
129505
95949
130169
95842
155541
45306
8753
90963
123964
16863
18124
33013
151511
76337
119318
123686
166063
38091
79905
148546
141453
73248
149385
161655
64588
55459
131355
162252
126797
109687
139738
160727
31815
85223
66304
2614
46598
110457
71655
32407
73369
55678
153679
136496
139778
107816
2890
82945
107755
7940
49549
97483
51201
131597
147714
119343
57341
122834
157177
85471
119732
99991
90979
67083
83054
98130
82378
24792
118311
85027
62245
29939
29703
99492
13112
20853
98979
6622
124068
36139
103058
26712
28384
146932
129892
94672
69173
7322
130174
16603
81208
55401
120262
22944
123154
126213
86774
86786
139859
169158
56348
147316
46975
108545
152029
25498
148306
27817
5969
28730
29605
1369
122896
81282
11857
107683
50482
154428
70967
27475
38395
126609
130493
77339
56959
21592
2601
152600
104239
77634
133041
167938
43384
80779
145810
121610
135313
105010
8073
143578
157234
14003
66191
74950
144263
93500
146777
162835
8932
136959
85879
35021
112469
110900
142332
124768
6118
157202
88402
148537
160701
60923
1163
143672
135557
52485
74290
5092
41738
74568
33208
15889
155765
69957
19543
150123
98463
38391
71348
23316
29265
72298
150672
96361
65756
94463
123293
10168
164582
10134
121830
158367
8491
102879
161558
93424
117351
42287
684
137503
138849
5407
58471
59736
12692
11077
61604
76158
72006
33723
166725
130157
28888
113922
37475
42185
95878
98236
7037
101221
101128
39240
4470
107308
130103
13272
118168
3556
97009
25587
49881
76062
135
100037
103275
138963
92003
27388
114741
118521
164083
8239
73786
100476
101624
113458
124961
18631
14456
165432
5692
88802
117332
94218
12163
122500
148650
108803
34748
13184
148585
74674
137619
55623
115955
165352
109333
151959
64465
132253
16981
48281
39242
149484
206
64287
64917
123190
48693
14124
109828
77411
142039
14959
159721
106297
154466
99072
92260
8994
79353
166833
146291
151302
165905
164472
56231
62596
87684
79428
44669
80253
13160
85818
44375
8692
123178
45455
24957
47570
134332
43031
31875
46323
69346
96063
75469
111824
70885
77500
111344
139863
9443
89497
62903
45373
35679
40694
145595
70175
168313
48569
120247
35200
119226
127392
12632
57919
23098
52885
50757
29321
110289
11910
31530
74546
28823
102170
34476
135280
109224
75315
70510
161977
91995
62895
71792
93914
96168
41440
169117
6625
66156
132430
8961
42822
122851
95279
66918
120745
150274
82248
93873
16096
31584
81524
56059
36440
158467
32764
128612
88438
37795
42281
146425
47913
123835
23201
62669
29984
100102
2324
58289
145189
83445
55629
138275
3045
7214
98559
66978
92502
43041
127900
13250
79607
151633
84286
71343
65177
39775
4432
147831
37169
163458
123690
69888
11000
147348
60855
124257
152852
37661
17252
115450
1354
82167
155039
110665
100126
13896
44693
158089
48758
43355
58553
67213
140906
15646
74561
150160
25182
163755
49359
90894
22059
16532
100878
80356
84647
2962
59944
4982
166829
21312
159272
44419
111405
128294
24294
73020
12061
155362
162873
112505
164711
125458
97901
14495
132269
126640
157368
152640
130938
146952
163428
111092
144701
82244
113954
4116
143088
113669
60714
132447
80517
134981
20061
97000
11100
61359
115778
164334
161700
97680
69739
85242
17419
143134
30416
142503
22635
127181
92853
84469
5561
41539
111075
129189
35721
51515
17531
104878
18502
27093
19686
153021
159812
128962
82915
5156
55839
65466
5313
10102
76596
95744
152277
72987
17046
116022
107763
17960
8914
98730
21689
13528
67831
8455
146611
127430
112027
2845
13288
4595
58009
147912
134702
83505
60997
14265
87245
23136
4416
115830
107766
40803
61702
145398
118945
107306
1639
168839
85779
139046
120800
71461
115927
5527
162783
60218
38457
26063
3317
87010
137242
54719
11897
41430
133592
101817
41507
119306
89918
3174
74941
94519
3324
93978
76201
29240
20101
25772
107666
65519
52535
95075
8493
164903
37355
41337
15202
70420
140037
39387
43918
152497
119423
135938
148081
34459
166516
57782
112510
110199
129585
64414
154483
46416
133202
153109
153621
104319
131009
4648
60117
23856
117138
51187
47555
44180
141369
157899
28661
103426
121482
2393
61322
130382
114676
133673
114872
42688
56239
168734
152763
55268
119334
61997
98798
62165
160930
57542
8159
29358
40806
152547
111659
21090
140541
24760
154834
75306
51349
293
106205
141918
107513
138055
74160
144212
46040
90676
132378
23137
68110
92257
132055
66906
37621
15055
36971
54662
109725
16108
28682
31990
119583
149756
106522
158418
93341
99125
150718
7725
143978
3648
96603
42112
40167
117141
26089
115670
5698
155500
40837
128400
55131
44960
109823
63065
52546
77441
157382
143610
167056
165707
61841
150279
71860
107004
121025
121380
60357
60775
32975
27138
88180
89892
61467
56878
125314
118685
144594
4284
54718
145397
159302
63345
89089
140560
93355
163932
103118
52949
156969
10197
160190
63274
58852
113051
148703
129307
79747
85009
45028
37989
129488
161740
9411
38619
152836
15780
73559
30271
90278
165717
128729
75924
126939
89202
75573
98679
93811
125261
126471
14271
68618
76502
67089
103077
144195
101004
100521
5191
146131
110656
147615
168929
32755
43792
138138
69442
20512
44587
56062
119498
114144
37828
159285
46290
79194
149167
49215
10642
72078
42059
126512
167428
11074
161203
160514
160256
60143
134046
13854
13950
84389
112958
51443
18079
142648
129247
123477
17666
148290
105442
79221
10788
85729
55073
127804
113357
130274
131274
153704
166635
15787
168607
44217
150752
22263
126120
39924
99297
31952
141132
48496
96633
138380
125804
118491
19056
11201
14614
106406
101285
102663
110839
49053
119214
142543
68731
100651
60797
135194
16542
60309
88004
134471
107260
125242
41003
87788
124368
79427
51683
98912
150704
8254
71769
38760
35537
61365
