161416
146728
125404
152375
106314
8193
9503
54412
115903
133797
31336
1876
11759
127823
33618
85792
95931
119138
166290
113445
35414
90579
58084
167060
109985
47811
111183
98294
46491
33518
139379
154319
164159
119168
68897
92083
63822
135481
140975
105774
169252
23346
27505
164906
47237
65578
88391
127336
141322
117644
46044
20643
87507
167493
169083
94684
17871
42733
91806
166267
156456
32063
3717
121587
164979
123238
140546
93113
156947
102016
140996
145763
144879
131175
13552
3420
87085
65382
165159
98220
101301
126063
44465
146712
56010
15000
24252
124256
158692
146005
6016
103461
135138
32184
83654
114331
74279
168754
19014
94833
136474
4390
21256
6966
120995
159688
23072
165229
68785
121832
84750
37537
61470
101614
156204
169141
74205
63788
26802
1069
123702
26191
117214
18068
18769
131483
26777
112613
56278
119460
130480
89325
35369
112912
137857
48010
130690
147948
46435
50877
68222
15630
93432
78773
102955
19121
160693
165726
134985
749
69111
47190
22782
131994
22604
154810
15078
107326
159984
137695
163148
99173
32077
42587
33543
2579
64757
117068
104886
167416
5565
111535
87527
125400
116665
151193
62387
11284
151570
9714
74147
124301
97832
168948
107132
84528
114167
123667
148532
166931
34938
91374
8325
153404
134152
64381
18612
33542
56032
157580
24723
144213
149505
6327
127215
128985
63690
128173
56345
83561
61592
123438
85461
110655
100420
79484
11428
130726
98646
88029
124584
128429
108781
145443
140995
77414
158227
168474
29604
140990
95469
46766
157149
122478
82090
99944
139048
31313
751
108642
88167
143277
154218
133972
46272
74987
168845
47759
39325
154526
67386
68197
125228
121365
28668
135083
11768
57843
145831
74522
85593
8713
36867
20657
144227
168786
132826
28348
85739
67324
107178
10675
133590
146352
76197
106572
102601
79986
101361
140857
54730
51801
29141
36857
43668
165783
68576
77088
168059
122302
7162
103425
9604
2539
96781
133981
32112
153965
112840
74843
163024
164343
47202
25740
166593
100609
26275
114300
142375
72629
75855
102303
131521
13055
155361
96104
102468
101502
68350
116348
83844
73958
80211
115728
97612
80160
24500
55432
116093
70780
29662
43283
35817
10166
20191
85986
90959
99143
2841
19353
33296
91872
74113
149646
142855
57892
163199
91221
34774
20595
128009
108292
87097
142671
12727
73069
15028
34195
113865
16013
85194
53141
83103
143913
126887
95612
38197
13062
82968
131114
24869
79416
44537
48061
78276
25785
92936
106902
156211
39108
59021
27418
82122
38244
83047
77225
104553
136917
7078
71206
127214
2781
97420
69092
79099
32004
30871
116825
57243
131851
81080
28763
129846
128611
32553
17828
61646
130585
34645
125677
1980
52424
10637
107827
92042
45896
25571
106267
105291
6808
110676
32761
44352
12906
74441
113422
157420
45051
55033
120523
77422
99211
47031
113097
131792
32936
14643
127941
13293
22652
25592
118419
144744
59293
98207
57348
43353
27874
8132
20549
6589
110844
165253
39173
22596
134560
48911
78341
4454
124007
105479
155611
20626
20670
12873
74179
58984
15914
30583
130175
113754
168092
92202
4676
46090
19672
24100
91979
113461
83736
148943
51259
133750
106020
99679
125153
110042
155234
67591
39764
153714
45973
88885
86784
9321
69272
12988
68215
14146
70896
157419
160238
75970
155951
15297
130138
120278
106405
154301
21474
114218
113166
51427
131177
150343
77924
118109
124023
120864
120616
14007
60304
58479
72518
22848
107234
81348
54871
115013
150650
31699
163387
158969
131334
105961
158765
65259
86853
102199
55974
139618
111760
148000
96867
72471
157367
142931
94488
74215
148888
87032
79130
151463
96848
22512
3905
68886
35567
162418
3534
151954
4657
18876
34495
69819
68107
48495
168969
116233
61574
164016
87584
35275
162542
118433
135552
156465
57168
464
93277
48599
70947
13770
19897
78695
112271
42200
60263
18610
18348
62183
156804
72064
128820
124830
66649
115068
159004
56742
72579
136387
89011
165144
43304
116689
26414
115988
148463
8772
81351
162687
9930
91751
147924
75101
161662
28361
68723
145847
90615
67442
41396
51855
28236
124862
22880
55478
49315
22617
168858
64138
74781
101118
53865
117197
120348
49884
65217
161568
135829
57115
49266
149857
151644
4463
50314
69885
78360
109135
92138
135558
136881
76028
149955
32666
99865
110393
48276
43639
5420
123094
76030
91473
59617
42591
112423
143978
146453
71188
72193
55485
106088
145484
114773
148404
79858
16958
64813
120778
30435
88739
131349
106326
44906
104303
101197
162116
103079
111496
50492
59022
88497
50157
37007
164899
24909
5839
104601
163680
84762
112197
105191
165522
157621
113474
27528
54144
110496
71223
78003
134875
121132
106821
115461
55521
55407
83912
93262
38792
118375
543
94088
29863
107305
11411
54874
22857
153426
106471
34023
165462
164630
3411
152074
109316
78506
118323
158198
59459
24613
9431
1682
66105
141457
73926
4949
116636
62896
70490
28275
116937
8031
33491
141887
36756
102627
152101
102724
106492
11865
2732
87989
133629
80613
37366
58030
134653
142734
61213
36832
38054
67640
113849
120193
153698
122424
101042
35173
42860
12671
84125
52522
66517
95343
10311
94192
9432
106172
50065
38783
157361
19908
97437
148591
93412
6179
88939
72937
133214
20120
109867
150277
30942
145014
168273
158629
63931
51604
160646
88744
104843
11703
167653
95740
146616
1607
132333
79933
2639
55301
43479
145892
123254
141864
92846
82489
137081
12616
162057
65507
162520
167974
79513
82326
60184
11305
111588
133952
118939
49317
109786
66728
67722
4740
22817
17747
31829
15259
130121
150195
111426
64676
77475
126705
730
92663
82526
9802
81726
21479
156545
120708
108786
77318
22823
158379
1009
38097
65571
59098
21150
31501
111756
48557
118533
73423
116277
71461
56507
137929
10857
54250
98588
85455
41136
98648
117948
118620
91775
107092
101869
102374
64506
31532
63914
128833
139793
99901
43887
156809
100396
103639
63732
37853
135929
142028
96210
142037
168888
111651
14810
50579
10783
3129
75837
103293
24775
93986
56600
132362
50565
78849
60614
62217
146400
47428
153906
150498
14979
108009
802
11650
25797
146914
146830
23644
51117
89310
161940
61266
59026
97846
81957
16709
118746
107514
161609
83524
111796
52992
739
111873
2704
35403
130764
151353
2137
77634
43532
90266
22201
7993
117223
13818
20904
12154
141512
106970
108250
40798
107740
43012
11366
103822
153366
52395
9931
111257
105932
162315
124150
117748
71143
42985
14697
39615
98264
49582
5547
55654
87175
8032
129230
9143
75419
8867
148883
147018
140196
34159
167909
155800
137376
133943
13906
42022
23891
4308
166917
154974
30333
98941
148882
90717
124182
118792
146237
24563
73458
98444
94752
167243
94021
25217
72724
147459
63584
155901
92340
70981
126868
5381
114699
66071
5075
42887
5024
143242
47474
162884
44076
135427
111726
158274
3699
103275
128885
127280
30992
21165
163000
150015
152458
60416
151055
44225
143832
101600
67908
61207
134027
127223
144283
85656
42534
131742
20696
95782
17658
24490
122687
77078
66752
28472
118034
95874
99947
54210
102345
21154
86869
14055
109944
164676
168687
21580
143027
51745
39338
62036
156652
123299
117727
80356
165576
27751
120585
94282
146801
157694
64118
48146
114240
146091
95220
77847
28532
13154
11344
162532
43656
146812
13259
138379
20838
76094
132759
124850
9204
117820
30509
89112
11875
6100
124549
123752
53546
45160
129531
35212
128299
72177
19449
168959
1037
106948
43766
60527
59166
132951
55535
58202
55466
141230
64551
81412
87415
37198
12981
43366
22827
100265
53013
33468
58672
107087
20135
60607
115453
131171
66142
95203
1911
32759
83747
119735
20665
34185
123375
33799
64534
23965
62277
5581
97286
992
142924
138716
39891
88844
48188
38917
26407
159797
159669
149325
27775
108394
165435
12013
139682
69712
11541
113125
125186
8978
107557
166360
120229
145052
38653
76424
119030
133630
133814
37618
126142
128011
135402
62109
116797
35548
34405
2361
168527
69301
109261
161245
65652
105408
83749
123792
42368
6429
8859
32762
129774
18897
59174
40734
5986
65656
54110
166366
35193
163438
11969
153604
24174
8396
11792
147713
63740
9819
111489
133436
5968
109332
12943
123625
48801
48995
65039
114480
159126
120370
42195
60065
27102
59233
109047
112023
124700
110961
20105
131061
81039
103084
107889
159638
150346
125261
46403
142012
107622
25832
133950
142173
128900
105205
110258
126570
5408
159509
158653
104863
117975
115615
85750
155539
13765
95468
115668
30187
48280
136009
161542
98895
153989
41520
159134
91674
43895
157333
125232
41990
70593
26836
16661
161063
14652
147058
148469
51552
46139
99215
45864
54474
76948
101768
100695
148323
143932
166511
111532
86349
141433
37957
131963
32675
128356
38625
41106
63274
167806
62335
95838
62013
38075
127119
138292
80352
84070
97901
110216
28314
69212
161186
138137
70437
74902
49925
18089
39398
969
85998
36824
157060
5651
9562
107145
148606
111543
111885
64692
106707
27894
165103
57399
167742
161365
148927
117863
137736
139543
9538
30599
77637
64997
37106
5359
155448
4795
51122
16861
48015
129599
48077
42839
54724
152890
106370
46292
132710
158091
84279
9963
89718
117348
95410
36720
159602
75393
157996
27451
53332
45686
133081
8350
66093
155445
74116
72914
34734
25498
114093
137904
163759
129938
163135
11206
67815
63005
111514
92717
158516
141348
90510
49418
144417
94333
38232
68442
30281
95759
63064
39612
40180
155316
63284
126763
42647
77872
19940
19873
59914
53544
146176
131703
109999
88370
156298
142312
96951
150892
49866
99472
2130
137414
160860
151607
158887
42439
57307
73712
2876
103630
101940
28277
38515
23726
148777
157706
61037
117434
144824
108067
47788
124894
159915
11377
27785
36467
142741
57142
135189
30287
155183
9776
151389
132107
710
32784
29789
106912
125602
111836
24226
114573
7840
12456
57102
1566
82190
43018
107276
70604
154134
20427
109109
101356
27479
118659
126690
71316
138080
23913
41329
122015
117135
113181
154192
145180
144603
25386
124051
63259
50506
85995
22803
113871
62266
4394
2678
83510
18730
158499
155412
62030
17107
24169
2663
139858
5640
106508
13441
49569
138266
502
131749
95873
29915
134709
140798
66921
124542
32126
59947
68120
15535
29745
135147
32674
2616
138678
673
107667
83119
12465
65058
62991
148287
23077
89787
151349
16446
54782
5184
65563
141451
20545
167050
33681
129126
52766
3011
125265
8428
158426
34291
86004
132952
15300
67478
75120
74211
134464
26904
130395
100953
28509
59646
127953
32053
168153
44383
86569
85126
34754
25611
165903
122785
40796
4486
46375
50680
144523
47863
138473
148482
89793
153415
73506
43195
141893
39677
16814
49982
121276
121058
93348
69119
119633
166625
28355
165757
78991
32189
23950
68588
73052
139946
32234
16006
17080
111904
165688
45548
126099
96192
70466
131831
121299
7132
120609
140042
126372
9005
150374
101221
126420
120905
82751
127222
21179
83768
18592
162504
7747
66486
67911
72668
58541
17099
167904
166501
165072
20144
43704
79450
114124
81130
38274
66491
85565
169294
47752
10469
17466
38814
52731
56819
46578
33458
8077
63268
105263
130087
167338
62065
12553
147346
10211
16904
44358
161597
150820
167115
70294
117423
53104
106852
167932
156890
75047
24248
93339
5412
24864
135182
53764
53366
24802
60485
57855
110334
36120
102598
6953
58560
96106
113629
22385
83031
75856
63407
116056
77735
68121
19365
152712
84523
9367
61542
161164
29767
18000
15587
75449
45093
81672
94396
156042
133267
130602
17602
84255
95971
26950
111105
12858
148250
160118
41980
89725
129801
25729
69123
24409
3873
79444
123136
152824
7871
109116
35895
107313
130820
47466
73171
42851
136625
95005
62064
153271
50972
76696
4117
13988
14846
66458
30707
24263
25067
36923
36968
73358
163327
17783
88065
133826
28082
23309
97549
140250
337
47592
167310
30615
79231
29759
20326
35655
108225
56550
163511
125241
126670
32429
155541
14568
82900
14998
135562
83006
166186
163208
117043
31203
32101
63828
249
113278
35131
70600
138886
105303
113348
138309
26661
169191
85541
136564
45888
27255
85540
52852
122878
19843
3783
138821
83239
39695
147352
167067
103281
97867
159484
15388
142886
148137
81135
64265
63503
27935
95060
116294
71880
34398
74590
27385
74848
121915
160854
120383
80892
162743
61616
61256
133536
4333
58598
72144
56258
30110
20473
153695
87795
76967
44601
153571
162545
134922
110850
58360
74337
81504
96350
86621
44627
164073
141735
133129
33441
70690
14364
92092
117452
113304
165167
130153
148450
100375
148046
44636
17323
60841
50666
154869
28643
130323
157837
106328
65095
141055
19828
69763
131734
168878
114575
154792
82054
63046
18045
115451
136125
58186
16589
63993
93266
17685
159013
108629
120811
23657
119184
42907
50645
45636
106054
67969
138519
49966
116461
81010
91784
135209
102617
162666
37539
25859
119258
119905
91282
159499
80346
78985
53797
51237
33848
31605
32361
55358
54466
541
167777
125248
103978
22373
27923
17030
150293
143405
157478
38803
131621
127690
76950
43863
80475
57417
68288
148839
114512
6233
157583
8144
66894
95308
104283
73784
59728
65276
11840
56464
89570
37760
104226
63103
18572
161544
120002
49912
119237
142270
128460
151388
81020
88189
133515
113625
76864
33056
34191
120407
155965
89754
26066
73036
89715
83987
7542
156746
458
114719
26859
23915
93881
90428
141876
4569
82633
115335
115962
149369
31971
143345
49963
103880
30352
113880
6629
93257
116359
20330
156801
39374
139023
23038
92259
155211
18374
84555
121143
123083
157308
40243
129740
24243
141178
48534
127133
84312
90583
59456
57911
113106
127095
52245
104884
144159
74092
2524
76658
82789
151749
126456
169069
122078
107419
123377
90588
65552
50137
121202
50591
163092
76970
152506
33404
43187
46577
134418
26852
46436
70761
35944
100592
153487
101829
36852
43733
34728
77716
49252
122462
100129
48744
47385
122547
7091
100631
39009
92785
20759
68337
67682
132089
160931
114871
28584
1686
23228
134054
12461
90955
96241
147272
92888
73853
113753
161849
45602
147780
32248
116654
157028
64487
106007
61312
46945
94232
70453
57998
58989
57180
108998
35868
111340
95744
16795
53178
97118
145712
109486
134937
104539
125449
138343
160765
117513
103141
147936
7646
70315
146667
136150
141221
147898
126982
81572
33459
162615
36934
105457
134794
109056
121053
122427
119533
19074
118087
70621
15062
102877
135478
118268
27309
36206
2854
69205
115184
64237
56371
118528
140357
139651
45607
98660
104565
129609
113055
79237
33948
61658
103825
36564
19636
126243
34766
144623
4720
13051
34655
160433
160525
49143
39332
104051
96865
101576
157522
37323
14050
98176
26964
58638
118438
60271
87782
167712
60557
150597
17308
17239
98950
73295
148628
4622
117373
49175
96349
117586
119026
31338
43783
92920
115038
63358
165880
118979
80741
33598
163801
131884
78532
43188
77798
122098
127152
121924
19542
19910
122891
137026
37036
81476
112662
94550
53271
99751
167823
58737
149366
63382
97326
92076
126500
128196
76523
164476
97165
15292
98523
81585
128467
42075
26262
162541
141640
137129
27113
103740
147650
46574
121516
47228
41992
57014
96129
24750
98763
69411
36902
22763
144987
93681
91612
67869
135492
80569
80735
60815
94614
76711
148962
26774
41198
116053
140976
88229
10252
139583
80999
149717
44857
77345
6870
144834
19487
120622
125644
24162
148211
98002
19297
105092
71770
132098
151416
107472
31006
152977
76057
84963
156700
41499
46446
39651
70327
151722
4230
164793
121335
28033
49544
76001
110989
7550
63935
84107
100354
27597
132484
34559
156001
138854
136491
103340
3323
6091
124622
119125
34302
163431
51265
49382
43722
125688
86207
27254
140009
39293
133651
20232
123116
106475
64474
149984
116590
166662
83652
133270
129046
125521
124612
61093
78398
29047
137071
11480
34516
131086
25412
125185
147320
36507
42660
91088
76100
41090
98329
72745
61731
143305
7279
106758
24546
148676
2625
66321
102222
19309
127059
86584
15080
74839
72189
64875
50242
137460
92295
92027
15672
12761
52374
112101
88270
97723
51134
51655
125320
91514
100351
60650
3605
140767
11060
101965
97842
43272
58378
76874
123617
138152
85994
116634
53502
93148
155705
164508
90109
8439
83977
163500
158133
43702
26595
8741
61573
98923
11764
88411
101899
138125
106615
40934
44103
61685
25006
25214
164290
55758
7473
137394
29244
22186
82646
90116
69756
54722
55990
81166
82850
65353
76907
124235
54559
124442
144199
84084
129155
87068
157718
17642
73232
161324
115505
118798
159021
69858
122545
168654
155013
108081
69321
96613
81116
147374
103805
166219
135627
4266
160811
75979
114054
142136
1230
128592
58497
84795
106115
58683
114877
89828
22901
149951
112666
19575
130307
84479
4185
140934
104556
150568
51256
41412
123991
140076
155825
66977
142493
91708
146478
77980
70837
154091
147855
45078
32202
53973
47827
50304
120480
161450
104307
100339
131281
96893
154885
134284
93426
990
169048
123774
112327
33228
120901
116039
149125
42131
29574
95565
85399
134956
156773
117678
163853
14662
13238
155012
115329
34816
105964
99482
159061
59342
25320
3614
74009
92069
147254
152733
70964
17575
14492
121341
81304
133100
127585
93505
51198
54049
90912
140892
118437
145228
122050
47165
118662
98947
53560
148758
2590
126811
164661
162970
34747
113621
99006
67733
61935
5530
130222
40797
54984
101872
82884
31007
25552
19359
134237
59666
19218
51702
78757
99058
145784
105791
12061
112027
80501
95870
22075
162969
129137
65846
157964
87312
136636
4874
38977
60813
80235
114470
59613
45955
96174
72809
28961
67368
163073
40404
39554
51012
10760
49026
82799
24236
27184
86734
169260
47093
15907
143875
162490
82284
46135
130592
79068
101101
94815
60724
165955
31874
65456
60598
50950
709
131151
113208
75546
127992
90787
99419
9196
69537
107735
71446
131524
25955
26909
79368
131193
17586
103287
138129
126452
24507
35188
126935
99503
113911
78387
122575
78525
145626
91363
41677
54598
44835
24395
107781
13123
73584
22375
16478
112486
79093
91764
125095
1811
114434
162931
124531
98503
11891
161313
39777
88725
72428
159836
139004
55872
163859
99217
30940
37586
106558
125501
76109
58183
68768
73946
19133
70176
29280
84642
62476
132790
24105
65721
144872
14616
100185
37866
148505
30263
154129
73377
23669
141223
86757
39640
19620
149783
20558
11627
108244
130834
89226
32325
108733
144616
32217
142359
107112
2892
92256
162167
165315
80116
117418
107539
6718
157237
82773
33629
120589
80822
32403
128320
81462
57821
44958
142247
135317
36967
117934
131508
29761
128629
113854
44643
119381
76644
114580
99427
1240
21842
9738
16009
53440
110913
141966
61240
132788
109586
128109
153565
1403
140563
16025
141713
143363
85167
92682
124229
135898
74173
1466
139231
65486
64993
43330
56701
32581
100651
61295
115487
86800
11469
151679
41195
109700
153323
129043
107228
26509
125947
142859
90941
16717
82086
122580
162056
88766
161984
51575
13869
146855
26889
81674
68849
921
140266
46076
30054
14454
26637
11184
42174
26155
14443
143992
67657
144088
83209
161260
100120
79359
14110
25310
92186
113308
121273
137412
912
19536
96701
29088
68585
30935
156503
149566
15793
111048
81425
82970
134366
162979
72758
54454
157973
107408
15334
28268
36616
139178
29495
113832
145054
121446
23809
10305
117833
29588
141023
132101
17781
31121
46204
162287
137854
158285
113000
43658
68281
79274
110323
169206
15747
82004
73243
45408
156518
49504
20853
68770
49824
115118
62045
94100
144613
133772
59671
136271
5901
12273
126096
115270
91372
97893
60826
76052
36189
35215
39840
135760
2711
79807
7359
4325
17839
106023
109698
45728
135312
132981
35735
1660
160899
44369
90329
168366
110867
55991
90846
67886
114498
96115
254
111501
13733
146041
42680
85273
7397
49903
18409
91585
82590
152968
42365
63586
168577
142225
157222
109242
150783
80032
4592
79033
165445
110708
58963
108290
160752
138260
132974
106313
18417
139973
118025
51145
169267
98725
137731
96176
56004
32473
13
53510
108359
92482
151173
41264
33911
154672
140941
4255
1865
130373
134115
159911
8369
112124
156455
25725
140642
43124
163691
31788
44578
58585
117532
10127
140800
124113
4967
150043
6021
96852
147710
121934
125756
102290
139115
51437
75796
5875
36384
24848
132918
157495
100705
164540
89167
89319
3804
138547
81370
64916
102798
3255
145143
78916
7755
116155
46789
53062
130782
87491
151266
109644
25044
27489
7764
27682
46837
58240
115978
135007
79214
167723
125529
26133
95208
72095
145340
110762
83475
40118
19029
152370
113672
21507
39457
14060
16586
25198
166941
160546
16791
101588
19236
54671
13056
115729
159716
144420
19082
57537
125588
63163
145576
58843
162263
64575
10595
128303
123267
118515
131526
12159
165970
26001
68340
144594
103397
151917
101744
42188
62971
5270
35239
21219
120621
166645
26276
58734
122282
80425
141438
29200
147937
68079
47815
146683
137457
74177
13288
65576
160036
145104
13213
63492
9872
63757
127065
95561
62947
40465
149346
14475
11866
30060
63403
136333
109462
140168
26849
87365
110806
151715
32229
85876
57522
42732
11567
140890
31625
102774
75030
140044
139198
8380
55892
44722
45781
142167
103454
78417
29792
24739
143069
82992
25082
165939
163573
102477
71551
54927
122312
163899
138418
107025
106169
5155
62351
44514
112585
87768
76517
46726
7479
112551
62924
66732
65803
160933
4294
48693
5010
109383
62941
38989
36672
45506
83979
166284
107435
21122
99299
49206
54424
164400
125363
169008
156379
136456
95131
119235
107157
26805
26123
91691
33825
83970
79689
61167
5122
9703
31195
42986
130811
60993
85708
52354
23370
134112
44483
150393
164604
12520
102384
161643
77848
45591
141141
53277
43678
88602
40069
73007
21706
132992
9977
84791
25472
90296
4276
85829
157211
71224
144462
53757
88865
40786
131629
35224
15850
167039
12977
34855
22155
42546
48131
152357
163353
148793
44924
70636
114029
156345
2790
161523
260
77820
31064
134772
70505
34765
63425
2296
32128
33736
49265
11310
147875
30891
10107
63149
153278
120907
55666
165950
17486
155727
74472
92747
163577
70712
57565
155668
127809
36796
62746
141979
106575
8071
24240
126531
26211
0
140344
56062
28640
145084
5712
22704
72105
60454
61328
78853
104516
115864
44827
12389
126909
29649
92645
109673
78120
54142
55382
98938
100124
55635
19458
14963
138565
82593
155307
83893
156667
149703
38419
11133
155339
11210
139472
137231
47330
13310
125480
104972
84091
67140
42238
23178
152417
109307
34296
160066
90200
41428
59401
122493
128190
82726
79256
97454
100424
107028
8025
91353
146145
64188
29558
137629
127522
8195
168764
148278
76973
71383
106282
149719
14820
133183
34891
34739
8074
80262
15632
161888
17433
39139
36868
52380
82013
157299
118239
119146
85996
155205
137942
132874
25629
86993
3679
156034
23025
64995
84233
20610
31812
122657
151337
12788
148284
5286
21003
126133
17584
634
153139
43811
8824
131262
36920
149792
168226
158592
114191
21959
51793
109306
158896
30087
168874
39475
77860
68196
81843
36812
89914
133368
164898
61809
65072
163831
161051
135559
60551
129700
106030
68958
90616
131477
127964
96763
135272
61693
32145
46755
118227
15709
136850
14382
44711
25749
168578
20539
72635
160174
166880
32586
96445
63346
81867
116209
30010
55670
91675
104892
74725
105516
100708
28703
110793
43461
140375
111677
116693
106205
78550
50534
142117
152984
61852
143022
136989
849
163746
167290
165967
16434
76615
162316
21574
131131
165322
18289
37004
87171
64702
31103
100445
14435
136916
145261
75983
44027
51367
135896
107041
71278
46071
87690
30977
484
19302
14131
50561
130746
870
49000
78610
70801
7968
135354
108672
145793
36505
2467
126928
51080
39086
29443
142751
3277
121577
58317
72982
154537
149909
146388
76252
159767
120844
69426
36682
62725
135566
119224
165729
71560
90120
35295
157654
153050
73526
39657
51147
123430
145634
163591
72620
72028
63156
111255
158560
134334
24202
71405
53222
92160
149732
9465
88801
34153
95349
9598
11279
144826
12995
14005
74938
119398
29921
104326
162631
51099
163901
33624
164404
87599
15394
71177
164728
75139
66758
136071
123356
95403
148796
1122
2996
97464
121052
53175
79904
126039
125435
92193
121547
102216
74671
119808
57288
93122
101309
79500
136996
73495
17279
17102
156734
159627
152360
93722
164157
118868
132822
53426
123783
27125
13018
43627
82098
52962
29776
164853
67055
21371
65203
47451
6999
158950
72342
150587
28527
88435
98017
158736
58781
95792
4464
19476
24835
131793
119936
99198
91817
40481
84907
80933
5311
166434
160990
168906
96572
121517
3960
91829
121363
56847
68640
114732
126021
85423
83648
86875
52862
151247
81746
38505
37818
144552
83673
158174
51749
34095
57402
161040
92763
44105
81408
100419
168147
65175
134485
132800
5955
106413
151024
2098
136045
4316
167559
10583
47345
20543
141935
122292
117394
11198
151089
12079
98088
80596
167719
32980
119429
22994
41532
63800
30587
79077
82786
144037
55470
122374
110780
81346
142238
123172
101569
67133
162312
86697
43056
51228
104651
49421
64326
22177
40806
5133
156642
135426
18488
106033
156593
38275
49074
121585
11757
147335
73488
42235
110433
57153
78741
37253
17522
24258
84772
74086
4702
152282
61138
155973
33821
59991
72597
68745
80623
64555
91823
158734
48116
160709
30040
66145
136695
29763
22028
43573
42492
134513
91989
32461
134632
13704
148197
132409
33136
76151
99250
154653
69993
125024
148262
109052
60532
54513
6073
159544
130679
73879
49643
168352
8829
134430
28650
124865
158477
76293
67281
70639
95715
143064
66716
160903
120481
77581
78706
46999
31147
103094
153827
21572
140232
145637
156572
121035
127616
113610
131141
5637
79494
92421
144943
44759
27910
158421
19947
45125
156673
111603
13632
68335
162234
41949
147110
145939
150056
27626
111154
167807
79626
143653
35514
56684
32193
89390
5949
140440
150288
100240
151310
132384
31089
160468
24277
27149
56871
32668
104500
95357
167238
117178
78476
34092
73228
98211
100394
106848
73099
68272
64093
123180
60646
146133
111976
104430
159403
104279
105072
126382
75378
53571
70699
131816
100067
24183
6532
59118
135808
143561
119947
38654
152389
146586
51643
32885
47015
282
147327
88303
27975
98239
134344
82807
88627
85206
66713
133362
105803
155814
104130
168210
10581
134938
85259
63087
31895
102629
89355
146398
89238
99666
115032
87274
74026
134558
150906
109995
47354
167846
154238
5735
142426
82061
120714
22291
57838
4468
75389
3683
16614
104961
128551
155716
146043
31620
61414
4754
41514
17493
138148
38854
158430
141988
50425
99338
46688
5741
141723
136375
88551
112037
122843
106605
16676
76985
72632
35515
160236
111287
127742
57753
12281
73239
114690
124724
127703
25462
47085
162987
144182
154778
80090
30203
96383
34460
108064
78158
38335
32072
130731
135378
131544
33038
140446
6920
166660
134805
19079
80577
145280
92121
64824
92370
58199
77772
146354
154529
52361
165943
79928
56502
144392
117196
80361
65172
20264
121715
19839
62730
87330
54339
52054
49698
117456
20482
141270
125365
110832
119023
54785
105554
143183
34841
51612
30908
115996
164851
105118
97153
129640
146273
66826
52015
143727
8943
94822
56112
114329
25328
82387
134377
59582
47241
27594
24305
37068
50409
78592
114220
41801
88511
113618
63735
63811
152250
104163
106497
55265
131844
58175
39299
3914
112227
107969
111987
78262
2247
106649
115225
163271
56307
104352
152950
4200
4655
40238
89314
84882
48790
132289
118238
46565
167606
66096
143518
139924
165952
87243
67784
127260
119498
56217
56201
46021
33253
35667
59765
40640
104772
167097
160997
127797
30663
155317
152028
106491
133871
94197
98003
47359
11140
150079
43464
30689
161022
97891
138709
55765
9709
63764
143862
47057
131698
146642
3024
125318
106785
8909
17337
14394
91295
139673
8560
113841
98172
2860
167028
32420
122114
144348
14841
76734
90725
109937
92699
153297
57452
124282
96917
38694
54481
124872
8076
76831
4611
94397
125935
105555
10000
5056
157286
148294
140733
45645
26412
12322
140316
137940
126645
105930
119506
87624
143536
40946
156137
102678
92361
36798
38620
15674
83146
144018
149759
28836
150677
6766
145760
94381
151854
112764
64588
18519
137668
126355
89304
133902
106760
75356
112794
148144
31460
131430
23205
97400
10640
61642
101868
10372
23740
82861
118552
120752
149290
50046
71986
31252
14536
158206
162933
130045
65520
73578
120912
26360
21801
4697
108174
114693
38925
162610
67102
146086
64942
164672
76558
48268
96556
87963
158678
99824
131490
155625
59018
153949
55205
8775
134456
27901
46222
15832
17882
40540
168160
124191
35873
54225
129968
99833
103698
132047
118744
64635
146987
143137
16536
23184
79671
80424
27375
100670
147951
118714
31416
142890
141975
152199
69965
51987
72513
37502
81936
66942
158525
37439
69363
68320
45148
35474
141600
68184
64762
63151
82832
8918
132756
3626
148351
154840
71440
75051
27069
56776
145070
80736
51686
111684
34505
38379
153311
72621
117300
62413
74928
116829
76193
52279
27627
100961
120166
9274
122830
32919
106501
4189
117365
144989
109373
9717
128709
59787
166303
154503
168001
154210
98187
99471
35184
117606
133587
129634
37456
108623
85261
45343
162567
38652
100891
52778
124490
13612
52498
61086
137680
85687
90629
35121
129333
40348
165145
40805
60238
139003
119708
158779
7169
13507
63072
97698
155010
61671
82607
61019
121416
58976
25815
101732
31034
155032
131880
53065
127101
9297
153601
66223
38380
46842
21393
38809
78302
125603
156749
94548
101641
43135
158338
79362
141942
127987
11905
55111
112268
31965
5604
86491
162703
100803
95749
75756
65350
80531
27362
18170
66851
3244
128001
83867
134562
74934
138356
97980
118962
50946
117209
52064
55195
163248
103409
1709
122146
108007
37688
137619
131137
133133
17767
59169
88781
65981
1818
89537
94841
9316
46676
165550
159790
125009
23306
168372
111264
87941
168026
14094
165158
122243
20620
44355
163818
132372
124589
82664
101234
162065
18406
58848
90059
115684
27689
26981
21931
159605
24383
161920
154294
127476
103969
42569
58634
121214
157769
42516
64104
55763
36385
3209
114490
49393
92197
164221
119690
38372
89295
56620
129280
158500
132802
1517
87528
43923
29648
126841
65147
134312
64787
129147
21593
104393
17447
123022
35104
4814
73774
101295
116088
34136
20073
102184
71106
70428
3164
83960
81106
101411
17484
68363
77612
144490
51949
3150
71649
64234
41477
21277
157871
160223
83326
107879
42481
93789
115741
145018
34325
163346
73291
79172
156752
8324
100391
80112
18210
144936
35768
71120
86132
8339
61152
51951
107281
159351
28797
148727
23108
72122
66769
41864
87122
61408
47595
151471
65857
74229
75876
137769
6326
117763
39263
116158
146777
127429
67932
39603
40169
51559
120614
76584
96297
6318
139812
119368
98718
93363
138100
44708
65069
99302
151866
70209
146353
42513
156150
108641
39792
8798
146298
21611
2751
82865
104825
112887
725
152773
53688
146468
36255
138545
26531
136383
112490
16273
147295
23814
4788
36823
22520
50705
124536
92706
53088
50406
16797
33079
25121
20715
65336
162380
109038
137915
158017
28710
16079
71530
23670
80106
128350
44583
156719
32617
108179
79169
102111
78095
95906
28899
90333
51124
34148
117638
138223
143340
107321
63746
47836
114945
105980
62193
115524
65601
96324
127334
162506
7280
22064
141939
141897
74586
29358
137204
44089
72328
22745
72334
38885
127858
159289
17590
36289
146612
35251
106220
163652
23767
46545
15839
31061
27829
118553
68206
85850
167894
13358
21132
83195
114223
157134
45094
40380
122690
150226
74723
84245
121422
167515
69641
55440
18274
91321
149247
89580
143794
130606
149055
15413
61424
132842
53522
81640
155669
134355
71294
25429
20573
162442
93865
109880
7338
3235
165476
78229
78633
50194
74792
80279
157952
107738
68956
82149
69194
39282
146279
101936
55436
9273
122237
154323
97011
125011
123542
87851
20649
62305
55127
85801
74716
117401
120256
1955
59322
118475
142402
64587
158797
124899
69409
154164
150115
91306
34069
122524
91911
16679
98582
72490
117837
143260
97492
64374
138224
22431
71053
4472
168470
73429
28126
39348
159524
93379
99477
56286
40833
22231
91628
20441
141097
21564
2279
41606
139083
99212
3462
19640
12913
44366
19788
75439
34241
158261
134100
49034
140541
66871
103498
26119
50888
10866
413
79104
138000
88998
86753
64855
39356
148406
66757
156600
84578
59417
159301
17891
28127
34950
105253
109331
157667
33496
45254
159183
141968
149798
11883
21843
163860
108676
38791
23438
13328
15113
140848
112533
57624
130956
92506
33613
106834
13220
66946
16711
55361
120957
139870
72581
143108
134991
128112
77864
155633
146654
71584
134290
41731
45731
78146
152924
158412
124516
20940
156911
137901
124623
12934
72267
67334
132428
76283
18470
50223
147205
77568
111826
28564
69703
9812
95306
106337
40434
63886
141761
151401
63954
123050
139799
49168
22433
62142
138917
112581
147831
147625
87837
153948
58549
116001
37780
15066
14984
166715
33847
68366
65579
29623
27253
127536
155715
83826
28927
118230
46501
59882
45
109446
128219
159988
126826
70929
157610
127206
154149
10953
58566
123959
95551
109785
28540
53828
7265
164680
67603
158785
164763
123595
55579
159427
96342
98244
65332
51840
78715
163506
26734
69179
76539
99510
18667
143128
130247
79311
90136
138671
6687
6740
72014
112036
133737
28682
149233
107974
69771
48751
43797
155080
13617
118354
148214
51626
98645
136790
167017
53580
125708
66845
33250
127397
126901
74576
140943
7906
42451
64328
73149
149376
100006
34581
148876
47961
59849
161580
142370
11328
28908
119276
141672
163164
21974
108985
17156
29001
58694
133425
31643
24816
135290
32366
44263
116409
157967
132178
17613
122200
21798
161535
155685
28432
110542
6138
40444
109431
145952
120763
124378
79396
139667
118578
165858
154541
33104
119915
42101
114034
59565
154957
147484
70890
59221
23757
84865
144723
109978
47304
162897
140645
85196
26744
18111
47128
116968
20160
30190
3523
78591
98079
5183
491
113456
128975
47764
163200
107913
126564
139529
152440
80500
128489
12306
11072
66852
62623
14667
167897
40176
8422
37891
22305
62735
133219
92230
12956
9735
116119
49707
21465
19286
108905
85819
13661
115006
84198
18448
58793
59726
38125
57480
28238
168773
85746
118926
29777
39587
70207
479
56924
118081
161139
87229
85545
143697
107069
44399
102615
59479
101030
13971
132068
114949
54581
26290
84437
118909
154242
91006
1770
30477
148824
143060
31988
21489
78858
44439
59586
104395
129105
103436
135882
41426
55267
134897
5319
52303
46207
122045
82091
19119
124578
75850
95586
76593
71138
141153
13943
98044
76344
90585
7043
140835
80742
99753
118242
111814
93901
66011
108445
147329
122889
25267
29387
158639
157940
61359
114556
105379
101093
52491
68677
158802
92484
162076
3959
136226
124630
61552
162366
89403
118032
157272
147492
52324
2423
43270
87002
152391
167492
63007
133547
12796
79013
137767
144672
139300
139665
32918
139218
161350
78057
21967
71021
58363
73589
89383
126970
141624
56206
96590
59491
9138
157693
88828
33623
34694
162250
30816
89850
10529
153239
129669
60690
13265
85709
166937
13223
43680
154227
138793
97854
130656
166448
167044
104070
107014
124307
6865
42547
87485
60796
17694
71646
144863
147532
119659
42304
130847
66077
131285
128882
94971
134820
9524
107972
16267
86729
136764
17232
115895
57323
150321
8482
16396
83898
155552
146169
2233
99293
118326
144372
45565
101914
69701
164216
107205
56197
83436
104671
86812
7071
92966
113028
46642
33139
6093
125461
53276
151528
37238
44613
137432
140559
62839
168820
123202
160920
79744
112541
117584
117293
92515
73618
54547
142374
121618
108400
116618
89865
129749
6951
148562
87234
27206
22351
22457
68765
4833
148461
155243
149043
9869
99749
80298
41661
54771
75641
8545
54442
118976
97383
64849
55973
161903
31745
67105
54050
61028
75127
49298
43877
73316
4953
63084
132538
134330
50858
88012
156971
113143
18010
154097
721
152045
54501
85580
127202
29758
108836
44940
23030
6463
136359
63340
92579
64077
41545
59852
59472
105991
139289
25546
69573
40445
140208
61368
150520
33081
117415
31824
162245
165982
164292
21238
100664
68354
104050
145420
22161
51834
60912
75250
31344
162048
55784
95864
111805
96554
56747
115764
18499
47773
123067
147620
110190
43782
105607
36872
118439
49498
118492
142898
137950
144705
100107
140194
164164
51057
120012
71464
138202
14466
68840
140779
84112
163916
167478
122101
68655
3315
92226
123904
6389
167470
134993
127409
147944
121602
129931
59476
77646
140956
112766
59387
45990
131594
98995
147828
38646
57432
117676
2409
144940
59831
31917
66563
138182
103383
75755
74800
61437
11992
23335
108892
127069
71216
71414
29974
128244
153760
76348
30563
132704
104280
3341
121668
166711
63962
58003
67687
120184
132697
122800
40497
66698
166614
117304
115909
106096
56411
32588
68647
8506
97130
117824
139307
34486
164224
712
98579
69019
52540
13348
54870
20393
50198
152590
167795
49881
63446
122733
18768
25292
95494
104477
47855
135163
117116
62313
20773
108475
4520
23568
132144
166158
45966
60786
64825
157226
32509
141602
126148
106331
63967
162694
115499
75174
68058
150212
1610
134582
85073
1392
60148
70030
126170
23332
5159
132934
52306
139482
83165
70586
136342
124694
48103
36685
14784
43406
122415
143050
168830
36305
145679
37438
130598
102928
109900
76809
60128
95315
118324
136507
144374
151051
153072
23376
69605
86903
93454
86746
158168
149053
13749
94819
99232
40269
11511
54202
165340
98643
146740
88940
129376
46162
86306
2222
109511
71376
128013
97473
109821
62140
10358
19366
62862
35119
29818
126128
50100
135285
79779
95151
101305
43777
14586
119749
63236
147868
53256
102526
49693
16933
40163
135088
53733
87763
142349
101879
160654
84781
126283
37170
103267
37513
41437
125097
33680
93495
7049
126855
58184
34267
105176
82047
135380
99192
109020
143538
122091
86255
112232
165088
61654
98876
156051
107585
85906
48147
68878
52802
132127
78362
129106
119700
4667
68916
117397
33507
103412
145223
124596
75998
22743
6333
18475
75291
147499
69283
168034
97109
43149
78609
72918
133066
122839
74108
6408
32779
36598
54078
44543
10291
93571
6622
74690
10473
36313
24583
89739
155495
3303
71161
156110
31518
119977
149162
36465
105448
150021
129554
100477
118373
76850
146306
34829
87784
93570
118931
28964
162217
89002
133156
148874
163981
26569
36561
75928
100925
138811
37158
46923
100022
158210
149568
161204
83769
154912
40757
157942
85795
90926
122351
30653
44614
9084
95253
46069
26455
143520
89203
87195
12282
41355
129563
5457
35009
139162
130650
63366
89122
48327
116022
116808
127096
60570
3924
35058
110504
125929
103083
16577
157811
3466
76383
33367
23363
31498
105373
63970
155493
97518
10748
42395
128987
155947
90066
40081
137135
125297
17381
141152
160766
114703
146055
53578
59179
117187
98544
149060
143226
109858
160908
86165
135423
166988
23404
28122
157891
160569
35996
77058
153875
134571
101549
158520
135716
141036
65466
35813
137560
49267
42197
61811
138368
89753
66471
67497
46887
165022
34124
95761
61211
6175
105848
160282
101323
16567
128438
155699
76608
44141
84073
149338
59056
28453
79144
67370
153792
156597
12670
29482
24829
107404
137345
16750
87045
154150
132780
142934
8881
35049
160491
22255
648
85878
92282
54038
34865
122171
128442
72268
13828
127310
152694
78439
150009
168261
62570
117866
21532
164930
31857
95137
84514
86733
145166
69078
87613
75324
69682
57801
27493
88569
33487
90571
142664
91851
129939
102134
142434
73094
63836
39822
125440
93400
160173
64428
96207
131055
115188
500
91133
75813
92401
66344
95335
150426
40816
22569
8205
59367
153767
5681
96846
33869
144063
59105
72369
93460
30988
32494
113900
143380
759
58380
11037
3140
20632
158179
53760
44313
71062
67303
142712
40930
109252
165383
33944
66770
153294
159103
120291
2133
75503
66629
92082
135039
107080
119496
42842
60923
77813
96007
12508
113101
41596
44435
140327
155018
164532
89894
103984
109194
110548
145925
161096
55218
52911
95238
42468
30788
164244
41267
57273
74224
18205
127193
108417
66015
41016
42362
9992
11708
128018
67806
141612
13350
165453
106390
86745
15400
107360
129882
86137
25963
32789
36700
51445
84329
99710
37221
58795
114643
72424
59409
80997
15304
70972
93741
106102
147078
138495
86032
41308
122498
35570
47685
150701
103107
120133
19109
150678
10828
13172
138387
80110
38565
137448
5877
41064
31846
135019
106581
167141
4517
142826
1405
42793
56232
53998
88738
4107
138582
159604
12333
44497
65761
60249
9808
99571
146414
163274
18985
108600
164149
70980
108082
95008
40140
65621
165803
1106
19963
131460
44379
37434
21721
9398
104976
23510
132351
154993
110222
57874
145240
46768
32889
153468
158521
27082
59357
89071
7208
114465
35955
133174
59087
43628
156864
85976
44976
80243
124323
68873
44573
65755
154742
38697
150586
20225
9387
75234
63807
124326
54952
71018
86394
96446
42590
166847
135493
31749
83915
52561
74408
111816
83244
123020
144505
108526
114265
88782
101285
78988
107465
41954
11722
84798
28298
107075
80807
133755
136621
139856
46416
76568
150025
78078
161686
119886
102676
130336
95282
127891
111456
34854
18690
163961
8014
46493
63616
1138
39619
147321
59368
130703
50678
47579
6356
35737
24131
36209
17771
135003
84398
128247
106293
70906
2454
54145
144181
86937
120665
67048
9746
141575
139750
85237
12097
63182
72062
71613
134868
8139
107155
129428
77343
126214
40349
98808
163308
6149
10116
37856
58495
144997
53624
138668
9106
18295
36664
8682
149856
20963
67737
85705
139447
151428
43979
46791
59078
53336
40663
59159
111851
103286
26534
44684
28971
25083
57177
156151
66579
113404
2225
157395
116279
161661
141390
41644
72281
116016
90665
141151
118150
3497
130755
78176
18338
20596
93644
168621
79060
2424
64807
145016
93401
158435
54299
97263
49458
60111
78499
109702
31136
105938
104580
20460
117759
46810
63342
150763
68898
150961
154987
97424
60357
135455
45439
166570
15447
31441
42355
8553
73499
8893
155400
67443
159287
154546
138458
62512
95103
64339
3702
160154
105009
7441
121366
37556
87137
33928
21445
139792
18515
24325
86444
49928
22415
111074
28442
33291
82469
52152
33720
104032
69142
138115
48798
51729
62084
108747
161070
56310
152623
55058
152940
125183
132674
163905
97352
74119
114756
117992
124686
59413
57505
101918
53183
110533
33314
78662
53623
144736
149056
13736
84786
1555
2458
7565
145158
165163
79202
89037
148051
96102
113845
94541
41192
62208
134828
73670
83122
103551
3572
47223
10197
145837
87684
22515
121836
153688
25430
115400
14689
23093
158087
150267
62326
101919
55324
160700
131462
158578
94529
25178
31315
38169
56262
11652
67196
124649
10571
113480
65089
165990
100374
95273
53665
160840
36675
158963
95185
119872
59317
10984
127644
167608
109412
152454
128296
69884
12217
18571
97244
57890
102406
113173
137407
144697
148150
74536
167135
91907
89823
26186
134849
117023
2195
65598
87817
61163
100158
127649
54884
20810
58859
73456
143296
29421
103724
117377
124344
84150
13316
78551
69254
152653
99860
52812
41340
18608
52931
100294
59959
40302
10514
165011
57338
11068
24703
5820
19853
90698
55632
21565
161171
97883
9711
2504
68536
41707
31932
51510
153595
125133
77439
46315
35343
21770
53685
141559
76400
154747
23516
12057
61241
162434
44065
39992
5248
99154
63869
138189
66004
40370
6271
25493
31621
59436
79487
36885
46922
38922
45427
154527
135433
110001
35375
165669
64278
142828
72402
22444
15638
32033
47317
163419
106656
145523
45649
165665
37247
1635
100401
143482
122470
44438
148026
3516
156591
44387
11416
10002
154949
101854
125564
29726
151376
63150
77370
94081
138567
7266
35304
1252
105088
72331
75409
146395
105036
66338
46297
145921
61448
140807
7425
157598
148421
136929
153110
117390
152554
51254
147347
46602
74741
79175
58690
139385
36332
122411
111572
92880
111561
2538
71571
150894
13126
56589
88200
157316
6833
137443
46214
6923
117502
54859
27270
63955
79957
154256
9479
1995
31919
157310
29048
46725
157865
167013
4088
57713
149547
62775
13839
22085
107895
126559
22723
114349
2647
96974
138410
46914
153947
117123
26415
52297
21435
141136
139484
87346
30666
74932
156061
129553
103023
140449
132775
58014
142190
66548
135231
163252
91855
146810
89503
17117
112837
154892
156821
70710
87094
51751
113406
26209
151753
10919
96544
40338
42358
91349
43799
81708
168364
80364
118175
97005
129838
72827
99805
33160
133308
98870
130313
83162
9467
23967
149083
18422
169087
33371
64592
109558
96325
131120
6354
28491
124003
81520
126301
76251
69774
130031
101786
70765
24478
141704
45248
57774
117902
70512
14942
98649
164948
154751
34391
96153
78118
69441
58584
138191
122222
54596
152491
33688
29871
164952
54042
169001
74118
83984
104740
16756
116102
105134
137481
43490
120761
3801
35892
7733
103729
9796
69552
60127
98813
140796
76378
100890
104336
167975
9357
135529
39876
102315
161081
50215
6202
96710
27697
120120
90692
15885
85640
19166
164829
40374
35451
124008
5027
54978
51757
35429
89926
79369
64450
14819
103646
2194
109467
28618
31187
20701
43705
167437
40012
159350
37255
83773
137049
30028
57245
96379
42667
150408
161185
152671
114415
129325
106518
96688
111111
10009
57188
69748
142787
78441
112540
35920
150903
34930
139968
22285
57920
80863
146599
82222
103811
21715
99800
119773
31141
66924
77811
31741
163088
84336
23349
39728
56644
132501
14794
140200
155273
4062
42242
97171
650
121717
156726
15344
104755
9233
28767
154202
100527
121651
97238
161887
3888
8703
30986
92089
89668
3090
85957
13263
147366
165908
70971
105873
105444
106263
133614
73739
108951
37049
46487
136442
74355
83750
106151
67058
137895
60460
56179
95836
27129
93045
20152
82934
107850
160769
160415
114441
146188
162330
69923
71035
116897
144352
119608
51135
47779
131105
132332
83764
26295
91482
86583
105264
130943
134776
118287
73837
114823
115393
58021
55929
99185
148359
117706
86647
103205
36427
141792
111357
20518
107748
97552
23289
48334
4213
46078
1826
13929
25239
59278
75994
30746
17909
157645
156056
67664
86166
121332
16735
115914
5927
41895
44173
40195
23015
91102
125211
95154
30138
4126
145184
39938
134517
69352
19008
28951
126719
118751
51594
95574
156581
151902
15886
149573
60779
38502
97674
90828
99310
7027
68574
56355
85871
140658
36393
121306
56331
135501
132728
56590
45096
106672
132654
120040
129208
165557
67513
136861
34432
585
57062
142733
117103
131580
95169
78127
61161
111586
15335
128047
129862
32734
99971
139694
47148
129936
60351
67606
45967
73671
81706
13880
32781
136523
57465
147631
43553
77403
93726
73549
166057
140320
92153
148728
131713
48299
16521
93908
4993
21126
99086
25048
44372
163068
72878
77181
40039
23336
57053
94117
74687
150868
11360
127893
91967
13224
147952
21607
36127
132795
113175
72839
124369
28629
31111
61803
113901
160079
115887
8903
97486
29473
60871
47221
97231
134778
73840
12004
22538
4730
106080
71513
147764
5437
155033
20751
167268
122412
42231
139236
90715
457
4356
129913
1672
61173
118687
1999
137230
101972
39462
113229
6050
65284
57363
13900
107882
52212
33244
150627
92895
117341
51248
136020
67818
136665
160815
46515
163601
18739
16871
67563
50996
29305
121613
109504
167179
133397
139342
149324
97388
112419
32314
169168
19639
45680
120705
108418
67237
103527
89724
33098
78331
159493
152358
91699
112926
26005
17551
67376
121806
24587
126342
87717
76058
118579
151841
159394
28594
31294
115526
113572
18152
71280
129136
122366
98402
142176
24223
19322
149157
149723
91883
146647
162397
90684
139896
5507
47746
135149
119878
26103
130535
136230
160418
95680
42699
157928
14682
117843
39017
52230
94591
84928
130158
18390
62883
128642
134551
97497
31688
33163
50066
156842
66909
28454
18356
152066
135832
79624
136154
127114
38676
17517
38041
2440
142484
127734
120321
55011
80599
120337
4337
152310
142698
74298
169317
72847
100008
27510
161833
24103
30877
70282
133834
23866
158350
133648
32177
39311
49568
31269
31212
155252
47215
51662
116801
5789
37585
59096
138121
143483
88911
145919
14552
129909
32340
26494
74103
164713
4861
19598
125996
58463
123413
2050
2769
78903
134405
39797
5806
166066
140297
106474
50719
147289
64256
127005
9657
11640
93438
83537
92283
82596
133131
75072
153550
164893
161562
54201
93157
41978
165473
157213
85605
136908
134371
168954
68232
15362
102181
94154
149894
47331
112846
167182
73720
168967
7497
55176
37000
62464
133505
109290
82542
114966
9522
165503
17378
34217
94297
44270
115479
