1113498
1532440
385795
119216
900382
42917
122818
923745
715142
819229
482952
1132048
1408745
183135
1080194
232588
732874
278387
1007240
617091
179496
1482990
436101
295985
1219947
504243
1078141
796399
360812
706957
636529
294403
130011
1222562
1130180
90895
758072
1577786
1322950
286223
485037
514188
84595
468465
1274680
864874
1508217
574439
573284
186490
972612
184775
1286948
1044086
873235
7958
800277
23361
366753
24991
788596
480428
190188
547043
1458066
293637
129162
875091
27258
1246165
219659
1264509
1452206
1235647
18804
1336755
586405
1350023
150717
296796
383345
184337
661643
248615
500960
1051445
1362668
855166
597995
147415
1600104
220656
271498
1255628
1568894
855482
307280
39226
1285493
813036
542411
1277369
459959
278309
413086
1487753
508767
345662
11768
207934
366279
1520256
718673
719379
818715
1152410
52626
611414
1446832
1480909
857860
364187
639648
627451
1162329
254135
994922
234999
658635
773781
308565
314276
800183
737558
476831
1017135
1073439
370927
792337
516296
1109442
1302062
585752
34833
281088
2368
1229057
1053462
177940
638655
486649
818330
135528
55561
1002808
740933
383444
858994
562705
956440
753583
154605
27586
879411
1274540
54383
1442630
1147926
1380530
523657
866511
318083
775636
870252
794230
278123
1254303
839642
169308
906701
949560
713494
834680
262205
1458968
1800
265123
1268727
1236741
591341
1052894
504767
1388496
1244209
1191595
1349615
274223
407759
414577
8318
582371
767249
90168
420934
822049
614847
413631
1577100
1364457
1170202
867413
401522
49549
1115316
148093
1105997
23064
225294
615043
1477480
1392916
32525
639930
1023333
1252885
1573216
1030341
715829
1526825
1387295
646721
667003
5296
1114160
1119083
1049915
826871
22945
1120702
653982
338148
1049478
22837
550432
181439
59939
352286
1535082
1143585
1087178
363168
513691
798566
533791
490553
1525477
1252035
687136
306983
1277803
744073
1093494
63111
1016147
244168
120681
1200530
494308
1535448
941088
470312
520321
11734
682889
1381232
804225
938084
636461
315141
702416
889293
1114970
611570
177377
475558
1318273
1012514
1401387
1127458
341330
341594
828097
929518
962200
1436300
608668
858829
1128388
851180
977285
1084954
159659
247336
690499
818030
695340
1134729
974804
582910
1169008
1620915
348317
96301
396617
1503559
249509
291559
110879
264187
504045
212688
997287
338481
1344549
410622
90164
1198099
889285
516046
568703
795804
1220290
1408227
1223504
1284551
1316440
1193330
275101
1284747
1185700
1149086
578808
746268
1580988
1216653
391096
378050
549164
1208300
1075018
63845
936863
935536
920317
295665
917685
1247398
146408
1240544
1516923
423710
393372
771977
751195
362438
871250
778053
1044023
707617
399654
392848
372519
350060
276913
267985
1124798
11656
257190
441194
1432213
780527
1144627
1194384
450525
620265
472127
793169
672253
1509910
1008477
44510
60537
558480
285791
623278
1237074
864757
1202891
310400
1236122
111679
1055323
1338389
1574891
763614
141865
613679
1109660
667792
559250
147366
1113226
722069
1508040
193212
69025
1174485
268774
117162
295916
1129086
314584
678267
626838
802127
1317797
1477619
413846
1329738
792195
912925
1261472
649806
1217492
424841
225743
511511
450542
569499
782594
894834
148917
264055
1222159
1353243
1032781
1112902
1055334
282322
483932
458355
237015
529169
325917
908867
193838
120326
309615
378627
546222
999419
1163
715887
799366
40298
35506
1263581
274696
950839
1612042
603815
317316
1079366
727164
907472
872808
1010369
714232
386564
134643
1184206
342013
760996
914570
678817
991665
561841
309848
1169865
794481
224843
1151670
954423
1357566
1376050
1327077
646584
581242
1181673
1062837
285627
111553
55121
515885
343676
1277620
1022735
583681
1133892
887055
382785
744075
707254
736444
854311
1069578
515647
1343767
1545503
609498
647129
501433
586719
840913
687096
602862
1178439
585707
673005
1423196
174898
1227504
1176782
259418
405259
902664
1592793
1520458
1150465
1035217
929970
326458
1478855
478666
961082
219245
399000
100214
423121
884985
889169
1622661
1291265
655239
1389595
1566261
884868
650767
22268
1246836
923511
187114
740480
1085898
929167
762949
80272
721063
794658
747237
633276
34037
1334351
390881
21811
12940
100195
371234
1570094
1482916
1437898
317824
741704
55048
1136251
837552
534181
299539
411878
156560
394772
288173
1171476
494328
525730
1426929
706423
698789
778585
386566
1371281
10399
68745
26568
786954
741255
1321113
973023
1440454
302176
522025
222294
729830
1518338
608186
1206016
471427
572615
546937
701969
1036098
328404
1295655
298204
1326113
131488
541496
643647
643589
850954
903056
649703
1210629
1163552
636857
529606
720332
378659
157490
383360
1442718
97469
204137
688233
878638
309239
704637
267402
824158
802482
708494
1315515
571968
361077
655
529439
1307662
1289700
1154841
165168
717811
1323429
949436
1312267
361214
1366777
60993
504204
1545927
936356
1139480
1498863
1250697
1016967
146748
1147035
1046465
563597
1100808
1447926
359501
1068054
1569241
1091233
282062
1207377
143001
1564783
664019
1282123
663024
1141248
1161475
84666
248444
1262871
879077
182065
386463
4552
972439
350544
1219348
434956
625841
1219292
1306114
985191
118893
972895
453535
978685
494149
116853
1094677
785328
667795
1252430
1489679
229885
1123835
392993
583602
1384758
876036
297249
698077
394049
128816
766633
1200726
1408283
924091
857489
1199750
1340348
466419
179527
1150098
579329
155072
966543
362803
1054586
365039
1179621
1301838
990009
1231358
204523
1049061
59759
416389
782341
1065566
200148
1350183
1388693
1012737
1271207
894727
956927
268193
1110118
1138171
660388
91409
158640
1049011
172428
1236651
1115752
589241
677757
55655
1387601
779317
1527039
274726
406029
1449938
139150
881891
538212
576294
328501
125245
1198432
978849
1467151
117794
811415
145718
816594
139371
755768
1536415
343180
19515
490864
1061676
222927
155737
1131353
1495883
1026197
1058701
1095425
186807
172917
90072
788012
472182
862035
336133
192173
293
1482978
1272399
841249
513161
1000644
1584860
479398
719708
250161
587030
1495760
37029
257010
477631
595122
295958
857416
1096532
1165758
799830
585088
626111
164627
314515
547114
340948
258964
970425
1544211
667688
595879
194387
542658
992516
984507
1246778
1074468
886570
1614878
492759
887366
172611
156743
60740
1000588
1047296
677227
604265
595571
977565
540602
717702
791484
802927
123362
531331
1111132
1500430
829614
590762
1089292
1082851
196062
1013845
1535283
1308967
515219
1120625
1518048
843913
1182215
176226
784403
914728
274634
965852
1564224
1469885
1332641
1188366
152800
907536
178791
368340
15106
1409553
350309
281040
13026
1523412
887732
1428076
190409
1459424
238621
538830
1305514
394174
1250225
241282
187861
815075
1351540
26145
383692
1044035
63601
362726
1101674
1310121
655130
971891
1104425
215722
1207401
987502
843186
332825
28831
181667
112945
719082
881797
407590
1048575
17342
1021888
267559
594075
299359
250721
688659
1317394
791505
117964
1291729
101692
1239628
1378163
10118
335984
302342
828502
551235
1155360
563083
99228
158757
210703
963219
1375767
1127144
1532635
653665
1367127
1497522
73795
1604005
1125466
720943
1563483
171488
562571
228558
1261383
1390110
145920
478627
74737
301420
1103289
1189572
634887
285883
1190439
1630358
169057
1596869
530805
612464
193572
1440240
1573001
1505862
676925
1254864
860651
1342098
844072
1342975
792385
97651
289937
456633
1320602
1231687
1524547
97537
432285
401597
641847
1138164
1306562
1057513
499034
679969
1333725
1099210
926088
939738
1614082
1198332
339463
478049
395870
1397800
62094
372607
1283393
245999
195589
552711
1281790
633021
1375243
933309
188616
54765
1247419
1559506
676497
636465
988453
245909
1399327
265774
1627977
737119
1007177
426651
758591
955881
827717
807231
3734
399267
1409997
1223666
487898
1545760
342875
1138624
631730
207863
144923
1136846
490256
895890
291683
1526027
1021653
1240953
134770
849814
1160456
985236
585050
686797
832272
914957
1388688
507788
580168
213812
268758
797793
592351
255554
1140992
1357981
1515278
342386
274184
185192
502145
1240753
1241821
876787
352835
21036
643653
482549
112191
178142
237608
1493819
488252
1625144
1246148
415850
112273
847890
1108580
645707
178215
1172123
432160
1619123
613090
502278
113752
1428723
719017
826498
325867
750591
730808
774103
641812
90790
59261
1292971
911484
543123
1246035
1033927
486859
528365
475253
536663
1021522
271489
32283
1346280
1056981
633450
1357930
1072291
783314
1590988
76795
112579
1348725
258738
302593
1447532
1503197
991219
450914
619896
293486
599864
124209
1502410
661296
1370876
568497
91346
830525
166455
105980
1274670
908747
357845
749855
90080
769335
180742
862616
651141
224141
812207
806769
727396
543856
509198
805088
372176
296691
1525935
104932
867417
1046949
1231350
805955
182643
318886
881153
534708
1096859
638244
394027
1424830
1268508
1181880
1576898
1284003
655368
952271
403411
1121043
349609
370475
945469
1211124
872556
163945
759899
1503009
413490
130070
967913
930760
401241
129152
1485216
1235263
607011
299453
967464
799063
168526
327882
760515
1363240
1495371
822318
207019
638676
1432000
720647
1188727
1003137
1435099
262902
606225
748930
361792
55228
1088059
64240
953261
1223047
873821
1208008
708268
959656
1108965
885175
1413925
217720
52140
481901
289194
379038
731233
1561049
1242194
1333639
1002784
412928
987475
632078
1309940
1072040
265900
1030690
1065465
1426205
705078
133458
1443395
1162163
1166773
1449683
562030
897718
1409128
479305
817823
1613775
1002331
530246
1269295
991748
417395
311703
704108
1199045
451892
1126596
285311
410137
1293078
1058259
483745
823493
986552
6879
460803
1150806
669891
561376
822765
199671
505430
23032
738328
281831
459488
906684
410920
1013561
1178340
531692
206274
129729
1352179
509504
854210
365879
1140123
699565
452081
1139705
97195
1170700
79774
421707
389682
239165
252225
858145
1257299
241275
460567
1614816
664306
1369213
730380
1606046
33440
586803
215256
320689
304705
374193
1393051
1072106
1331126
1237879
271857
306547
308453
258015
661273
248144
1483135
1537948
1537568
795526
48733
426103
1211019
1365259
765452
1014554
923379
141213
1204963
194900
838820
783710
575052
721767
1207168
722893
539332
1445544
1483447
925630
578408
1162142
495127
681684
395379
145557
1147884
1063222
241141
378137
591930
1117811
1337680
1210292
816149
1553559
1279411
473145
244772
452469
893174
1105479
449492
238108
1000361
794039
670637
230363
409497
554940
292248
1178808
1207229
512502
1342363
556691
1430462
448915
1097656
360418
773454
1363048
1294740
48699
36578
335351
689037
253893
228773
719757
911613
1358569
1448768
1114407
1207685
473636
523266
170086
1020865
205096
179127
1260526
1129266
1168645
687727
408365
1508606
45622
1131090
711050
506809
44219
1363823
1528100
1142715
428740
958381
459949
555913
934967
288071
367640
1192321
644712
352562
122387
326075
1039311
59513
1317817
1185874
640829
643803
50080
243127
177582
1153924
344841
430933
1461548
1282381
915996
579200
604930
112768
684068
1535493
559390
757768
1206482
96646
335811
799767
184410
1477865
202785
838321
160358
975049
1111703
1031743
477587
1000803
834134
310679
686129
685227
811784
827963
350582
42707
1353989
1091051
418637
74012
1117316
291965
660222
228133
654222
898276
316345
831956
12204
1045441
118537
233593
103470
522454
95048
1155063
789034
726127
559114
947689
469589
790318
1558836
266246
400058
575497
1310482
301214
659106
1345445
152633
279790
1406180
129283
787121
570602
1309748
292569
1487845
1134267
1063634
642550
1184496
1120470
1342300
1296040
327968
1305920
712073
520504
1389326
544385
1408174
1086714
669893
1357124
1045407
549985
483263
962768
182829
738801
874490
114582
1160836
377561
362926
88058
979932
1349524
252342
1363299
198162
633166
1486515
986090
1186753
410326
1173652
16668
610545
643980
755209
814662
1186385
925485
1244018
863264
1298221
1155646
1627047
1340527
1102838
730928
10532
257164
687111
988088
86932
140832
343466
363229
1241920
939251
31715
799763
550179
441146
1525256
1211713
1226399
644468
400905
684876
209066
1425057
1290569
693128
846836
664083
1484809
487193
1127028
1473022
187524
40278
1026630
557825
159376
1109642
1281605
624339
110014
657959
1088685
114370
682247
1098472
235658
132338
1606208
1185191
1035932
356985
720813
956929
269147
7061
1536174
99739
395691
1538168
297627
36920
344898
1054943
1309993
441045
1610200
488210
742342
331579
1391313
1124207
1035968
682672
960273
606110
448032
245768
496805
67624
1227829
875937
1077287
1004299
170134
101634
936275
434643
177339
1602354
266537
336563
1153779
287373
324651
442137
938364
676539
1155130
552920
1242857
1287797
702333
457041
410066
925942
1591836
1362974
1427836
662476
65259
492963
1367496
316372
320570
1227766
1296388
1331966
835160
291268
265985
362067
1028241
482834
1186351
1117751
591314
277642
212531
757667
115644
1562705
1544313
1211611
804923
564786
1456014
322571
1436882
95112
375516
719220
808451
1271224
1193377
1468488
2893
1271955
922595
1022270
865772
777696
190233
1335438
647986
1624709
661436
1124223
1141089
752758
1277106
592592
1019168
1045470
970984
825094
1098967
1143291
1048675
755827
494057
750081
1506256
5907
1601559
1558775
861537
822473
947211
1153825
1022704
1166513
780311
1593642
741275
488862
586437
1297893
665839
1009555
1368940
415658
1360803
974539
886453
282537
920636
1093539
401461
1236719
655745
1161156
633249
630800
167361
1461186
483738
1467331
321705
303199
944594
242611
1474532
105283
215573
1268538
1190174
822424
1616712
434992
1033734
1217174
284863
657387
760916
891315
703125
331165
719709
18828
84378
954465
943353
1618251
700551
799090
660208
768028
976106
1090917
576443
1240756
702349
335637
90982
921
1418467
1022620
12620
412987
1616694
1186606
694242
1182400
1133996
1340129
629348
1134385
1105005
1392020
818618
1336699
579124
1018373
104433
851690
909791
1012503
1631058
1101607
1233273
1146743
1134546
1575027
1222903
156284
388860
1080581
908540
1380094
153156
414128
979844
230174
382929
302722
399455
981549
1348859
724709
115683
1163737
678575
872640
1493954
277821
728170
1443178
1400520
112829
211671
1269016
212975
567401
1078392
320480
46377
934142
605770
1182868
1389104
359625
381852
1260649
568678
325165
900779
1396532
924850
770270
771568
1472875
296132
531928
541256
1390627
1095938
1005711
1051650
80014
546099
325251
1556601
455453
1506688
446961
421732
657411
946219
810795
118545
113220
1229656
232559
963803
496981
552979
808643
744194
1104539
458499
659892
1399789
74288
1432489
130973
793291
1316616
492671
634581
663715
1165118
652079
789946
762751
1283870
861826
185668
1390619
344922
1008995
1344500
385185
904681
865237
1605635
627122
9808
857767
1138449
465028
1148171
171598
691956
1231669
49056
1580145
892227
226146
314778
272686
962330
1142586
1087948
332206
940509
852968
1508536
356524
1371403
318146
613498
35873
510231
1099512
508090
490489
1117770
1321497
748786
397710
479095
1075534
1477115
909657
112052
328386
262656
1087691
85225
923826
1139243
775191
202489
900488
22463
1069219
699664
1542973
742889
614820
570311
507767
996167
303340
624370
1434791
380471
1422879
473726
1329698
359105
789092
1254912
698355
664456
1421604
369357
35258
958020
1443049
911615
1328049
141384
1503015
1060559
534601
278541
926647
1277061
583403
986745
5439
1564233
1255825
1375576
414597
843576
513011
461656
1144146
126863
1008965
513919
339816
1020962
940252
673197
1305476
399855
135661
232293
1346952
553137
455418
134551
1141410
908572
1371553
744331
1351179
575691
1174831
115630
1299668
992967
51786
894669
217531
1402307
966859
738496
1169635
1212053
1039764
371088
27826
931748
144709
1494163
693378
1431703
173257
28886
676213
1577160
454697
1307641
148592
399316
31145
1475854
1476192
425327
204557
891407
206411
129082
1086837
829901
310940
1076484
628930
1177413
984500
231911
1316942
1520980
701285
323096
1206500
478217
917761
1369807
748223
1003127
1007488
722965
60052
984238
983064
1092936
788857
1111163
663639
689175
310666
735081
1570307
958415
1524354
95199
982093
392377
1145830
940549
1168264
144596
632659
1252417
1375113
54444
662767
338017
506482
1612549
1274832
709675
1011158
24342
526692
75876
806067
536650
1008823
1493778
395744
523354
386600
1009532
692935
1126489
989449
1455793
429256
1424420
990924
1575748
553084
659867
585993
493457
1130299
461472
1045575
315349
762167
1560420
456703
204753
379289
79736
135035
124755
1331466
1427726
901329
561996
85834
923734
809714
1011901
19996
836567
541349
60151
489272
531122
1335853
1258037
1146192
1549563
385590
1144120
936243
13029
55882
381085
1243185
933707
212826
1078473
507777
280460
308542
661673
635970
1252843
277006
1374221
250342
1013994
890445
1289688
608497
57947
1064254
338765
281909
851342
228420
572854
1364196
1149408
713416
1114267
97605
110650
943700
1526031
1309167
551973
605458
1054313
1108860
666656
780904
84975
1444402
1343783
84818
252649
459446
622631
391145
992760
1382992
1356237
945182
275165
9932
459815
124539
1575075
705418
356206
367693
79866
1303255
1503200
401090
1326137
1132134
1086096
845358
685858
642716
449015
716768
1184368
1377129
1456722
602972
308304
579604
512274
238664
1111745
226645
181637
1213480
871601
670178
944437
922823
1187376
820611
446381
1360497
644428
1306681
1081810
1598930
807358
171034
1250823
442463
268068
198913
1312704
731930
1369689
230346
121357
1327779
45624
236461
175922
856247
1278282
1471620
1229431
1544432
1161654
988795
689875
275725
732397
556304
310614
876552
368206
294276
943962
604078
1034952
568685
1266092
213385
291697
1375558
857565
374739
565101
418406
336098
379789
616725
692288
970003
606107
562827
100623
1350334
1100547
1164888
1517670
1295650
1118601
149154
405291
370372
1628110
457940
135027
1558521
1473213
680414
12652
248712
275498
860772
674812
423816
653299
547485
970915
857551
337267
958211
1605837
1180443
1379749
624788
553583
746820
1495050
978658
658144
1026557
1486735
1136745
781948
18053
514269
1091514
124615
283263
638186
434285
246063
479361
517089
767828
180492
374956
931565
529308
1097601
274345
25965
203100
910397
1141024
1311415
887092
922100
447798
799878
979310
329754
889520
623408
462034
1524019
329587
651998
410913
457174
354962
669711
952950
1387797
80142
966992
512940
265080
1432684
700322
1118692
1450084
177108
1075639
507333
1624106
478309
1596104
58414
298140
777465
1113726
1184396
723170
184933
483003
411952
981956
986071
1432904
971869
954681
1065518
243114
1308005
470482
1123652
1084196
773959
1537757
510566
1285258
1485461
280177
1460091
1050489
1277784
1292055
717472
77991
120805
746861
1014430
131923
1221314
362213
123783
486933
610793
583901
1212202
138592
937420
787367
1048157
1376274
302347
935571
563534
1260544
217967
737016
87856
267761
359109
65130
232041
928274
845735
949247
1579613
31092
1360373
400966
495905
1249023
717497
234396
1039760
314910
618005
1442650
153568
259539
119508
809236
913280
109174
765689
861262
736524
54052
1594850
1339996
1597772
1098953
885369
386663
263610
880137
336667
973898
660913
884301
484926
823934
1566148
363527
970865
1348554
1087924
1396395
1202846
794930
153714
917666
1574731
768127
1197613
1450017
717134
1582110
815926
766859
1319000
525668
891078
183919
36109
109613
702680
530934
921896
112056
1190653
244085
1478707
538321
62479
1413249
1341000
410992
1217022
685170
737242
479697
735170
309087
911884
1311209
638909
331232
1278449
845370
473343
17854
1000292
1323839
996395
1101405
532828
609880
999365
1008986
1205920
1234123
917796
173849
1168551
364746
433669
449051
896367
428645
311359
637813
480270
1106031
1293546
1356850
1129747
596349
1454396
1587071
1588116
210359
1032797
35035
1080490
258351
1244784
1201950
241111
1611882
954593
1395375
1457772
549123
653749
108329
136637
38284
110752
598499
1223398
177891
1326768
1098071
132590
49762
556276
482200
207147
1620613
1626751
181565
1327582
1216680
652826
200299
687205
411714
561485
1217646
485674
1292883
392358
480658
1523400
577585
186744
1317011
860287
1087942
791682
1203034
204325
1027894
927283
1028592
1459614
1331148
1053456
1201119
494995
120775
574737
1260650
1153488
888295
633879
1280444
1424662
1412946
1117255
435592
1295235
607643
496824
1625670
334553
992598
274011
1418921
840318
1528248
135688
907447
475377
496730
1390822
1321352
994783
383650
382841
1386247
560712
1109514
174517
358279
1169939
739988
895805
1207174
1586252
660265
54516
19629
388534
1272662
913150
1218484
265350
1007191
891358
926210
214902
736372
612325
728416
756704
118023
982576
426494
551606
505010
1225282
473307
1300697
442603
1163185
277258
386133
1480208
1028973
769336
336927
567607
169643
973107
65915
854202
423488
924765
523727
315297
511441
1368911
349218
32518
695918
1408769
1513246
963925
1075676
572078
1325056
644572
717537
192030
126854
1580073
1118064
341026
390198
712539
971479
911217
190157
1525487
1345878
675683
285895
401280
446558
249094
2557
920583
1374793
639938
326212
1549999
1261667
74758
671204
685908
136329
1514690
1470297
1255951
510158
688223
896607
469066
965593
386275
450794
1546922
1091997
785245
619790
1122738
955290
154959
258196
446678
1542588
710629
653262
74102
1193900
1414273
1236398
171215
817249
839494
271903
703033
743820
558966
823788
229664
1073573
1591666
495451
110651
220543
494128
860478
995233
1448200
1186070
556880
195166
872784
240718
821574
997683
1055687
312726
164599
636955
571013
539803
359137
267977
499242
497160
838257
1320921
1058889
1160193
1253989
555428
1499129
859337
1054556
714839
858379
1593400
1136101
78415
391094
841058
1124529
1130883
738465
1339878
1384965
434341
27904
363738
554432
102448
561172
899397
1349297
401452
928490
1055240
620014
31419
794069
647538
5265
1089406
650169
38741
898776
875899
549776
163173
731405
527500
316712
368507
834341
742739
555225
1538708
819401
1094586
40495
1374405
265904
330332
652087
300975
758961
894566
25066
17280
752555
1626289
1316158
514073
1491292
494754
1246474
467502
1098984
1044918
964306
712205
938629
1246922
257110
266805
117546
1463847
907876
37505
751021
500221
57722
1441770
465735
1093943
1273955
1433643
976123
1526457
527021
1326762
534371
1561464
1228280
434271
403333
1316881
1517571
1561754
722792
996921
684872
770572
18021
721416
1532881
1147672
864491
815768
1096664
1196202
876253
267762
118399
138608
640454
945130
813553
805131
693468
388506
860870
1454705
502969
1211306
191990
332087
718843
448216
503106
737222
859546
533933
1258712
652383
152386
1350100
1243865
735850
527681
357431
735516
21015
518605
1268357
1102047
14107
1263391
1042928
1402281
839105
748880
656914
390763
635881
691150
984945
865657
413422
525775
773090
945591
504487
876668
163151
164580
1077395
874093
1116199
999940
720522
1526207
644226
412813
1350806
1269120
1433055
860075
412656
250536
243892
339032
108577
1200669
308466
1054608
972821
179964
682670
1148807
221075
60846
118992
646189
1017661
1506404
1302872
917515
220545
380049
634942
323892
58507
566788
1305888
416665
1031638
266025
1199889
740975
1255510
1566448
248683
546017
571239
953364
1522565
1457837
1100889
877473
353625
945420
999956
763509
31246
447777
561860
1292471
443430
1250493
1183651
449006
1438254
1133573
961294
1052351
447265
1383934
956918
257360
798474
276979
88248
1008024
282018
43441
381349
1206493
1111385
502664
216780
291605
1250187
1217169
1250448
723565
1101640
1370192
632195
1459756
569849
96007
750738
551392
227993
774082
553900
1002157
1394769
1484805
164653
1081495
1442465
1471257
39352
499244
853900
621492
310720
341223
167184
1472306
1123956
951609
166156
314897
151480
57493
87337
1369348
778521
90580
1346157
664799
1286242
437996
409135
1539923
1073268
968324
137284
562502
90947
1573273
695051
510784
354561
1456207
1293338
51820
248751
1135719
128995
389591
1560536
670994
708694
949750
556282
278260
237512
1530741
519115
450827
87237
1591752
1480098
1347710
572249
805150
1323774
927608
239198
882511
1039270
1371595
445007
751455
1151910
843364
1044604
491145
1083257
1077784
1472520
518469
1002488
1388191
48143
7649
806651
75602
983100
374310
106480
1060403
561156
369758
1274208
1346322
608524
1072723
1617760
555572
552140
842136
37961
1452362
642116
485104
1387190
238416
747694
1196374
878602
627774
711631
1317560
164512
1119738
3198
1160823
780033
370884
74867
1380272
1490841
18360
865375
65373
200741
1607704
130453
1450056
1283353
467482
710545
1284242
1363803
479099
433720
336949
918489
951665
456198
308062
999814
182239
1284898
1242802
1083726
1179645
1159507
110480
645824
85788
1402108
899408
415728
124866
1034457
551056
59309
1570708
172495
859748
1594506
46277
789489
452355
740587
427769
1326114
1324727
66285
640601
645662
997941
269603
857880
402615
190951
1317741
1191390
415027
1061649
1437462
103599
384525
1402288
648823
51204
1407910
574982
1384553
1089718
1534493
1268905
817388
915484
977241
1311627
1085091
1075124
19741
605988
343787
656405
1178850
336778
1172114
923292
704422
299456
534754
1029550
545031
385926
493671
569795
1163522
1469427
86016
639754
713575
326879
866104
1276324
887782
411088
1060983
33404
1060617
1021360
905842
354190
144828
714524
985065
530452
982282
378979
812126
216155
556840
1282350
174848
1436605
378662
554098
835081
100864
941443
330129
1070031
654042
338082
782894
711713
1600061
820286
1122425
696595
602803
1284268
696881
1013621
234451
857409
280962
141807
236458
881693
496509
112397
1071116
56568
636642
361773
145643
693723
90089
1196443
1405150
1375704
330182
1045981
1013244
542462
511174
717535
437727
1441469
775965
922877
805692
1422130
988419
780785
447808
1594318
1327392
1001680
1046263
6486
389101
75601
206596
216321
537685
960647
153063
1267166
947665
333635
879322
62829
973698
713361
458619
830677
1114468
1217738
1624363
452966
1547423
27093
1471672
1047067
1099126
804624
15127
1030456
1288866
107396
1100049
1392049
1129108
754210
1381500
1116574
1242806
505988
252374
979982
214533
1117993
345606
528078
673955
1074381
562706
274893
901265
609115
704980
1057075
594181
1117423
712100
888273
442771
1155640
711437
1024912
1030924
17847
346025
1390274
744068
16047
1080597
30143
1469807
519334
730087
534980
108373
873407
800948
386466
713703
897205
1554182
445019
1312853
213184
823746
1374493
1431464
1085885
780979
510727
754616
987360
1416377
802826
1342491
1173308
649319
651993
663870
109693
649481
742815
933511
968378
638153
1001124
1323360
22902
1191157
978157
1119855
91391
260912
27293
207700
278797
1536796
750839
609173
440489
1012120
1457966
41988
127036
1136387
1134082
1460453
992626
1348477
1244471
226686
416449
559089
25334
208158
980015
938021
1581372
720991
61814
537996
926479
1064637
1354395
784385
1096183
1507905
945716
790994
136255
1135069
695718
489177
1561989
142899
1174934
655218
1242279
1434357
996972
1212644
330790
854928
1362738
1385834
1141314
835015
1585412
715059
308011
1244498
1068653
848055
946153
46921
347077
399146
842617
330770
541117
744451
438406
1125996
216378
81161
347852
1074712
1056659
158829
92761
897342
646492
232274
86348
305331
309749
540833
1574853
1401593
784623
962303
641822
211700
599092
688796
145618
690422
478327
813059
240164
976168
187274
58932
613022
675543
343667
1065520
1004337
511000
845791
178458
1406289
1246885
442912
1289382
1088904
989775
876107
594015
245335
507780
1299373
776322
1409157
244970
1557448
85910
1067734
289468
1579261
1503419
1178451
1506637
190999
1276498
1173776
1329593
173177
382470
237594
1249488
288135
58783
510438
939744
901199
438941
1489972
922017
44956
212644
270943
880188
924183
1184531
555509
241383
562387
138015
651593
524490
753281
780969
949463
379648
1271165
1274592
727221
1099590
1208923
628883
177149
929371
710080
1588151
1204374
1162718
85325
169656
1198944
1455959
782123
1077842
182180
400930
848248
1224924
470655
768786
893409
1229997
1549035
674241
1367714
397650
358735
319820
1260785
643723
442467
1367100
269163
593893
976083
821538
334208
581711
132876
122845
1274753
1155988
953531
69107
1513455
649091
189384
331247
638542
836968
61275
1263517
43947
719936
657285
324414
1079327
1357257
86796
791929
86740
545593
700128
66321
194281
918882
183704
1332715
701116
1368820
473364
588490
1150021
994685
1418168
817218
1421787
218986
3308
984016
885937
704600
635992
389372
408097
447977
989052
614662
639376
863262
102111
84208
424210
368074
627213
119342
998311
312258
942434
923590
548171
1368810
1439367
134399
311445
555113
709310
129004
360059
177920
415720
760675
641684
1082857
595245
889047
1441921
983476
1204268
1009156
737987
702824
1008820
460483
328847
457051
411928
1133423
115695
186557
1409337
1084917
645156
1314414
1046959
621870
1322151
1256882
795750
1414747
388381
186467
908146
505329
135816
172974
1402382
140548
1048223
869268
175269
319652
1355702
533375
131286
1462424
1072492
705743
837792
399970
1413949
799370
1608110
660836
1629978
947318
216109
480685
859696
687543
1008819
322998
1028897
399312
961960
680305
792648
95071
663721
194593
930091
744336
1212096
1231495
16662
1114542
282968
1095666
94351
22462
984483
50137
1086180
1298892
634825
897982
1532618
688149
1161266
1590603
378739
982758
406254
436078
130497
449138
141239
1543906
1239530
141803
208994
777081
572180
595525
138843
819814
73199
317902
198858
116719
315860
208027
684953
660127
31989
671430
1448847
669093
1002695
1002268
848430
328839
215036
310779
876361
621357
120853
1529546
474860
365151
914206
218418
1585754
75933
214867
813540
960844
1317909
303204
934685
707687
556547
1279204
461222
260749
668978
183509
1351336
1039126
570260
718423
662340
1238450
800915
1178102
173716
1280838
1030662
189803
566534
1140892
638697
1159275
5519
60602
203962
1052812
1180610
143122
381788
339633
722384
777721
402973
436782
1242470
1290206
403146
553876
493209
167349
581754
925579
1375180
688276
357702
21106
1079139
1433578
1511059
473456
1332562
742075
1236779
307188
1310369
1182970
648096
1051420
643594
684883
1550768
874834
553056
204181
375025
1410826
759566
624800
895561
141133
1422647
460681
1020230
350853
330667
227491
1082864
405893
150679
285709
416265
1409653
291567
553527
1111430
1438089
1396702
1311440
1054959
1201049
933243
199626
146882
1583621
563695
1424449
966689
233440
1229564
1577549
1105332
649830
342805
1471900
916032
243627
383026
1449224
34081
410508
112597
154392
145307
1074917
309019
1201132
20464
892431
903851
1442701
66886
1035801
1084875
368374
1088333
910987
646443
540940
13893
999023
977203
1106817
1174851
76318
607472
622486
444069
832358
1388551
1169737
770490
733787
159448
1532405
644528
503172
861980
214661
1192245
808176
1092473
1173591
991646
1199455
784799
953464
313280
920036
987458
1628149
500037
878866
149827
810629
105186
591948
654477
1390456
165309
723158
453218
1313548
1220904
145070
417789
173921
485164
892672
263007
436247
182295
1101992
891603
1329132
1012454
564093
731646
568527
380680
123398
100834
623908
969342
1046794
555101
972261
1543392
1272374
106798
1569244
641127
481195
1235427
312345
713136
1530197
588092
183721
930118
1439196
706587
1415398
1164649
1604619
520163
406967
1535874
423718
1051442
786916
2333
864409
925597
12004
1095881
822513
900775
1237056
17309
1074496
1142097
436779
738518
1421209
1004799
838598
188050
693879
1450562
165441
801992
216754
68053
812369
436971
36690
956343
1106044
1274736
288188
207134
1082529
1045377
1266441
258008
1082707
83088
1152337
1430908
1434900
1292953
1297009
846014
252687
1258488
1493283
1232204
402077
906931
1312860
587233
1232988
710625
254473
1089273
794408
698866
1179198
450617
511516
1563067
405085
688242
1062593
996727
689690
1338888
1208755
16719
540343
25378
1457334
737861
1057782
90232
1579188
124294
843897
1160672
1410541
1350933
708959
1247044
561351
531075
1165053
547643
127128
20391
935472
1157113
899382
1164901
1573403
480525
901040
13650
50246
913533
907839
873540
973609
421761
169141
59944
334181
193375
688361
1297380
503700
1395421
1485002
428026
1006895
652982
704955
739011
1231566
82049
110645
1177266
401591
1465510
354535
952190
11286
1277885
499101
360136
1187886
755922
520301
680173
1069860
1318003
252395
459238
1020560
970344
383402
577858
157919
668712
586643
688150
566641
610224
434872
903554
465707
511806
180013
188909
1360099
1339642
1414278
1092656
358653
1064532
416054
821748
500653
620226
92901
682575
825557
1078535
68028
370011
1177468
847553
184181
136871
701081
1000407
1239608
1520968
962308
555864
1468388
1628151
786294
874523
931483
1128916
474364
532986
412654
955952
1343809
145742
1190549
249108
1246999
27082
341285
559492
144970
837230
1232594
1132617
241904
1043328
709038
1348496
1514032
35699
888605
588730
413189
1167480
480778
472995
333037
380572
69784
913955
941111
270977
938311
1401742
947439
1548299
608580
1092068
5343
490568
1084660
211787
112057
166530
128651
826770
871904
1343750
209971
979701
1251452
550638
1254151
1485559
1316076
756900
1088000
29976
904190
105034
1424801
964355
396358
37343
760008
743242
942446
173022
1445266
1028404
544715
1367438
1037725
336036
989041
590061
764182
140248
1251286
169449
1401909
1175357
968698
813245
1178057
825959
1607163
153485
538123
110849
721268
220608
1147000
791151
158732
722559
483354
1089014
912800
391232
733877
436752
800361
771597
77798
825031
1252434
263027
35964
1416414
1144832
13384
382695
548075
706689
640675
192445
1339021
806982
1214199
1040673
92559
406899
419105
1299490
939839
6504
1220555
777910
526740
481740
302204
634211
1468183
731181
850150
294412
366579
325752
298067
825444
1108457
146190
277990
816668
1161493
41770
844023
1026177
99865
1363002
134432
1310183
209295
837947
46432
1008962
871795
360376
597930
193606
1237437
526794
1301336
1146234
1104087
228456
1509752
252300
828624
471298
295680
1567026
1247666
245214
337471
450484
53352
1003414
1530700
16490
846111
50476
1241186
722703
646387
893959
651772
903686
1252811
919333
1138352
352096
198835
284811
1478978
546592
124722
8544
431965
1115547
939224
842545
306538
761104
1293728
357984
133427
310165
1305360
1403222
361192
38873
1304267
1001195
141693
684570
637872
1039972
860641
681903
1306704
1407107
1362659
756734
806963
517594
652743
192328
1093809
407854
1625468
1319668
1189566
587547
784065
1082996
63816
35013
488447
811962
531586
235047
1168425
1183372
628680
965
896274
678139
362408
1066457
1091860
1219928
282125
1557400
750980
767496
11042
827997
13329
363333
356878
444520
1238692
635298
926351
666120
1166339
326832
645757
1346131
185477
657033
434429
485525
245557
743779
668554
232908
705290
383208
496611
1631945
1120155
1274013
1141305
398288
602394
189591
639374
1586055
344012
382993
926098
83564
948194
1458376
538826
370982
1130989
696229
349509
779540
158373
260868
179088
1477194
175464
1393985
938489
1303344
1442370
298034
1020089
1475646
82584
384940
92893
529975
115240
284125
544639
1048333
201138
703541
1099696
1089756
421258
1504238
206903
91699
1474737
1201234
235730
1201449
1143857
714247
580401
106030
1152242
644770
85134
941172
916768
650360
1158939
1619402
1455197
959329
625137
321870
46657
545992
1519315
1362365
313720
171396
1121078
809020
19753
217862
654088
1448495
465471
986649
1236763
104294
493051
1263081
120402
251664
287509
829025
703236
801905
1083156
819121
411356
301678
164351
494220
810169
776534
1136848
1383477
1227098
443463
1387902
690621
102684
361816
294776
457417
65449
944916
258749
220721
1426766
944474
829209
1373639
76938
1137817
1083921
759344
817857
821599
23278
658135
738573
89213
1406979
467353
273296
463990
1233197
1476155
1189197
436804
58039
1541048
413482
78461
83179
1578655
1155429
553596
187862
1423815
297066
766878
660993
253874
1078685
44542
679156
976825
325632
159221
503312
1188838
743572
304207
859338
493545
630267
574774
955466
1103089
1215576
1218525
1343912
434729
191802
780211
1292858
474344
1205812
1205622
263098
387470
634856
1314433
667732
1128309
1139355
434217
826240
1198270
596502
336929
1228294
167198
1358416
618866
718691
789175
324336
1194428
540564
329391
927775
715423
809134
740165
447843
666484
324356
1121839
1061143
1349208
842157
577732
381200
114740
1573788
591289
1107115
806986
1135261
969552
1074131
1200856
92037
332713
1564073
1426257
918030
156377
411703
1033267
563565
92606
1181602
930439
1208305
457349
550704
552612
510838
1114872
661638
977026
478143
844839
658666
572144
1572200
551636
192059
468391
1264606
159541
116471
783582
1230489
616529
274012
1407690
277068
925088
300832
1340066
738980
836940
30022
601708
81270
290495
368944
744790
837304
1116360
453439
749756
1067480
123590
450599
1611172
945146
1245888
135925
1095163
594250
885376
1054478
1069796
192635
963637
191493
1142390
222865
69871
844428
405666
936324
1439721
647202
1291098
36948
537081
1059283
1262689
748195
617169
467328
94014
292953
1205222
1170247
610461
737495
1559853
1045142
1264255
634771
63462
768479
42789
300609
1240715
599636
1173484
1339368
838362
962566
1042167
558110
1438200
889542
1598866
594010
91661
644473
803952
1480722
1135596
874041
1405668
83114
145816
481948
750098
331922
1460874
355065
233623
962587
904140
537934
38013
1253524
687847
561412
1226532
709563
486082
504116
1037344
406987
206787
797858
766007
224175
787472
313626
1578712
830139
256784
206483
882277
47359
1400847
1535130
1594637
1269878
578557
1137913
863867
267721
256912
382933
775143
1198052
570811
1293308
889111
1613381
1187811
603631
977477
944469
1300107
84573
702920
788135
1474071
784580
936263
320039
1152427
216243
1027239
191526
292605
179919
626600
626976
734885
1570839
1146648
548947
1495103
469286
734562
1493039
1588169
1212664
1200327
70314
1587418
1130396
1201063
758787
1530401
673034
1505913
334900
1101521
993823
1512420
1182021
766493
625370
392767
134997
1245122
1081617
1453417
903170
1275829
138497
1493
679632
9534
128467
1051168
678596
75540
1379483
1465604
458449
1540429
404489
1496289
1104372
686700
1253931
195128
756307
1446006
546086
106551
589841
1392527
1415974
1559527
813302
1024790
533616
672877
18800
1320639
1038954
502729
96176
9850
1405015
655488
1408791
1396707
898706
1462996
198930
1390949
125286
1495856
1390168
384254
1478865
567225
132166
302723
1087823
572264
1168755
975191
1106823
861868
200441
186486
718898
16028
171069
953919
388698
150656
1117430
211439
1423739
234278
1127789
490355
923442
556505
275264
1424831
1010840
332812
905887
493348
982300
1557983
891658
227669
1516140
781174
22946
705397
1188690
83519
251131
1519083
1298691
984746
1374620
1533075
1029186
648711
860111
65021
226548
1618450
278133
404057
1202264
637690
765186
982858
1422001
645204
1297899
1255343
1278510
1492868
945598
1200761
638094
1290341
845150
590835
851134
1287180
1088897
326501
419356
830774
560974
1442763
485471
1269106
119141
68293
197403
1264944
872246
1540608
870599
492818
1618004
899402
1491475
730018
1483538
100910
574506
436140
1371384
844240
422352
968512
867244
211274
189420
428393
474583
1457893
254499
1333026
854519
668184
1104009
742890
1114167
939148
723167
92873
358744
155151
467061
640535
1238576
34223
1062298
519752
760905
164908
120497
127351
502331
1089658
968732
211316
296159
865963
558218
578796
801577
1222413
206686
249748
345566
459719
481318
300392
610521
1344301
1084568
1330517
1216542
71432
710149
63503
309966
715141
1000733
1300344
1036948
1142329
1076102
1166252
1156376
496398
1467869
387955
1326662
1323393
1583024
1205505
773888
344966
20344
630897
174223
1100180
436445
300824
653873
45837
635903
1085904
152296
1158850
796443
1009564
1327061
191972
1199108
1601414
692454
908593
990741
1136970
290874
1616406
1019389
714775
182733
585303
1093268
1253443
1609733
342762
1435985
1293725
1188540
1507887
976772
610756
138967
1409893
756846
966926
930895
1310
1377017
1527229
837674
1548960
621449
883942
1204500
1301753
1298415
1213842
238311
336499
1235847
1077964
502924
327021
1475220
457413
772069
887923
156482
384203
1019976
469832
412751
574126
38754
169056
1364171
1222252
66061
923922
162939
670263
672265
477206
1411140
280140
226424
175038
627254
493650
957951
247292
369259
1241762
760465
890451
301568
33651
1395498
499298
545316
595742
1089578
794582
760357
29436
1268047
1071714
644163
1066460
1088967
721588
1022218
1278747
1440794
443250
1047116
922037
728760
682896
260070
929100
635448
45019
628174
1300964
267758
821694
469268
147835
1289871
154994
547244
1520919
918169
338798
4375
321290
448878
1355633
306383
815761
1165330
1376704
1557182
1104427
348789
143008
598780
1555426
1223999
1322829
674552
681207
1059082
870255
10796
707845
413811
290034
124580
1047641
1242307
1069815
740222
1176348
943612
732165
261635
1000460
1089424
628803
1447785
144173
868447
374055
432515
65686
681212
917460
1177955
674740
1579564
431866
1329027
149017
419454
839827
527754
1142762
1105485
1448776
1522619
689783
1161227
683336
345078
1131517
840965
1426375
62797
933245
260293
1481113
1319292
227261
1318154
712029
1240521
635574
763818
423602
1085571
959303
1217052
319761
897527
1609718
765660
1327637
922611
1436682
1163118
1586058
320090
486431
1476603
1548823
300152
31115
241920
615732
471671
188089
1216075
940352
473880
1257629
251319
461689
91685
1039206
826410
1080523
668010
215209
371833
199781
123730
1367666
238596
1202147
1612619
1563736
1140604
1190111
1045973
1255725
1404102
861395
1337319
1333751
77370
224133
916328
975785
757115
520803
361342
776137
294843
1027560
1347483
984181
868031
745589
634112
346932
263233
1401558
144692
125276
775457
198140
1030007
1469709
1499761
213905
1428857
1360123
696129
1029747
542885
406866
1625033
1239960
219237
478256
769318
337829
287360
618803
120132
198574
1528743
1393108
184359
1483701
851973
706585
750936
11650
133529
1577311
758150
245044
499795
512167
58438
1485601
586336
853613
1185036
970585
1008578
422781
1222314
820210
516002
537290
554781
1220561
522596
353602
91160
655818
174427
1483249
422021
1060449
1141622
31155
694798
172884
1605936
1219869
1020577
470171
21992
493735
1142170
1453657
615009
1332753
994489
1162354
1062250
1014760
1200281
1057963
695141
502847
1101453
607208
1446517
474133
126139
1593004
737295
843143
776723
633401
1356904
907216
1044123
250669
955059
664210
219375
926856
24318
1241543
514443
807810
233948
1507013
97311
475808
445334
1187161
192561
239799
1482527
81691
840963
385040
12791
851495
954816
256955
296163
729668
1254659
1169849
854991
419836
527407
344367
137003
217180
432102
592574
483155
591943
1374283
526003
639209
747171
1422542
319556
1117297
621168
767450
734519
1006378
1221100
325212
1600657
242975
1555054
1063021
609561
55891
1044305
1012773
578924
319499
1442951
789315
129414
455901
680798
1000309
325388
477299
8181
19320
258985
639134
12394
1082332
279796
864634
231963
979879
810878
248446
67151
484579
1300865
642904
35460
602434
100693
770172
312219
961526
438491
1416866
1191583
538629
62468
1276869
201662
558385
897490
465534
971634
631712
1471633
771442
528737
310346
1219251
133365
801062
963669
734570
607159
40154
533425
207504
1454376
312236
87971
941749
382931
1132523
1255391
691132
1576560
345190
719699
1442871
328714
1000968
520305
173955
122738
348591
382261
1031753
126486
194279
1514498
1213078
9508
716355
213070
183941
1201738
1013021
724477
1313854
842393
993937
708056
264064
1069785
1480265
141596
1609338
1473992
916880
1054002
501937
1372712
728075
178735
145268
1442016
1347038
513128
583956
26041
1022587
1534888
1181546
570747
1530480
146744
497790
432780
81062
189160
1380192
467188
452677
1108621
574430
839323
1477777
1272185
511478
153176
645620
702967
909573
1159972
35417
1134280
1145332
1315189
1587144
1111098
706845
1072923
1365149
124144
1141650
14586
226407
822505
413410
216358
1219830
1565905
569914
895221
458025
804520
435834
762284
243932
158766
923421
1320610
212360
250848
453631
597953
1443633
1520197
820467
1522427
140255
164422
1460766
969255
558866
569184
419859
441108
1434326
869073
819068
1077405
865564
480876
876839
777017
1472881
1003291
1350703
1206144
972287
895475
1382597
252928
1145403
308593
655251
196257
1546449
981821
1081026
1522834
801318
688291
1337825
894843
1602457
691022
107831
498242
634872
106545
553722
12972
288851
1550457
962338
435548
850842
989158
283855
1106167
106135
514562
803241
52313
242849
681007
1157788
904770
605700
984677
691423
874072
659799
1135345
432438
632341
460169
1408458
1193455
60281
1593762
211160
596506
982277
711036
1190368
1096468
1209159
1419819
1431305
654
116776
1170121
199083
175136
514863
1020090
1426948
1488095
1025550
1249582
754072
728667
357012
774942
33739
707854
1383995
1096137
1579311
1037975
118332
572894
1086799
709617
843260
248656
1297112
236676
1047117
317734
1438585
875318
1328318
227052
1525165
1024255
114702
1235491
709087
619040
750152
1322931
1220862
751747
720451
400820
646685
1527911
1049867
1575031
511986
1273662
493825
697976
1092893
204252
473986
761482
1601298
669729
645694
1149936
226536
223541
788073
1228680
76534
258910
1592622
772954
1215918
609102
927531
627588
580672
223208
679024
724045
984413
1054677
21581
572196
21301
1237830
1495735
45518
534333
262034
36025
744428
342499
1532485
441286
362736
1096506
119266
1376335
748614
97777
510495
960119
774315
319241
309582
1141473
943021
362458
1376474
1100966
483074
1304625
1303624
1066373
1252549
97287
920073
29013
452100
970509
745083
1300012
1267988
821890
481841
1174636
390824
388487
933285
380290
1218343
1438743
1392488
1111601
764271
1234134
158227
1328269
1250243
808222
7017
370558
291316
712042
1539220
1449860
1245084
184594
1464615
725290
330102
22336
36658
893057
1326815
39475
592422
1364470
1531235
584886
218125
1439304
598412
1439968
1546901
590464
286110
247265
427837
442160
100075
1232453
1632167
331007
163186
1471662
577552
296052
1025728
270361
527402
913510
1504272
1120298
712579
1055184
364916
791224
863012
524297
1023260
748525
625679
403237
606821
293122
1160994
1020028
1178816
1103014
954641
1315857
143859
174018
1148770
265988
824412
1236466
74425
1464331
1060555
1569511
1131092
93197
1449322
294385
1199860
984747
277626
1373657
58714
247420
893352
1601817
1421587
1152753
599845
1021135
5579
1264841
210550
38660
1091385
1137319
887444
687155
649414
808653
675650
1480730
369908
1004035
824549
943207
1188333
1419769
1409905
879413
1444078
475592
966059
278675
1431498
799017
534519
504528
5729
1020462
1481960
932329
945963
159369
903308
1226790
593698
404561
9993
601091
1589106
1211622
109868
1457419
1035425
974055
1216119
1142755
338722
1006971
1536615
1028514
804336
898641
361187
143395
733938
992313
62371
1308469
149382
1280609
1296369
763252
277695
901218
215070
1178502
193274
970708
1460700
933843
1586254
32352
710249
87104
485743
775834
1129053
380329
357112
270867
26770
589880
500248
1316633
1511273
1226733
985210
486724
529092
913365
974053
139857
1126668
875528
1405325
413905
1619859
1048545
654315
774652
756529
336813
998083
653679
1318508
1175401
1377645
1301997
960468
1024592
322218
526007
1018209
589318
866506
46075
738684
955196
275026
829929
1045535
1114012
784191
554703
656111
1479204
476807
1564197
390121
1383132
767156
358167
1436376
1223668
322114
255719
609651
1586849
315968
1598219
415516
309114
679372
1435372
1255395
1258160
1421838
1004564
127131
61521
1336943
242091
24316
70278
1304414
112028
80811
832858
99643
1080785
409243
1093951
1095764
13008
906878
69858
1097206
393261
133294
1075630
793620
990133
18123
1191854
163339
1609363
5153
1562565
379122
1216086
416957
1106460
854715
489461
898966
721641
84585
548979
737328
1487476
1319817
289212
88485
759971
648648
820695
1239384
1086772
422284
362593
1174493
892568
942664
1231125
821590
426763
1516671
244936
258549
145586
332192
1199292
76849
1134217
637212
840551
795475
1281774
395384
337636
149566
599789
1341900
789774
1159844
330625
972752
1104407
1401988
514801
21939
1544120
868547
472281
208854
475619
1079183
227641
561233
842066
422910
801477
877056
652773
623676
383148
143037
465318
434376
770635
216258
1183560
1438354
368413
351519
345765
401025
296309
586833
1124841
1033080
703900
570271
1032073
1052605
1010607
252601
1125080
1287568
1324208
1281072
1278973
1207934
120453
242752
1274235
642124
1444377
203538
710806
1018248
260263
1439980
1112627
303462
1481143
988730
1457742
488630
494890
539191
904151
671370
326893
236916
1574069
1363339
326634
1113803
423937
484142
203960
141184
663603
860211
325903
185850
492369
801692
1378359
745232
587563
894972
139538
1179572
741086
916738
1426850
1353755
591681
275356
617577
185468
1605912
1208107
971301
1366268
276752
236264
1382126
1276720
1072682
1102768
338223
103519
847820
804201
218011
614658
1095467
367967
1240966
658907
783506
1161157
1275862
52148
1258653
1046388
190510
402468
1077111
972606
210639
80335
1227086
946656
418548
1602231
178553
1521421
15460
350859
1375462
1469313
430436
1403917
916814
123435
195696
1334304
24468
572178
1600563
377931
60585
474610
301142
1445842
708960
165518
1385151
214565
1083861
1241384
373417
1154688
1255107
921087
155920
428951
85844
184259
482657
1346357
957931
912316
322680
167683
557947
521708
829293
653674
849428
773512
1024357
248203
1148179
897025
908701
204442
1496978
346164
834288
143163
277618
726960
538341
210579
625587
1285933
239662
739835
683390
852853
63324
1375797
548904
1297559
1035698
107613
757174
1263233
600770
1385154
269717
656123
1216079
253485
806907
9654
18003
335669
1206593
120531
656372
426124
373007
560404
586818
1388614
139714
138455
585577
883329
1305311
561162
816038
382446
55567
842412
66866
812411
219592
1178192
234688
1137375
1506546
29062
1083777
1026659
1343968
1158975
251006
1243655
1276491
1367305
975110
689631
1619304
608348
1544351
994906
449548
1190946
46461
693981
168510
576963
1398052
584247
1311352
620952
701101
633105
388308
952084
139617
761570
581300
18632
1103688
58467
715395
350205
1318947
1357211
369490
590327
318310
77981
945954
682106
1346911
1358734
622741
654772
1053489
881141
834378
212952
850489
825886
275559
1154930
1036720
292453
796781
656371
472597
1148601
497392
1232318
577795
268282
576756
893180
994205
312963
332111
849080
1578096
727394
316713
897479
103261
324688
661536
74338
338293
1372237
1291153
1064158
1416288
445063
672293
325725
1065049
681103
647807
326941
1089250
1405687
547079
591748
706141
264767
239436
824430
1201869
1375252
1241054
1254741
1321992
1052133
754759
45632
1126066
346849
1588481
1216449
1475532
640107
1172364
578496
981494
1528017
7639
744932
364434
761131
233317
982607
977307
335965
1040081
329279
1446131
643800
78126
92133
707440
881213
425955
918293
862172
821952
495603
125627
2264
699827
1144474
1486902
164299
523964
1393650
914033
1225011
562499
782568
134340
587459
1344377
821620
1201448
638570
1306032
1512557
230865
302125
658124
397371
322512
1360134
816313
611320
1626417
909719
1427510
580885
895069
969309
1247332
464466
160743
462967
1221006
615716
682885
106771
229723
1610495
146014
1013839
1251896
958990
947195
1328953
1440621
629532
482125
540344
799020
906532
585186
1096024
644962
1095511
1306377
117408
737137
1327551
1351112
909468
701346
241663
300702
421625
1409921
782744
1167195
207419
1423825
1533850
186591
245583
87547
1194884
71840
292125
608112
1126431
548072
486019
948187
603800
327015
645997
747464
1034934
370422
1056575
580200
1391586
1544965
161536
802279
227307
1629718
1404033
842315
90828
1071666
211331
149494
982827
132383
1272370
714289
135561
1156201
685700
962155
955079
1440087
621508
958363
1488123
792281
1393961
846460
1154246
64749
715946
485999
520660
640155
1027724
443028
529030
379162
1052736
954575
989985
1469929
99297
1277258
477798
262070
918528
1176714
1201137
1181143
812394
1593270
938143
901029
742973
1203515
77944
153461
1213458
679190
592610
1001020
1331387
179301
448384
69314
418936
1403888
79343
1367119
297128
191871
1222668
453240
1380350
976948
469607
1095423
551396
48547
1514597
10089
1234794
860153
1037852
1233474
327573
1386520
1226101
1329245
1191501
703804
991324
1270033
1003776
710570
1521564
1312955
1202115
593795
1147330
699738
461718
1535554
13473
285554
1364827
1137090
907481
303713
800106
1472461
1225898
76006
792061
60045
682291
1391569
798176
144204
810473
1064023
835124
952250
1315078
285416
1165512
643472
297349
299797
1029818
546374
322033
930047
98490
1418245
478134
1209514
878686
736842
581144
891633
560298
541501
839852
946759
762007
575726
623895
970768
372447
137256
1335307
406421
139803
665320
496308
321579
818890
725285
1290373
275523
1276249
257588
910182
1408577
1013768
495484
709738
876290
920789
546413
1364487
221480
854773
496807
910761
1234954
893061
515597
237989
398814
209820
1350674
1154374
878843
304310
434229
565175
234109
730612
1512535
193006
1369043
893542
611074
1608435
1166042
174748
1425301
609351
909583
388680
1014627
987459
413742
999551
363820
181798
582186
732633
631127
457361
734608
625121
667336
50275
548249
511801
391364
82258
325398
1349523
1466293
835570
626248
1221739
1297014
119632
4658
381433
908642
1114522
692178
904015
1194583
476070
1276974
731869
502423
92618
1373482
765463
530969
265184
1069621
1073033
992457
1355389
731769
824345
464790
74026
550218
990979
170585
342797
1018862
794996
779987
810623
241882
1067548
239622
14458
1583065
1406647
359572
1192329
778166
1078393
910252
951033
1250735
235173
191282
302419
1344340
89774
1127187
1576958
914178
671889
1029468
914112
37787
966869
1393607
449228
72368
153761
314037
555806
275677
1351536
245487
452222
438811
1161232
1254312
266317
101967
100046
893926
230961
1239359
55176
212403
384398
634802
20748
392537
88758
1497380
1218165
12031
765086
656168
840137
335391
795962
393360
342548
1158060
1399479
76801
614895
111331
404722
250988
319807
1321353
1528029
43448
956388
1069361
1131174
108050
100219
192230
346681
1242540
144531
603375
125438
816964
355303
126067
375179
630516
285991
42318
438084
770057
285507
780605
1249777
1591180
812049
