1077905
1001380
1436936
739183
1265711
1519936
235234
1221447
527255
1489296
130025
664753
120251
663089
1300504
693240
1401544
1170560
1454046
278244
1079679
476995
156830
722324
1519909
1167368
217846
1373280
1409126
546766
765717
801990
1558126
1251624
304355
199451
611067
337406
430541
600383
357742
1328311
1028296
757788
873824
581200
1287952
12885
152913
129132
1315624
1367433
513750
710274
914959
210596
827852
1126760
710359
133685
727071
1320702
811949
257670
1150104
366537
1356215
855441
1094514
1139361
376270
500674
451712
142915
599638
1209157
286002
870382
86905
399978
1219553
1274472
281610
1045400
894491
441445
90811
229047
615156
41480
670288
1209918
352610
889400
362224
393185
1625494
1085653
1554089
677645
101813
1156811
441951
1356217
643396
185171
114098
189851
68956
378755
1498373
51251
1568033
89265
732768
183534
426475
1241986
90244
1526952
157215
1556690
1246322
451430
979419
913971
1055076
1212433
1365373
569532
458392
460045
706835
906837
625414
349965
1184536
46687
214480
784713
1057424
407158
652108
611901
864839
1597354
75655
376542
164878
33117
350763
240996
42656
1381816
1375188
329419
1159574
530981
1331150
562407
158248
1475550
545837
903870
783590
1129617
337513
477629
386186
349880
1411223
962364
655449
1386532
469032
464985
741055
612732
1343213
57360
434398
217401
1348848
1413289
755245
1106609
777866
153044
1128008
1549741
395869
1163894
855352
887157
739331
1338762
885510
731376
1096505
1143246
1395295
1343175
935837
849692
42245
1488876
745646
257851
1555190
712542
1306100
875564
1024406
801885
1280102
304921
469465
490421
1184005
1238527
1579973
17935
1318841
1193667
1270563
177070
1567619
435560
285345
235298
467134
1435167
193808
1207402
1047163
1432485
89915
1247958
1402816
1073123
18492
580583
91998
1107640
454101
127633
954483
424948
707427
846272
1553281
1254335
564277
116932
136551
1316160
1086219
271725
1505396
900452
1283581
1218207
693379
888611
1052889
176042
1559959
451400
757562
751193
135187
287317
1226849
386405
338194
858235
469462
889293
255419
1579942
753351
1143334
260912
1288600
686774
95995
797723
723028
1369494
386815
288960
107855
1616063
1602628
751218
1147874
438704
1591398
656137
727574
1177798
1097144
112724
238367
1031867
375341
837395
1492169
639439
569626
1128640
1174328
91305
188761
665021
843795
1163352
25606
528342
647203
519880
771800
134376
370238
329644
1426312
310920
1214848
1526446
221797
279311
1575956
1340620
351335
987470
305840
234918
232624
718636
1222254
602385
527311
1267402
817458
653315
1117972
350632
1058118
1261649
193679
800193
298934
1300199
1458571
445116
205510
677853
1229551
638392
427946
714279
636144
1125970
1268562
1119811
331737
774715
373980
1044814
1515888
1238939
1217139
664913
415216
799912
714842
41603
970306
983861
37933
1051012
385019
1253760
1542509
836030
431519
689787
435049
1038776
1243504
1194689
85505
507004
802283
1040870
445963
1230996
885421
180428
1251042
1384953
1091331
844326
879206
980665
563509
1495234
54229
384255
297200
35176
127050
692210
546451
935554
1276367
133231
231398
682769
698547
1522464
319948
495230
258206
136262
291142
1374482
768961
138311
876339
898447
597629
939247
577869
256758
376678
542907
177551
1254657
108808
674581
247367
436097
1504225
937363
442437
1099962
1514123
340186
507522
1129690
876853
1366081
187565
1439381
1392669
1621097
1028651
744453
97214
652985
512059
778634
501564
446852
428958
276995
1325909
316369
944962
174442
1595302
774401
1070542
574386
328775
873366
525279
435472
601250
190647
1036171
911755
452457
44789
890118
869449
1411920
483224
411053
1200161
1306963
90619
271497
433341
34136
332022
321161
25790
286927
1125080
174933
733828
201469
134765
280476
1612331
107424
599030
1592704
153021
494379
1065112
237651
415524
1481149
109735
974915
546087
1400596
885473
360841
74724
1320151
54955
400072
626503
1378683
1523940
18596
1307560
1136951
220400
706096
458009
627627
463186
535267
421476
342547
342094
413700
724203
882473
951935
293866
1329863
256411
861903
178031
693647
276254
1106263
334033
530438
384414
1127499
740431
1348730
1242366
314815
457451
1062429
361346
231265
30001
387620
367840
1442306
225688
175096
725199
992153
1429724
1086688
733753
1416353
1348512
1195278
1600561
111812
1579181
1229928
395917
496336
622078
438608
1468357
38446
363154
266774
439908
467359
430247
508537
1235685
551720
714213
634265
1274370
628858
235755
698127
1089230
687917
442669
284537
209555
461571
1023833
429732
1445352
240362
26377
850346
663447
779994
1042924
878615
1436545
420695
870350
1578098
539799
1572869
10368
1519117
618946
1082369
1530575
1506582
1285272
786999
1026966
1178043
1248560
405893
1168319
663465
1491668
55878
34242
1149347
843370
86512
152376
939587
1530982
444364
754178
622313
1240876
110693
905672
1302283
1485924
28523
996721
1207496
692412
1320722
932320
1438163
510666
1062740
895162
1305719
844167
234863
589673
742407
1456423
355477
1479680
394459
350220
554335
1405276
490806
124605
1063325
131177
900999
1045415
715940
1396092
281640
939226
866484
274855
781709
1238132
1568323
703243
1497178
231121
1160000
1458691
370494
164580
1010997
1087270
173303
1165590
1222995
299753
1132749
336421
656576
1247458
1022218
884769
772566
1049367
1137969
1529423
787006
243872
1318541
1126767
586329
40550
907641
100259
828869
875246
187021
898379
453664
167568
355572
824881
379155
295310
154584
1174051
652862
435448
20895
344000
1519052
391793
498549
1039523
333466
1058859
443597
160117
362971
94614
1557139
413770
546544
59468
629647
1480903
487062
258448
1394307
1189301
1177419
1240289
801826
1237617
1445331
848651
528868
922291
1446032
623006
81660
539328
431819
1144165
410898
1372608
1056713
1156997
1049774
679981
292914
1098552
817386
99269
970940
589376
338515
436075
1105751
975288
1602387
916095
848554
511309
1624066
802943
1541661
1156231
87833
818312
448736
1130764
529882
1333660
1393941
339452
151495
829500
1169920
1343152
358480
141141
893233
1257123
503112
1147580
816561
87012
842686
1453009
949239
70336
211798
1472091
1307104
571362
219817
1146799
581078
1342400
279531
342232
38478
915079
25903
162332
67898
1290809
147391
1164770
88155
502597
892894
726567
184275
512714
1012174
735687
1033685
501953
499147
136643
1132267
63361
311101
121260
377571
926717
1276143
875725
362048
417316
1176147
1071954
960144
968868
358135
424315
921379
139298
1471081
347662
863772
473370
162611
1103230
957863
1074812
482415
956841
268715
1246246
909960
1424839
1299016
1147502
347258
992617
89662
947993
415923
807119
1215168
41167
409029
1362409
862921
293788
645513
1486761
872969
1608801
1433691
320469
1174424
876298
847393
621762
1069618
916365
402324
862390
1207435
976566
604216
308107
1566271
831895
1273058
282950
100453
143948
1289804
1134880
1320417
1548540
1322467
33743
883805
1346689
1440945
60984
708418
752808
1434157
675759
524025
642665
557297
408964
567789
229547
577421
206960
1060302
775343
1263236
376352
1208989
1152414
1177991
452172
297886
1047588
1278403
519064
834449
284584
483307
627975
844577
1334234
1000308
689140
306808
750322
1446061
1201548
1286139
890490
369679
445366
223305
768603
1462324
344418
1313216
1265397
1056173
418375
787678
101814
65366
959792
1170630
1258393
824511
1311413
1440419
1325569
1315732
1316751
743065
1112160
1104058
1475606
975223
349705
17544
346700
1591155
730756
468021
187537
182253
293443
449267
1002180
344657
264105
1178337
1171593
82508
77809
505846
17363
875162
969903
937255
1255213
637438
124294
96100
199614
211589
955734
989937
877603
1223641
525629
890087
1587639
480609
396674
95455
326283
204555
449436
1059555
104873
192366
634920
1108904
517585
1370067
734289
329272
1425561
299342
808196
1147346
325936
459793
1443296
1034814
964105
1151130
1341212
534401
36599
479948
573266
569822
1395944
151083
1393046
619578
529490
889743
665617
1234516
129863
186551
549976
849601
1202751
1334198
501942
1584240
474697
427506
1384183
1519237
1072892
77291
1328073
1526630
714968
1619026
1271515
1523107
797331
442871
244717
819735
612674
442295
406403
548691
1037455
535895
914615
326705
178280
447128
240617
768329
174018
65014
987705
1371238
341045
99417
1096903
1172576
128060
552145
520900
457840
710159
153651
1025992
824479
922533
1099184
716795
1410331
630927
162987
1257815
301434
283447
17611
951904
80300
60396
1247307
309706
618061
142586
385423
601835
1082200
612607
1023012
991874
525426
494640
1178318
178743
1280143
339704
1009620
964272
247769
225063
153322
1395702
1183080
1313064
1616044
99293
519173
981360
688559
1423801
456801
1085900
1295190
781221
980440
978731
1299677
282286
1058191
235671
725760
180802
886867
539798
304168
415538
765417
658067
635059
422125
669426
1494663
1225999
141070
717624
1543212
1348419
971913
1288001
313445
536484
651167
72648
1309455
728986
74530
1205838
1026819
1018604
414013
1167781
484761
934860
1099047
483974
61628
1219175
758268
869734
729300
917028
1319997
564656
195701
704760
1263077
1230939
127369
1185425
969419
691858
832453
784634
422149
1166028
500625
981230
719040
624803
482664
1037178
76603
798428
1223170
652911
338846
415391
542975
358903
440460
844600
764314
1154226
1484769
736258
1460264
1160187
664168
1371214
560415
348180
969506
681346
920546
43271
1066589
1448610
1135669
487037
681014
531693
1033818
16983
408561
1495648
233357
1359667
414756
1508703
1376365
689321
923000
770165
1554799
782408
1042943
1421750
590279
956476
1620188
1260341
1107423
671048
1077478
217613
1083879
1375781
675061
149213
633308
161582
94990
716828
397141
163517
153285
306595
1298911
137762
234274
789182
1203186
482175
113744
102070
31997
715141
483581
1336503
20076
1169538
32819
522648
900431
1214140
1391278
807229
512214
561555
954260
314056
455552
600392
57496
37109
947326
78953
317140
1427794
726872
334794
1455530
191995
367483
1264508
415381
798417
97691
135438
184624
502452
718273
309702
1014573
994517
950166
330510
594814
894317
477348
770816
395081
1593860
913269
19527
977561
355037
143348
1105627
403937
927367
134850
1221191
1352341
69684
679607
921418
1184396
1267190
795155
466385
1382459
924652
389468
783776
1205659
399088
90458
135166
959538
118711
123276
431744
289521
399880
451963
967556
969070
1263889
533258
1438502
767556
241600
1257380
79551
1462785
768439
42526
436615
1145775
1446236
791773
1317701
214677
1136383
828415
1354180
335044
877023
666139
822569
1089530
85155
322137
869852
1203356
387074
470295
1319734
678430
355730
622378
1318417
701623
816422
586059
1304720
470732
733803
925049
1530555
1422844
1180914
74565
532467
288497
1254130
1156757
53031
1404345
1088188
652922
878929
814002
761504
1294011
1596833
1354929
222236
1029522
1381038
1032569
1134043
1585385
1187522
545862
773747
1254118
795843
1169083
1323209
475048
597404
984511
849043
489129
1032150
1249698
415208
767844
489212
1229262
190530
604275
1344347
1016815
437895
1090601
1395106
732079
423025
687706
149001
1546748
83606
877321
930634
586094
1064710
534764
830441
293445
1513445
703364
1456126
576119
670805
38889
913826
539555
152964
529939
1334651
1288387
1197805
847530
1592762
964822
1546746
1118803
18140
531052
286505
657089
231940
402738
574431
342552
957266
1075546
1462600
686583
1594780
1011385
301363
147794
790713
1276186
1048285
159761
672303
272404
1517896
1027788
1446715
217311
1170877
29358
186472
106333
398164
980433
696722
239408
277396
931165
144657
1168607
531349
155739
831206
1281458
523677
287967
986109
1002795
924105
1181699
1289661
1195682
691063
800626
473352
718769
1057782
97102
1531664
1119878
1435051
348962
968778
1139069
1023643
1248114
310352
79211
1299050
494628
1307022
917751
335974
849015
33910
229044
1348987
1184057
119645
893798
380372
1589784
442110
860245
470188
1493916
742941
1364326
315197
663778
1549674
877400
792000
1298644
895499
1215745
289764
936353
802956
94723
89933
300788
492420
206958
1368714
355270
5016
397552
1206880
177268
124573
1397350
1122371
516536
548717
279269
820237
1408659
594995
244578
826422
1193076
365354
1507671
1238623
439438
133459
329988
1223793
1167812
437820
421998
360179
1572462
389178
823343
411376
317874
13389
919666
759895
1264126
1288793
280426
723720
1504354
427183
1131373
323232
1139668
1420096
349186
253274
1261426
1253647
772733
306940
796659
1176140
1058673
1149146
38249
1042534
952650
354123
1091199
918719
779711
256027
326399
614343
808444
1278953
574768
1067243
123296
1103872
675575
1385097
126999
723019
1529333
349921
368694
1525937
209802
439832
965936
995598
465745
401345
724129
1347543
343723
720900
139986
1480996
1448134
879144
489205
1450029
1083136
184879
85597
606577
1316199
558309
936721
278410
407651
96002
853855
463854
1182023
648192
517938
737226
259306
417214
1487514
1396098
1369397
1030352
1239126
122469
160829
1101039
412635
1564123
1208792
206630
881720
1042947
224250
891634
591595
108725
210064
131247
308073
97149
157431
926044
134092
55910
1488774
796807
479728
1533100
1263739
1030343
1390837
89870
1309606
559007
78548
58452
375264
36978
760448
1415925
1208112
301739
465520
1516350
638131
518880
374826
478461
588330
786427
79161
630376
525235
318525
580428
1438539
467768
1294140
743736
885756
376436
880767
715113
1615987
856262
572035
286506
1000743
1412904
501780
639356
809477
246153
570403
701186
190527
788164
584770
928882
186266
1035718
347684
793886
1181189
1184551
873378
569296
1301173
653484
736347
734647
779839
184305
1097386
193592
271015
1583141
1572695
460682
1201049
53307
119751
476360
761470
913074
1520221
1343328
65294
557029
338351
593557
634168
1600338
612813
149992
567519
991657
1018849
468686
1078130
1289171
1576983
347468
437637
440191
835094
1547686
1379139
814126
967364
1249776
1492234
174044
1108166
170810
1356170
1365950
794070
736632
1247430
106128
911286
1150570
168315
915906
507916
224899
545481
315727
335010
1033141
1069727
1194652
332767
866363
1339453
327892
1050071
919952
834974
587578
918581
1497610
885260
1296380
974425
140697
773720
108842
1383149
574383
670084
610698
93136
117122
1291179
1106228
594727
1194882
463836
292894
1472396
292071
379297
449674
1197708
359075
682382
719701
1435147
936348
558326
777263
478098
611601
367365
181550
40545
276989
1029600
672339
1500297
1256730
236988
56667
270462
1246795
453750
1287856
186599
741003
173352
267241
299149
881094
893689
544657
1049295
1115041
444316
1420876
934617
192519
1049534
931480
312354
344987
1429473
570248
93401
1194632
833606
857130
235642
1179637
984331
1146298
1384404
1495491
1512141
1304123
9055
353499
355790
849764
248274
558790
999240
351353
1419499
578571
782676
1330452
1191256
1127709
588755
894455
1544513
83151
1520873
147315
311795
321114
662240
146211
1057113
1453765
734657
539396
955019
334936
277040
1413589
1018023
779894
689853
521451
1210724
1076995
727156
417691
179569
519971
1630782
1184232
1505628
404945
148488
543854
37457
1358855
321769
919885
356520
1206136
574440
1087564
1468041
482087
874590
510534
233477
148249
574227
90921
1360039
632385
697718
703786
304090
641509
430649
1537663
432551
235620
1283111
121171
457245
24393
1570257
658125
1234109
120646
988646
1048954
846414
242725
632846
1343444
495808
100089
1627101
509352
1036310
939433
295779
192075
1017894
81784
498089
1059064
1562594
403178
175273
863217
1045144
877347
945275
155044
1358147
1442240
246056
894071
108731
566799
619964
545989
624390
998444
327282
229876
471752
209185
590042
1155868
1343721
454504
1591850
102017
812787
1503754
1007443
1337220
160707
222956
14744
559931
1468085
935543
53879
374622
653178
964317
1259540
325005
1791
1290654
764673
93427
949308
659979
377155
962742
992351
600384
1104867
250535
1013662
741746
254272
595733
659513
816679
707555
762676
679279
1566351
1064714
1207053
301599
1490863
79407
514854
1152032
425461
263444
1133611
346679
681289
228169
110609
564749
406857
843291
1088995
1125429
334045
787711
1047097
140714
118400
1250815
289665
240249
652431
1092558
99946
1062477
400109
498533
274052
1458280
608661
1235844
54460
1104827
1065006
904475
609322
1068521
1359708
229142
778473
620913
600770
499795
135939
395876
1158332
384928
730723
83676
1162085
89108
96136
379906
93334
1084931
506646
1511750
1448533
469191
587488
1157543
560132
1039108
1467388
3530
363190
501195
756072
669692
1528490
1191622
387173
734044
1471027
1488018
1057883
213261
348419
766812
239133
1402015
553906
1013710
97951
46735
1152200
43395
212076
1256619
839467
346509
276681
1437010
390680
631982
815666
692695
725198
158150
310695
599818
652153
1258877
313408
180119
1390960
1081412
331537
939534
4527
1174001
1113452
1091684
461409
923724
1058152
961354
679552
622901
897021
835474
1192974
458228
1288973
1254645
305360
8362
1499827
1246173
1348710
1086358
41120
633317
657177
951428
297945
1338001
635970
999484
961199
425023
1262732
1156699
897543
404930
1186588
1069055
1464553
164119
1116840
747357
89820
1018407
1607943
1430165
844353
396381
593628
382286
99687
152314
1502008
1274314
823443
1395427
1488847
728497
188535
475978
16970
510210
260958
800459
233818
606074
680414
309422
370200
81824
1165601
78246
1280046
103337
837271
463068
566840
261992
1086024
844964
382145
1585613
619877
565087
401487
1579888
1613050
1144570
348642
403082
1385229
632301
490820
1377748
341873
362134
614334
327944
796672
416640
1051424
1000304
671537
981288
1624574
905431
921006
81885
957354
1025226
618638
755961
1250973
343003
1214076
375018
1145224
1236013
1168928
318762
996704
1022765
775993
454468
225150
187542
779857
38036
737357
457296
618128
303483
240051
630943
1033672
682950
1343013
219203
951328
1338193
471025
895670
821031
800124
1073555
579574
1106657
1548498
862076
1430881
968187
573151
570781
382665
1147750
188321
434851
1041407
14124
1172995
1151761
317066
1128515
435596
140272
1357803
434335
740118
954121
76540
17196
23122
1001337
14309
566132
948014
67010
737266
357069
1267531
621635
41218
277705
1301807
589317
621524
1283304
1382259
1209933
187258
1311602
210007
1382621
1453259
1202546
419705
540988
329085
331616
769252
668875
841732
513326
830443
1446540
633142
1143919
491221
1008999
1469346
1000579
1427468
250289
949398
1071817
553889
156963
275532
1185010
1261777
500049
945194
863966
1531362
1080670
439837
526395
1492634
27609
1165556
16887
599526
751178
301171
1251118
338727
904117
1018218
202710
888159
273131
403573
520179
532906
1117236
559326
226134
202962
781347
299544
41248
1358258
371567
1337904
1610185
1273093
1461038
713951
860549
102441
874246
495699
1063025
755128
471289
949618
1287791
1425331
1368000
711101
1007747
1438430
521458
411293
218377
1089998
181349
1040307
401137
911239
246666
698371
235564
1067242
427609
1521457
1305657
1075700
99103
540623
1456828
1320135
949175
220806
973009
154107
375159
211085
470698
456601
355813
1088823
1199291
645795
416843
876265
817622
983848
1382521
1369163
1133809
648095
266288
1231010
587572
211226
1168782
1501324
1113940
217976
546797
571660
280792
401400
853107
78465
1545455
1387634
1477518
962537
1318478
1547639
203550
1005848
541022
1091099
1399221
608178
995565
939702
567325
940686
534889
847928
989685
1320309
1008592
594647
1455452
898428
1151992
871358
1372828
938492
1032731
1626538
239918
197074
1552248
1195671
986697
594534
964085
174491
1407533
238322
265616
302583
897743
87702
130605
115923
614436
77181
145944
1023901
527067
529409
739583
1061805
315483
492640
772033
619951
506587
1071444
1073553
1493466
106133
145192
526939
464585
1115261
576021
878128
935797
325034
743928
1062356
1422064
1430012
1515009
1388253
313754
30728
383507
471723
1590019
1350390
906982
955126
1210765
651584
770749
295563
134358
351547
698454
846538
1097729
1093565
1157053
847236
93083
881394
1277617
371866
1554753
308166
882358
184804
1276708
364417
416579
227431
1364075
490583
845811
485042
978019
208343
510390
731025
1297776
375709
28874
1284553
945996
1562709
1103054
475746
1434578
538582
493895
295448
835180
474673
48999
725248
806933
973354
616387
302520
277414
159164
1583660
451696
492256
456325
698104
1284716
609969
1289837
313270
244922
1183743
1360287
924534
793562
720302
1160595
1025154
231039
268099
1228184
1236495
578270
551784
172633
807149
1608102
1147558
409911
106968
685904
1581797
1527980
1469734
1359591
958793
940129
236961
560153
1202396
635625
1274515
592712
814345
663293
440159
1547229
1257207
1261292
337775
548288
52746
831493
791889
1114690
1333944
1215328
562033
468892
1007868
427891
169618
1229430
576752
1146616
1572949
884103
1080091
544798
258435
1546534
172468
591678
758680
492698
1014758
1312516
1079623
1035444
1188060
1017236
976624
1292956
880193
23970
383479
73186
60702
193125
371777
341142
68315
1178968
108977
329049
627026
936644
1316277
1304031
755244
1201796
176796
307978
805613
491006
563927
222648
810907
1066042
933967
765928
726454
749171
1170293
240618
297745
916201
346743
1175136
1405698
1199114
1017577
1476241
1474795
1160805
525692
745105
1191382
1025693
1478350
1374662
998590
443657
1542667
1311832
660759
829141
153366
420323
653134
476245
978322
930595
340740
179896
380276
850612
1466237
81950
514354
846361
426069
305856
1090292
132155
623510
59005
193964
6587
1121494
211370
368235
733339
88238
226772
1143045
1353494
231096
486371
588694
1287108
1104486
1617712
1259860
1031427
936526
490045
227620
32507
750969
28096
890251
926229
971726
1095344
1336098
911604
968730
1536327
1589866
1267016
128327
644827
495480
806430
411197
710102
224056
711219
1411649
1247181
1500675
479528
515877
1575164
665346
365397
1257578
1427196
1284672
640155
372821
1511151
1253248
845512
783028
769231
869104
1106602
1324601
1568624
1498975
1544644
708546
471818
399559
1265920
1573440
938881
1611621
730740
437191
893632
947727
1285124
102973
1608381
640408
872268
101318
1177950
763701
1414893
1074478
1258991
1549219
76368
257276
642264
420450
1145505
1087973
1045674
727606
959331
573924
156108
443908
1329668
359970
1042725
304557
218093
1124167
532840
228539
511704
1370058
512237
876798
711644
1319477
489209
908565
78006
1074192
1169666
553104
116673
963221
186441
138660
627862
1161634
899867
361696
118198
1015884
895105
876686
445860
654759
167341
1360120
658241
31199
258449
924956
924089
119147
827200
325805
1221959
638520
472398
137863
15867
173080
1085091
367501
1085449
283000
380346
676778
749437
905041
373298
1104047
293259
1132868
518706
1536604
1557125
1105489
961274
636640
25622
1154545
725428
1374955
125764
1001334
533608
1234629
650822
437961
1111714
1120526
1377341
1366951
448136
639126
515916
466934
1381315
958786
1622227
239789
959437
504126
1405725
1084807
1181294
227902
817606
831905
1166391
448440
859150
1162564
697254
762575
937383
616640
329947
49723
1066064
373901
898032
398051
1214559
738541
1338954
1038542
1467530
567232
311838
896874
686438
321311
724437
1483359
1326366
716383
652812
347513
425695
120737
161674
409143
1312158
215236
586988
93783
1401852
685726
1477909
1060477
1515315
1291610
901013
781210
1370122
395739
450979
834938
1489658
231626
551837
312448
349060
705898
67125
938548
433475
942663
1290610
1017967
1218242
823307
1184102
1058363
794178
1224171
1045346
711108
1272060
284848
946627
502813
223784
1220583
1336736
1047147
57093
682986
184947
440708
520270
484436
237864
493317
1036232
907521
512107
894090
23465
1339904
812350
1096249
1492674
283573
1509584
841624
1378764
1160356
1233258
701147
208399
1529875
1429962
297335
1013904
503500
1057713
1353816
971578
608501
670508
1487373
26020
1316718
71471
634309
781901
1412593
135902
926730
166693
736350
641368
463714
1025248
967413
774296
459566
108738
175977
1234816
540155
912162
1165319
497695
695914
149066
843002
534232
1039569
101988
477584
550006
95385
125163
159023
914673
168442
1273576
1214996
76572
1187678
73018
177599
1118419
1533941
668147
1024056
1032856
472098
581912
1088104
338786
1192659
316260
1237935
955086
284087
1558027
1342225
715887
1407638
1471010
148062
1045078
221329
462082
397553
894763
745433
1270281
755149
45473
650831
1292807
307936
916875
1262144
661076
1467454
1270114
355763
1057442
1522419
1151729
1147196
1192590
889745
1040431
967307
853112
1276656
839072
86794
622868
1068167
1366163
812928
60712
196434
19826
1514347
1478473
266062
487136
455667
698830
1115833
1156689
249473
1406674
13086
908397
1057540
599572
995029
183400
1352301
525658
565323
904102
1388140
1292547
593421
1340427
819835
1329246
102500
382558
1118106
602416
1520409
698420
1230465
1136872
377720
43961
705594
685792
485935
79516
689393
623379
428460
1389269
1346443
148759
872440
5761
1590176
913162
267505
1130285
848425
68237
218195
1374314
569058
539195
897280
1586348
601524
1543776
640343
327820
209285
1589553
797394
594566
1505924
244586
886481
393641
745162
1159663
910719
1435274
1219788
1187353
557676
81348
1490149
995047
1161685
1131537
1526838
174597
501345
749157
1569848
1311939
319260
1199124
1523504
617987
518001
290785
1498815
378663
1425316
672922
1168914
1418721
1591824
484790
1459411
694422
853405
478139
523564
602332
471757
648684
1095350
818598
383774
833497
301005
481022
1328786
1012764
189523
551393
1175128
562465
18673
143720
1226358
1628856
1556653
796112
936941
782855
46230
328431
399010
208858
919232
829659
932980
582172
908466
1427598
1592760
897838
447662
236177
939072
67097
522883
129666
585289
1241865
1057716
26914
168245
826830
647166
1262554
272326
1067726
1353663
910359
1526334
1511340
1220051
1074272
827704
1624883
214009
389653
1564386
269471
132338
828023
899329
1231211
767023
735273
153424
86338
965119
1539078
641416
531630
686811
1507156
1477741
1161630
718291
1399635
454797
1346605
886808
545193
527382
1257428
175483
682808
473703
676160
1289447
216294
961043
1085533
79395
88741
479641
790709
799159
1452616
343814
796704
423695
931266
358346
1355973
10826
643256
536118
195906
821798
76259
557840
1192800
501562
585750
301500
336906
1605488
49075
1302459
208929
649436
670660
968263
1237800
1311721
1488338
1234856
888940
769620
1207141
547616
291847
1446538
908879
855734
950981
1120869
355465
863896
988754
353126
513857
381074
899536
1466268
626870
992723
993965
1107873
636775
308351
1309568
881650
1594597
950116
229545
638182
1459547
285211
365391
1348715
1188244
1011009
1590858
213829
1478414
811468
532273
1506129
1448943
1448640
356513
938082
391674
149072
1041031
1317165
831723
198746
859049
549832
775460
298552
288022
501887
1268542
344961
1559291
185469
1432828
344325
755879
934065
331909
1057443
241706
1516060
891612
118561
1353689
756439
1043633
282710
1392525
308215
659953
1358806
223371
73662
837076
1484719
1044006
888037
61681
1348939
483935
1594104
535146
329294
1361546
395694
1311933
351690
21807
81809
983276
371443
1408537
1367540
766546
479903
886152
147269
1252073
873383
770772
1502587
265316
1482602
468700
647502
822245
682429
1238128
488812
246804
23081
804173
1405930
988796
862651
695203
840347
1180687
298097
415728
1388901
316837
1555178
830930
826005
778758
1075945
421546
1581508
933730
1008553
693909
83131
1035872
113564
406860
557996
345944
743864
695865
731942
947318
482410
35491
1115614
1361136
290576
993986
133461
903434
562683
225152
56978
1090624
182107
414207
588335
899254
273190
1204181
1294502
518535
756165
855750
623936
641169
206794
959120
1206591
586090
880522
308545
186410
1527866
837980
762868
1354293
486591
1598361
111169
1379275
1208695
253188
306915
301013
482006
503861
1518978
895300
957717
1175662
766007
416542
379948
208748
937157
167618
544243
803317
576564
443069
299946
1093065
1421828
393203
1058388
436451
811682
386534
1505518
1428460
1270364
1147266
536826
1326214
629774
509167
192982
1621361
173621
601609
898939
1417744
150553
1057907
1316437
580338
1134593
92789
537832
687633
1336849
844292
698712
1125642
123305
1126779
213114
615588
1049092
19021
505582
1062456
140941
775836
1174176
33294
207943
243675
696275
1328164
1483142
201221
1395077
231694
8396
798583
477822
843673
1329349
777786
664732
402114
864672
97411
484970
1048670
591378
1470474
1053525
5015
1311524
386719
441418
138044
1240491
419160
761978
290717
142773
1189673
533337
640426
1147576
1450602
1070710
1513109
1131265
464118
1504816
983931
506297
1179941
620650
1140036
1280464
1455464
1098259
495333
279109
854806
737282
214381
449447
1148571
644212
1052420
110689
419190
151171
1100725
1533924
900995
776434
703725
1365768
1467866
3056
671254
999631
395980
881862
763273
1468013
121006
952957
751165
222587
158417
1401331
1281267
714666
297758
1359195
608168
177653
734808
1271555
549719
970506
1480069
749182
702418
16153
212579
995021
6032
1041955
552080
873263
88297
880181
203744
942482
1113819
423445
1421797
530411
513564
44726
270928
460361
539415
340595
29801
573223
420770
888873
1309510
785515
1188686
1522457
434859
584381
1015422
14932
812202
445115
1033049
490169
1271132
95983
525898
1037947
428712
172670
1075754
1295745
978183
834503
85802
1599480
442328
761237
1161758
1553827
1341403
515921
994260
1163777
857013
1110460
759707
399613
867444
34750
1369826
1323783
302976
1415803
884981
1436072
686176
739897
1522657
433738
1142446
21250
135754
1453194
355335
89261
8832
814976
1035731
135871
526371
521590
101010
1150171
175986
1598877
903898
76394
358415
773125
79429
650328
164230
53181
67670
1502724
203411
803031
183900
603905
989736
1425392
1226652
403716
269104
477189
619248
456082
861033
918521
1482794
540279
1048473
736322
727417
537157
46736
64529
260944
417427
178129
693445
999737
212702
1017742
687377
853475
753858
1222992
423727
1139968
1558322
979130
621856
762930
453340
1203093
1338101
1085084
178912
644493
584460
1116533
526484
1344643
1155646
718631
1492664
1266252
143009
808640
32568
892383
591494
1174049
1376950
597298
957740
1047114
1252759
339992
1012618
488707
626403
784376
196399
867499
619294
747973
877865
370857
1099500
450911
1235082
1530139
174124
779728
313218
1057092
430113
669607
676856
1215104
1043888
1396282
1020274
1250351
612771
964481
1534092
1431219
1358195
1328053
712211
1303428
1394989
1289459
625105
919887
1164045
1151473
1432145
1529491
816161
483991
953078
2342
1043733
534708
1523710
479924
1607795
339593
549517
273297
1223514
1448955
100327
1588602
453567
1189103
1123843
97364
1322702
1538450
567051
888493
646389
277762
1150950
1387503
1334701
296551
1489629
708883
1486680
1172179
831760
310170
466855
867196
437903
902760
389789
586389
1439369
482394
1020177
1048106
1582650
678260
401201
1149447
454186
815679
1191585
852609
143308
593342
776161
1209008
926314
817065
680502
1404605
840162
448988
1521888
258589
1428709
551489
821128
861202
72853
1548302
324718
437534
838297
1099773
1481956
451546
1206855
591512
1111470
438477
802649
795861
1164593
1292132
1237581
1401945
825050
578484
232409
137741
325704
1175964
915927
977992
1251676
54926
845293
1347570
567965
1369963
1121907
699075
150887
569336
1200906
1310777
854242
656868
1382432
575296
574430
864646
740961
749929
1320831
469238
1546446
977306
1075340
1044789
1461550
791534
1366367
189390
1103999
704223
764284
137014
611858
507903
1549530
508638
804588
1412650
616521
997077
832047
122529
118995
159384
1127110
1514901
161388
1454595
14281
1523502
1290004
1121510
1236887
724345
104661
1249758
262558
322829
1205613
967266
512997
534688
1243800
803847
1303753
565689
215047
466036
893669
1059487
874924
1192202
755259
1407776
643921
352419
1347070
1192276
1148805
1115615
136645
849657
1473915
1466416
1127216
281796
233404
722061
1325294
905572
164635
902992
472157
986720
1171805
660610
999575
184899
517864
423877
158396
1144169
1101715
1314002
999935
1548832
210865
1064644
1148532
213735
1017385
485285
754673
343133
411863
73776
264038
172513
693882
1324277
1063369
85923
771578
1022100
418380
473312
1034555
494300
147072
279306
85106
838909
339064
839294
507418
855547
166521
38928
1464226
1363698
180162
119346
564905
825656
1136993
462452
185538
304853
588845
95194
847855
189860
755155
368724
1170627
87842
884581
1468832
492589
81696
1621905
480701
318590
1349846
526684
1471620
556067
165032
1138635
1462172
831635
1040600
916088
634679
467799
1289158
1113731
365769
1179056
1405533
193657
1557267
1192132
609871
443635
1418474
1030455
835734
521674
911344
609769
244883
1593913
1482555
789820
1311879
1347769
1206295
1409043
505825
798725
1331739
1418518
420458
542918
1541129
366787
585499
1275197
1045018
220349
284769
1400342
1392583
1149290
324406
695523
300752
121432
63875
667293
792375
1317707
903464
1117441
533514
778666
269990
611880
347711
1203764
482069
323242
238569
679648
495681
1294989
206852
490358
1213369
1211545
308521
1203834
643504
1006538
977908
1418749
1027666
579818
606818
1295238
729922
1359049
54620
1316074
901583
215055
961743
322672
1284156
219519
1175573
984421
837554
362538
109572
1166931
917302
260095
763777
1619908
812431
1312982
177919
1534176
76545
1144404
1159202
583928
280530
125834
141500
197223
704617
1110454
451272
747162
1549254
448665
308008
1013338
993409
380612
1087921
623946
741353
25326
474619
184236
642291
848679
515953
232136
13317
779469
845878
1455649
5960
315440
12684
621489
1256191
1477461
38288
1021843
237476
1013913
719994
1344514
685197
1134361
675681
751130
1522159
925121
285018
912653
1627565
498607
367784
393787
657273
94220
1269948
193770
1140678
475359
1317566
274524
1577568
55370
602706
1075814
1160841
867653
13304
111752
367292
126736
935552
918660
1419080
641934
187281
546353
952579
259134
715398
771533
472719
974039
923787
1011142
137038
981868
672621
933216
1517324
696138
110966
242380
1381015
381621
721279
148977
1284955
743863
928404
1361793
1019971
1357128
1107929
1250813
776994
161834
273043
1377085
919077
444590
1128094
1017182
1005178
628277
1095141
995987
954017
330644
755150
94760
1366322
795733
733581
1274037
1328594
146421
1267582
1360273
756630
771001
783326
57270
134469
1488397
523949
920565
527125
1329407
360257
709301
10162
963215
1314185
708924
299579
142448
363077
1542413
502558
424181
22554
653843
580043
1570223
935958
1179071
155546
244241
1340180
605078
1204835
975995
332245
883211
1308175
1006118
78791
46065
88365
37633
234793
940640
1362371
354546
619618
1031286
551487
1267407
553640
1002326
302164
1505259
1360184
1224621
255941
681706
1564905
1432011
373007
1596899
587165
136691
1400490
209569
722086
389035
109781
1390721
417717
17855
469138
979891
723552
1493774
1136915
1056564
770544
1396112
1484181
799659
836669
1076643
508531
118058
273225
172277
1571744
997013
1620226
1320978
443616
1007214
504292
1201176
861179
1488178
201117
1179721
788865
1078435
1092474
1442855
1383241
724329
639392
872210
619851
427144
1038528
299254
797101
818249
12405
503191
1359326
926689
1158446
989224
1035484
242806
84893
348369
1551486
1479403
1281321
314530
223291
438166
1163038
1414567
327722
1533109
1381463
425356
1240084
1433206
534558
1474547
57811
124653
1611242
872706
948967
567942
492810
670566
929760
1299793
867649
414683
370875
759899
616658
1066888
414955
1624231
818266
499043
75932
267618
873293
1368229
307170
543279
691074
248595
623833
1290608
1088307
521879
856943
1239316
318485
319271
731877
500033
327905
747999
164218
277067
754084
1181897
595040
525085
1624769
1494715
804970
581388
537660
954499
929832
367416
16037
449173
1071227
1484646
231206
1468669
999514
1253605
771519
255415
38387
237873
1168036
463904
632013
1105780
708137
1115605
707009
263950
1220878
468578
10779
1339010
223408
1223696
1546311
57081
252861
1346616
1336701
922641
732164
64466
1588397
718804
1621254
477331
1228995
3638
1424600
373028
1080234
959297
620553
248930
742830
1316747
862051
865834
194568
1396170
124763
306066
1374025
60430
378653
729012
350882
978910
287242
956444
1336472
1050301
221958
896207
428964
52470
1101276
1007157
702811
1417495
967900
584476
734439
318928
147090
1007912
28430
1304291
931911
1237525
415717
863070
1329958
413442
240959
1623692
940515
879149
1381546
616751
78641
1356976
553310
648177
1245549
199217
423694
1358278
143931
1025355
43825
892636
727001
739742
649350
1481368
1255206
9049
1071698
1239101
206284
67757
280391
455903
1352622
472001
367266
785032
697415
112886
851711
450113
463511
292588
180545
1279138
769696
1311711
663348
625357
53551
961195
914105
384687
1551252
405061
134775
635660
767689
1102542
1364218
1058319
1093100
1005769
102946
744503
1198593
887285
1064859
20796
647272
672896
1307986
815859
1094211
864782
738142
1138361
949508
722849
1360769
167453
1133861
384445
1504508
1146240
754296
16138
71301
1434306
1139230
1000037
1069807
577156
719804
467046
740116
39679
311932
228420
1358115
1069573
949005
767580
72570
899068
832206
1487575
1429590
564310
496425
1218056
1079143
1595008
206784
1395068
542561
321444
406994
431074
682653
241157
1268977
667471
98073
424019
931807
634243
1297205
318313
850123
837284
204268
1168007
204754
657634
222088
168629
1236278
87589
228995
259214
740407
22714
293204
297718
246927
714082
968419
101462
1579820
1368965
772175
59003
55791
172299
972902
1092222
179100
513586
66511
233635
1040876
937941
579307
979446
51190
1484864
1415161
1367664
865837
399182
220813
1521554
400716
1276838
552297
731540
1234616
98673
1574572
333566
4663
220612
483779
1068548
6193
671861
1108699
115809
336266
1076288
117442
599126
777787
497348
962505
1293729
547173
1469749
1558361
384972
1101269
1269436
349415
188776
94358
87163
446046
869221
567459
827294
604430
582470
343076
948554
757829
1445615
1253048
876333
897487
96045
1098683
533423
1201739
520384
139806
1122262
940970
725048
677462
1322954
739771
1400961
895216
801453
958981
750919
1321081
1159642
10129
903750
1153899
235392
498972
555649
567811
1055725
1359355
810205
392390
286145
246999
1010111
844568
74629
983998
1000764
1350470
614678
954423
478968
479378
1206892
1293726
178667
1023869
1338231
1077009
596561
945247
606385
991043
492513
1113483
918868
626074
579686
1172141
403441
856573
785649
98305
875837
1315195
221435
607884
604536
441433
1338552
92704
1535998
580850
1237159
1056220
221561
587333
266170
1434786
870951
773120
864270
221608
465342
361745
854730
608917
886890
363535
355267
1000040
1069012
767888
293359
32968
153309
465929
124224
334396
1319243
698744
1235485
146250
666868
144016
578996
271670
29232
477839
954380
537889
722713
1333384
668034
408485
146423
1574356
1201908
439202
459020
381281
20158
1326810
1413324
568949
157784
914552
1318521
562509
1412105
1422981
1203779
99026
1264359
363756
500223
1035336
873453
1358729
46684
370626
699541
1273721
945749
172508
816692
901581
156749
1247120
1273154
217003
436255
1252043
1073546
97671
600853
445953
1261313
239120
1178356
905875
909903
526328
899608
1393851
242974
1135480
992482
890265
523363
544024
206633
969438
462237
502674
1050314
632678
1090455
264190
129717
328441
169910
1548150
1599951
364391
1242772
345918
243612
764389
858492
185573
1348888
424841
568402
1269737
993593
1162298
487181
1006387
1290335
340949
850906
382756
266656
1013749
794523
744281
340749
854620
619697
1055691
639456
45486
847865
792932
725874
1107494
636190
947652
126194
460738
96694
1135988
683822
1113686
966035
560478
823438
1520193
625560
1500357
915578
109834
432977
874950
1241354
118749
1333177
1095525
382657
185730
1433549
671054
970282
96784
1117793
978879
656239
784068
1275008
186640
831667
438517
1097071
1298363
867684
717524
418709
689311
602947
1065718
471716
374857
1198906
190225
1543594
1251664
465614
963326
1445203
1137127
572197
283653
404780
1037290
314327
122868
537706
1103282
1268702
277168
855177
1275400
1154203
1015317
1223482
610361
807670
1600591
472728
566038
1021431
325381
488193
1074579
543994
156291
327089
284339
327246
1081182
507539
337901
455390
199899
674243
885205
157620
51030
173155
741297
1115363
201966
881666
179642
483784
873294
630826
623519
1382968
1003243
1059489
1177152
566426
744691
1123752
1087861
1457414
1340058
686537
280273
1420352
544921
723249
94519
982207
319526
395536
105133
1044706
618435
962003
766789
377670
572298
1301270
1290436
708240
739824
20405
1064695
1198250
476624
1516127
73334
994914
1177326
904105
246662
13633
206383
904773
307208
777966
1206386
184015
849906
1322183
1438680
1030923
1197557
544920
1133662
198581
1563731
572499
176975
92750
754475
904443
792788
727428
879747
122457
819033
595772
461328
1127959
191417
438072
1548494
1262080
885728
93447
1287826
76185
552239
434220
176490
680999
945065
480015
1552207
871138
655977
172325
1470214
995333
478156
435013
537488
166481
213406
1363377
109902
901566
212434
1265572
258460
1183600
363235
924125
933754
1491052
341339
266253
1377564
830255
412670
928535
1140216
1628536
705911
1324123
1365900
1252286
347478
876394
422858
463409
1005139
1247416
1060096
971161
592001
297140
1297814
1250236
68357
898788
1480092
291353
307076
1120104
129895
1285585
859678
927103
346061
238815
78817
722384
229199
597438
507979
219771
484978
340427
256151
436501
791457
721741
287290
350275
1249812
871872
515120
454381
1226321
587700
1600162
430887
573948
1180755
222541
446801
350330
968157
992448
366910
643525
158688
412333
478209
662324
1032243
1197581
699046
8745
1155248
334037
233128
1042887
815245
1121567
1604170
204355
928989
1558989
1037777
575733
846666
1377185
1478434
1466826
688671
346304
130116
667175
356094
934441
618632
467780
597238
1159659
229105
119537
1172788
529217
228572
960380
1192777
1292503
460336
1286897
740624
1439014
13235
442371
399480
984461
1629858
985749
910060
1071420
190316
822177
804985
561950
76170
960985
1211228
68391
1534281
1002360
384347
1223978
82193
621543
756667
1231785
623305
994279
988081
526080
1100424
1334138
1211909
892050
121923
1127722
239481
1245029
443353
97478
881421
514629
715966
927780
1126695
339681
657472
17810
140017
746157
1325266
22674
1433880
1321862
322411
276117
329170
206032
1252588
864912
477119
1052555
50326
440545
960525
1523139
1270080
1314660
162936
609073
774247
662926
134199
1106001
1028
1569013
339653
149647
1080455
1125281
144170
416060
605594
251068
1345942
1392968
352477
1035755
862461
1492800
1294467
342596
1070470
1326167
10963
655849
330558
500964
1517421
631282
161727
1480111
1116643
675195
126890
1440410
39614
15974
450776
1444193
1087174
1077698
506688
223268
1265504
92944
133542
1049619
892283
784480
534369
456029
1152840
775020
32
1344967
392031
276907
88150
1101307
297627
885137
439318
646852
1250894
1141314
1053334
1631473
256064
265933
613410
71765
1308003
260765
914713
283301
6628
966253
182586
310983
232231
32623
1457442
123595
1567704
1242930
337738
1066488
497113
1001582
856063
1144363
1462970
182215
668532
1423429
540315
161518
307127
409113
765294
325
1276382
934928
366894
738945
1159969
1103909
281040
484415
494520
1371924
480659
167753
1358991
224880
1489092
914104
914911
903579
1366968
166787
67741
560441
1565376
743030
116683
167244
1517471
377705
9414
1530385
747926
727847
1125352
1264837
424112
1144408
1363041
92117
398442
1429359
1202111
1314575
1187528
1238272
88668
746797
630675
893795
1506640
566505
800659
273159
839947
470769
1007778
897292
1529503
1519837
1343466
853613
708576
964819
562983
315697
1177757
1436579
1272132
480642
1262311
879023
376475
534293
108541
443065
336418
196087
1100385
568528
965350
1379881
1587603
1025908
1161314
496805
1514761
1587322
190570
251346
811451
166986
1213280
1266376
76745
208473
541447
59377
1002487
288727
978571
765945
140574
774872
531017
532075
5534
1012096
147301
606726
242065
861637
968780
606666
770784
1034841
379807
91183
205851
1502317
1169556
554461
832330
513089
1214610
639986
1277696
1070827
485749
1531871
1071435
833128
34612
58349
568190
442613
228445
812372
71936
541350
135414
502905
904264
189485
967252
405772
451454
538276
600942
1102988
443497
849668
488152
799096
47027
417076
346997
1037135
485982
379781
393139
1228041
463449
862018
337769
268059
1165016
844692
425106
1415332
981443
1228983
770176
1171707
306326
1626873
1247496
1330657
383665
308513
1190334
6331
40671
1372377
658235
80823
624298
1055003
151895
695041
1628949
1174579
1235719
1430529
48716
1600550
860704
682471
1456662
1358740
1494162
93494
623546
1630387
918372
845462
319239
1356657
563617
177561
1388931
750147
153533
63299
1576
16362
657542
787918
1381418
74580
101898
694275
73426
910830
168318
617505
130127
941929
1168453
203262
1060964
883308
1337183
40826
489427
981812
171218
125042
91829
1434383
187472
659184
1265220
1598628
351828
224929
847775
301034
1090704
122097
211789
1269097
1273957
1162055
760374
890731
1392629
1542297
727481
389372
424704
932219
483291
789485
16045
1311245
17239
1095420
938968
950311
192427
471870
715704
1445267
1596642
182074
158863
702153
204827
1309744
540168
1619253
603041
393871
80460
38647
868163
427934
115995
1344221
950767
1422731
1169488
1498403
668498
732171
268313
578740
256055
337795
1181773
53494
1029843
1474799
1157666
716454
128755
713949
110636
419316
1534925
271934
822506
99028
1198908
396737
1319202
1617
44993
969038
1301094
1577585
979770
360769
1410966
755639
1446198
627263
1071289
471694
605605
635810
921241
936494
423178
200517
1166540
190522
593681
341647
699727
674226
571699
797149
1018339
533674
824744
1071564
581188
1278106
281037
183305
819010
535209
1000200
1581457
1258097
205728
1448915
1167934
927245
873145
1394173
1573054
1334410
968591
1295048
402305
783419
1127032
54925
332420
1385566
1004951
392286
1222556
732538
43037
825876
66822
173620
653526
840383
1040449
61411
28325
693939
252137
1587071
315274
1235458
457434
667846
1219293
1168412
1248398
1476339
387019
1282372
894123
761297
1159258
1624411
1565620
838617
1416117
846631
1473459
367377
208171
534165
1165685
1343237
1020982
11627
274467
189210
1041103
1010192
866802
15477
1351875
281693
490154
33766
229844
265845
125377
205279
1247399
1158585
125979
501182
1356763
481718
1246701
504813
529635
1131190
381470
253911
749351
429380
890351
933522
1589859
91703
166345
964900
497467
384513
1281966
717959
1551362
1318849
1595436
1104955
1422598
455562
384708
36845
1551899
108867
1269409
326759
611914
545798
6519
261667
67434
877877
417473
55623
14455
691772
190710
236720
1322804
1447338
1134253
254576
283314
981257
1574554
656160
1335122
7388
857734
76838
1114271
608077
338491
1488484
980983
1021155
1194857
157313
144592
215656
359073
1073305
228934
669921
29543
988679
341979
880056
1556438
1527400
712990
1181106
851689
391393
780305
627094
387345
858499
137291
41896
673573
23450
1064961
527462
1223253
794439
1571280
527760
440278
1232582
1232163
560352
1288627
331826
907654
976920
406029
815665
1629675
1199583
842751
138911
882641
614691
1368066
600158
274706
1266400
1132551
190973
964859
1216087
501481
711325
847000
936021
1388249
360354
680623
139264
153900
1353112
982887
144837
1003499
422608
490780
779565
549133
913969
192577
781264
1418033
136124
93406
161468
1427525
724007
1320270
42613
273189
729755
566816
1614515
585995
998566
51490
60173
1372785
95212
427147
1211349
1453419
30466
4558
983098
1384781
700944
61734
1539757
1403838
374337
1462471
316865
1492051
214266
1313291
1391679
670362
790666
795620
262331
1230579
35924
833845
9969
354408
31388
278438
1271992
1181136
384962
1344779
809848
1441238
945788
330895
730830
33466
660146
120553
1384094
876898
363066
117432
883034
16230
918450
130315
842863
1088055
258613
251820
114681
1329032
746475
597597
962277
730329
1319314
777785
920539
92398
1400640
1325931
8230
1108532
1395293
1093416
6213
1017694
264394
336393
73030
790554
1291154
551090
1402931
500847
28956
256785
1136866
675566
1160463
1103341
301744
209664
637133
1435911
160389
86625
109492
917498
676922
94782
1053112
882862
114609
1099129
946244
89615
959833
184715
1580149
957980
33057
535552
1214355
183158
242963
295243
1125338
787296
368987
381142
1255564
128926
412464
1307458
1198386
616077
1477545
551754
656405
600751
432702
265525
957724
89365
1029874
188230
1528487
685822
1570387
632814
635171
371103
343547
81270
307385
209755
598841
786765
855588
738327
665357
699284
224238
181782
1118428
460943
1498932
870091
657701
949370
52966
478942
502236
1210909
17009
402457
981448
138257
148530
1113497
539865
526745
1233404
1283650
380901
670194
987797
12247
460012
1417044
1030777
1024767
1380195
931411
1534156
839017
1297877
1244158
809060
1214027
989855
468529
1189033
1188441
1353189
959827
1096329
1377858
1012870
823842
599204
16859
1425182
611377
750940
885444
90784
18866
1380484
826021
1317539
1231
525350
938336
958083
393397
321060
764248
1618911
188324
779567
453162
201290
326102
104895
1542444
285204
1352200
240674
1154382
975805
1543792
964642
486853
1231791
1112712
1049852
857998
852139
332304
282271
119813
717648
1225520
23946
1046486
998983
227038
486600
227334
1458996
496609
1533460
651566
782129
798279
459052
977394
275688
297776
644273
975380
399062
464786
1423808
1198626
940092
471836
1442916
706002
72272
115170
549273
1003342
1404822
398209
379866
743296
1168062
351285
993961
1361053
600731
983443
389722
152191
920745
948577
400647
902501
1402558
466401
321236
477167
922914
376221
386627
1625512
1187914
1077067
862607
1497548
699892
105143
509009
1343481
825591
842593
645243
1031669
811324
1484827
491589
91190
99047
694062
23099
386601
1137364
966112
725441
1267538
821141
773741
1293429
838792
63423
586861
830012
594656
1536949
290730
1105280
706150
503700
51661
1547909
219688
133833
76062
1285497
3920
586485
1173016
320585
1083913
891215
745823
1297117
1022403
9579
1328821
920304
433889
489527
686092
816121
273920
1297263
600379
1404836
1070948
242532
1586378
828936
788379
1181934
485113
649209
627016
692345
763043
621061
833974
930509
1340624
1191531
1187154
1149364
497146
230162
1401965
1406847
207112
1049610
568809
208119
316594
154121
1192350
955676
1560678
1435255
235143
938535
1210665
67829
1027817
551578
1206822
276922
349644
1363791
994597
1149823
254154
545414
1397638
751300
110675
260943
1144013
718880
993921
234827
1173115
503204
574005
1459288
26875
865433
448447
1074066
607567
985584
667954
1260799
829776
169344
1391987
1063988
1378747
1377611
597669
192738
456341
1052919
836322
955301
1148824
1451195
1625888
194159
374136
85721
84952
6717
407813
956079
4685
1035114
1552038
783354
1351502
843319
87703
47276
1236459
155037
1539182
380576
1029133
810148
1297605
823449
1509007
208978
1610852
1460476
998939
370421
382559
581785
1296074
642797
663588
73884
628306
1392022
331934
1294114
71974
1491593
1467973
654851
639744
835384
297079
224669
586941
86538
731015
164176
1506452
1519734
1191047
1285797
276184
490559
175146
105327
163106
1601114
717571
1091651
1241414
224631
1272163
68572
1160058
867871
1483242
1182762
1580572
1132679
1272631
18888
1153663
1386242
700157
886013
1005571
790498
118114
318796
929348
724475
736294
1004340
362333
247613
632498
1066905
981659
929186
560192
893723
281054
857532
460936
1402738
712592
1618815
969164
1016182
693056
1405892
1466451
892532
992891
190121
1239520
422295
634445
764410
487613
590496
118120
1285413
1441806
1300233
1054605
73926
152281
1150381
1018953
622887
382314
756722
1461653
1173935
237837
1067012
678673
785687
740919
1404517
1583969
144327
1179873
1329136
434743
292279
449649
458271
1213898
566382
246618
524895
275223
430605
1233078
1046002
982873
797343
696816
1136115
1379246
444516
944376
683670
431692
616608
737229
1068076
1051633
596245
1140981
1457189
1014737
162265
131795
1093234
1080634
1612302
713740
1132978
908272
659268
321738
233591
312053
863174
254692
1030690
1019465
636496
712733
1391074
240770
440731
946390
1171183
386037
671130
342418
856112
1467164
1313588
1233511
657731
1059795
52016
612807
437014
368776
312001
803074
831602
120547
1009322
166827
826640
460110
1388898
1079336
96537
764710
420652
1066782
1386084
240511
1421409
508503
862219
1350856
492048
1095719
789523
120549
1370349
1080041
1453645
603098
490518
948072
1592593
1508311
1301021
807603
94863
1210775
1460552
182654
1124354
94364
899422
418495
1383861
668883
612350
674964
192514
194575
831229
1421848
1207694
566686
653142
411677
969828
388072
901917
1109678
589864
1262808
300206
107632
1186447
1141782
943108
1562654
1382141
539339
509194
544262
1202784
787544
104263
156424
422484
1141234
188417
963831
577885
550668
506147
1468407
1088710
1370459
363423
295619
1498608
1386449
949291
318349
89061
1288761
1168350
1042911
80165
1490921
933065
14241
506155
889057
1212110
1224547
602005
234418
22439
691826
524142
214026
384999
70232
738288
984007
45058
200016
731449
108335
185357
118348
284200
538966
1138608
658052
120259
150245
810505
215647
1216061
590733
312714
551057
959402
1468625
422894
259567
1031108
960298
79512
305387
1459255
604385
89413
6492
532956
343945
1599392
24068
1203724
317649
1599182
1295841
437023
1436604
586422
1135046
1047108
416693
1425404
614713
1216496
686912
1398176
830311
849068
527549
1090389
1270663
528431
838673
210985
66475
897341
588639
590124
1070285
42926
1174823
65206
910427
1123064
22646
411074
664537
111623
1441638
574231
965434
1293946
1630834
1222403
889888
1359911
116244
1508447
39476
758241
376793
30554
259383
96603
719444
248849
841483
248325
920680
760763
60816
1119054
1084359
241922
708799
62121
1225967
753666
811285
402123
847427
256104
1475185
90347
820837
845509
1449293
1410502
65925
86506
1476761
45450
1189817
1475022
294868
690151
320959
919962
601704
723033
1453052
850650
160800
223419
249138
597771
589014
653671
486860
63433
552536
607730
1505902
1202096
431310
499769
1467680
950350
607775
302235
482538
614613
747990
1173800
159506
459031
1380875
671224
1331553
272235
972109
1000609
489900
993832
450460
1397102
418827
155912
1542846
320009
299133
950507
1488326
582604
1053722
1219785
926952
1591241
297974
622800
340738
1391749
1346835
1144527
1546275
850024
1270346
991700
819890
920389
51404
935654
369373
444288
1155910
875479
124978
1067843
735902
1427640
1240553
4825
945073
818268
815867
468958
696621
126431
359153
221216
1011849
307066
12862
132481
1226320
