1156589
165066
464079
1071211
1073234
766902
633364
492528
858221
763645
1038843
219581
918741
1454714
434559
1169682
898129
164864
886919
600998
567174
1172234
849830
231232
988189
810719
509559
282403
380554
390596
1270647
624858
478906
29853
1365203
1487177
423211
1211838
483233
1435025
498921
647743
1109985
1510227
107562
1300286
451443
672896
490831
1055617
1197333
735645
334023
1101632
984014
304046
404767
691333
1468097
1299597
1527057
228730
735724
636018
677531
703456
408684
1076274
95293
759254
61534
91246
621094
509908
108940
1314798
786841
1126432
1488478
260584
750185
704751
262
766816
1239452
865892
108946
1624632
1256636
1137650
400133
484226
1612239
64842
1093573
657738
893233
157913
679427
467561
143760
36298
719952
389389
868936
575457
692667
1093408
1607793
1084859
1109918
726376
710121
977447
540053
1029964
570284
631915
210690
952460
36451
15438
844680
770898
468843
113158
687764
592536
705168
722219
455569
1458701
202951
1088070
52198
733586
110668
1256526
1395088
467923
309191
808123
1006110
1368550
860183
1428120
951211
1227509
1042524
629677
228497
2836
1543315
837448
1371691
236295
1201695
497102
59843
30497
742710
638700
1188106
690789
1402399
1122839
164403
665166
450810
1457339
218760
1466490
809073
953910
568707
391811
1309192
1150403
315070
320435
1201462
579535
437455
1343375
585606
222065
287766
1410366
994615
1384317
496455
1073596
63380
838616
772540
424491
1151882
1192187
587994
163883
714157
1163230
226903
927671
51279
1620057
1180643
508567
257693
1070780
164507
750654
776406
955712
520637
157985
210123
922477
971450
8737
1001257
446530
612527
578391
889200
852260
1064170
485355
1110846
797745
496860
1252612
420546
1127445
87539
187756
471030
999693
749401
1033653
849981
966386
740477
882208
1044067
258707
208366
803718
426209
1175481
153272
1541872
211904
1135904
1113210
1128418
1220097
296995
1091710
94318
708886
164708
627480
910277
172699
370694
1182587
1419099
697156
502871
1051143
1449927
13667
346161
694504
32022
1327881
1470504
816361
224591
130879
882786
75364
839551
1132298
1495630
437425
100346
287322
295563
939558
652197
487517
627200
390365
116681
1190451
598956
462269
271529
641288
239441
1182769
1049841
772506
832983
1297715
494243
1575902
1309306
1322273
581332
795675
1557577
782276
576650
498254
563947
472909
957663
1610333
717745
91961
312445
1499173
1362208
502707
652069
1313933
76811
1304229
1059415
173387
973011
177336
1268172
1283230
1265453
93539
1260524
262834
782640
1011548
523800
1355329
356545
1082220
1439738
1136358
158232
187878
369579
189048
1402762
1232280
543012
1490362
185253
1330379
581866
725841
412813
22478
207121
318052
995304
897809
618572
589649
916110
438570
648427
1171141
667160
1244801
663569
727826
107037
288852
348186
597555
714220
106036
1114957
383659
267860
453057
457996
1356342
1092902
804212
1169484
553070
393465
1091666
513890
972512
350578
818842
328227
391819
1388728
1334545
371348
145207
78127
1473956
908326
1187114
230784
1275558
1136550
153623
213579
1511250
572312
10416
858502
912866
392333
319950
412925
1242059
506152
1393046
99890
582143
919602
599906
239334
522655
1246
638192
1052269
673143
422495
503665
913828
843245
263698
1085885
968134
1289401
350230
866344
500752
519077
94940
1348415
87581
1137735
1054613
629593
253180
1376810
346332
1440969
553617
472772
1028291
575424
276683
1299111
692047
368279
287839
307306
379404
525707
334962
544667
180919
1099564
1289718
722397
443867
355241
282307
506451
142894
584743
762358
961015
615147
202720
1031101
5359
1276449
790271
331376
824014
750344
739118
1574261
552515
1113746
543397
1174906
1153953
1589778
104732
320265
747237
1243900
1212767
679274
241280
359582
646666
1154625
519413
1257934
419416
137519
707951
926492
415954
189927
1370750
30801
842881
928621
159324
1048758
437335
632936
1271639
1006851
1161350
893308
662964
272671
1222705
689918
429333
38938
1112384
7104
29015
423077
1192676
232290
647085
775600
110798
886110
1235487
401792
67754
1403009
992030
608973
1016176
432444
916546
962932
1232352
84071
595964
1533072
732576
558776
849898
835604
294044
103049
291059
602753
1075673
1357950
833597
1196754
350335
733521
775164
1306937
971280
315390
47136
23164
1123073
804413
453008
917108
1268525
34428
789650
445611
581671
687248
476624
41303
1519817
792759
1587991
1352388
335309
1416438
682737
732124
1203705
161019
737813
682655
1362144
173343
1162512
330053
86713
442375
1483687
1364772
1164428
1135612
160344
760306
423012
824611
346315
1575078
1397691
838536
816533
1061628
681779
1401708
443167
186286
684427
1166190
91643
546354
910355
1604586
171820
931893
702026
1577988
1179403
565530
838251
202222
389307
657647
989178
308897
716835
1025244
983049
889921
964131
297988
903141
845758
1020538
1596399
448891
1423007
1229073
848267
488720
1018789
263499
863161
715308
549042
1064234
779483
444277
1414348
699092
1131045
1291627
224156
1293989
739702
28926
385607
1066766
229086
646735
267313
1605531
677652
987091
114809
763985
1611546
1121606
1285916
1153271
369752
866928
978727
64615
195731
491057
891307
479414
1146198
1016774
268679
1296202
80876
1048756
830424
1322506
1362610
499679
1363587
1347946
174591
453172
68710
1406295
978622
854862
630262
975162
741974
1018013
1369362
880186
642473
584643
309970
97011
249222
610382
365465
989205
1442888
293127
438448
615241
1403837
150253
1077015
303105
528335
306088
360680
464434
1063443
1968
597155
1270151
888574
988636
421160
816931
1315331
1461946
462969
1096898
755934
254493
1158704
1275600
228809
410064
273432
627016
1212230
1087415
19658
202976
993707
1460829
28456
546331
413433
839392
1407170
1151145
1066011
1135632
638378
166351
1229847
1371716
917120
833682
330121
981769
60868
1018418
1031999
1550328
864454
449859
220431
449458
1331014
1225804
1514652
644550
609272
466227
586669
1555227
1062770
780197
1117442
397217
243063
780245
108806
1184855
924704
825262
619923
97946
103753
142850
1084638
1617703
74122
1068585
1420204
307213
1116280
270757
854154
869302
546533
1529946
1018190
29720
1377518
417595
722278
1265429
1121847
269370
1607131
262929
1414084
646694
1088141
132633
1479911
737621
1424198
636331
1505096
486335
1502891
787986
11792
689893
478864
1530216
679980
95956
540527
455138
1381441
1190559
70523
1438319
832642
545333
754894
394917
1461440
1536001
46701
411401
311837
537450
1056540
507052
757449
1113041
509545
1281493
859454
263906
1201661
1398225
836414
769740
1098959
1091126
219693
746978
643516
124839
132651
130939
1189336
1085896
338795
60667
195124
377751
827979
222356
980903
1162462
244413
1207662
312185
477833
329954
593394
680073
1413988
357015
517485
1149911
1312443
1323891
481946
866631
156223
51023
395437
843025
35171
536470
290241
1603008
1122936
715788
655075
594491
232373
1201920
10304
116991
41183
17006
421447
722283
835904
304180
1165568
1133625
355310
614142
435922
1404909
911352
1089303
1585422
347321
1374206
392234
1027818
1254085
2391
664331
1139124
220013
498823
1248600
163669
1505020
1485573
512042
663705
1076890
1270565
931765
1351620
489822
553380
1313930
486262
424822
725951
58413
543669
901516
899365
565520
1108276
784752
986562
889062
806446
1362682
1128254
621608
317263
663511
325614
1248224
201676
180271
527017
1441757
127887
1612133
868651
1173327
1362755
240902
648796
1242622
796616
878131
999165
1549553
1028801
547538
437014
377616
52447
468091
983315
782587
1361014
937765
389886
743662
353448
283582
1341548
1554243
82875
62475
1201061
1070899
1014190
508713
1129532
806561
726692
800478
473610
1210070
1111921
948776
110370
66421
1326806
1121402
349391
170838
381833
1176528
834529
453745
1368742
1623373
1010057
387160
1060837
1100187
250159
1051844
519306
1105433
1410484
1186837
850300
171855
20332
219550
329494
352766
479532
925612
1214345
1375346
180168
1002635
1231370
1195457
709458
538395
72432
1216715
25897
1281341
1046274
1033216
1106701
1489937
39635
631459
541182
1021494
823736
558801
1342041
776423
973805
955271
1484026
640087
283228
221978
1510899
991387
662332
929609
222906
757535
147799
450624
1304449
501423
906748
246800
189831
1322586
459023
1199969
154591
1392466
122080
47603
58548
1502437
409900
893992
1465694
728209
286473
1274628
837966
873311
561980
277189
1630584
136721
269504
34646
414028
480743
258512
589008
1099176
1091192
1538451
885546
251600
535251
985499
225084
847715
677589
823710
181987
868762
305980
1373155
1206091
306814
1028242
45662
835690
96145
1505059
1536270
645268
1074514
1033458
330809
1133761
1167422
721123
519160
187818
838805
623465
760687
1288764
474339
1392738
1360403
83692
794586
104111
644448
559374
73781
151198
914856
803439
321869
415094
661773
612028
735802
30218
612349
1238598
357101
461921
1545193
938505
441407
206010
375181
1228108
756454
168578
980412
1582864
1345602
615167
603336
345957
25473
1607656
1570055
1163637
1234380
78792
754555
1079815
1602534
835196
861875
997455
1573476
320945
675390
647167
1052280
472438
718114
892275
210457
25856
818598
1294535
309214
853271
37144
1016258
96067
234057
1057983
21038
954762
1148739
904635
1363240
1359637
86925
628181
637173
243578
1076091
748176
307829
1544016
1382248
1094400
62597
1573493
489931
414828
608827
348737
1239616
520045
1548547
1475344
156895
297097
1511963
661512
1110806
748760
74832
1132712
1253241
847493
11056
33098
359633
117512
304602
375142
1296852
931835
887555
891277
838899
750835
1356720
841828
1182984
11351
373774
178938
620726
1128815
679885
1611058
1094898
1100236
1127166
1130544
330776
1061812
1256922
1082527
1138353
1424677
1275170
349481
380530
1198877
1101979
1450713
505682
972544
1184792
237065
218772
1413996
270568
448901
309535
740250
1191750
749990
830956
449946
932758
189898
782691
244307
414849
942061
60792
335892
1401438
1318369
269766
481315
774731
1611333
368037
166909
296510
113271
718362
613294
1283505
794840
1302418
510465
12977
1082898
759252
306924
1099666
114436
615286
37209
396516
1478065
188384
751670
897391
694089
1212396
1225308
25955
1035396
1227356
688246
1174381
1254604
759189
837482
853333
1592059
1004144
203064
1205266
199869
1507358
611004
404764
685780
975065
430744
857296
1242102
624564
906119
609150
106093
1327382
524116
698833
241835
1556498
1207359
1587928
1502611
119456
1399068
493091
1324239
444707
845332
1532984
630872
873291
288074
1281198
1302227
953693
56797
1506123
770378
1411312
776382
495323
309631
348405
498115
1281559
764200
569080
1188879
860715
915380
1602618
1028739
838695
519517
25461
1137231
417919
1062484
1033805
448019
581172
8588
1216614
62310
1052751
1223820
1474542
591900
520696
1293336
1233760
829924
606342
1186919
1526227
1096962
1060347
581774
988163
1120513
700779
542803
968983
1082593
926298
671167
504438
212925
85918
1082008
929455
680076
622448
1023932
98248
1288869
424457
1085210
797613
1236379
863174
204183
1277577
291490
1167444
891568
757974
1383892
1423589
809126
1374606
440810
861322
1476506
1130691
1489716
391824
140499
1188908
1468865
341418
1300182
541484
224107
1205406
51147
463464
968354
610025
1103577
501042
1459652
674412
1196835
116341
880738
371559
1356396
170095
58011
1384703
1247188
1364303
102684
1530609
1175905
212802
1154491
989136
390769
687346
1165283
1326890
369801
325638
1574670
60658
322366
665825
405051
686034
177925
626049
240648
97625
1133155
662514
905488
753492
1097890
1075842
371863
378019
154822
1480499
698961
616663
1447784
101603
1418503
1038865
1082445
1596040
1001909
122555
290360
1490897
1348357
235825
1141446
1330615
759955
199606
609330
189507
296781
524424
404450
1494888
1235989
1614204
1393784
548814
678595
646737
849416
601514
1234448
1071856
625244
1269011
989324
944746
503901
267289
52756
472093
37520
558062
1355669
741889
122272
412592
293944
1191210
110093
1536932
80910
738520
653221
1108981
226851
579082
384560
1370353
1072010
283324
30919
745699
1195633
1035636
841474
91640
1461466
115851
1404206
103693
285234
1260733
432122
532
219299
573800
509282
1211945
314100
1259624
1182797
1535
916037
1241603
488307
487343
84848
1200649
163085
408041
1281400
630365
1385393
928140
1343325
1317531
969717
1078764
1244073
1265545
455833
934654
68054
170524
1482199
826493
1447325
1398721
1443546
1223765
601510
387148
729366
113596
1312134
1266511
1051807
1040491
940512
1293951
241270
1034380
1315422
651473
1022815
1081607
849944
586160
228325
1570521
1588444
962340
1477888
40483
1468483
161176
909025
113060
1184231
708389
716079
854753
1255200
541546
912812
906102
277690
871144
1068988
117434
1027429
489774
31171
590585
804824
794456
1245471
1231561
1144002
1122139
286580
491489
86210
1468443
46666
392977
228167
86339
517491
670622
1541278
402794
874525
1318466
778763
385771
1130101
133463
893875
507631
507593
46073
1397744
258166
342386
233741
1154947
856448
378560
158638
1109516
1574168
1388851
471603
313077
186525
328990
650527
98768
1166270
960149
859323
1385287
272773
588421
97038
354433
8047
236507
748459
1345200
194991
1556562
1353153
158939
615986
143664
1231461
1223646
760349
191105
1031408
519859
936072
1196176
432856
1386228
1558357
1207939
1323249
1265086
751139
1089583
1360234
78097
251370
1544872
77815
130999
190304
133543
891775
776247
1381396
1026107
1163944
813825
1345283
1441612
264019
618313
1240614
372174
787875
464733
799846
267102
1198125
770709
69163
307921
1489480
687464
1059089
637515
183752
1041905
570693
901885
1142709
866760
1548915
1024781
1584978
1297631
159993
804662
663057
426688
952379
176460
1176460
99137
1284946
523279
1485412
1191331
1109713
340193
309836
482711
1027332
1057169
377743
998704
921053
547234
103478
515104
860032
1377259
1002169
623831
926699
1343299
508089
1073689
1070867
1374788
1411932
692382
1028911
760594
1043303
418746
196243
1046419
998158
282693
128111
471565
664496
1426970
514760
1140745
1576615
1031315
1097167
848384
74128
955054
190464
374320
233739
1053645
626406
649220
1204316
640227
1090335
999045
485636
888542
22040
1625829
1561257
844973
1086488
1088508
721933
298000
1093455
940787
1507383
196451
879838
203189
874866
457125
316028
834320
195534
127169
431684
887986
755479
685135
558121
155726
595794
196001
158893
1503352
865547
119740
1549501
1008429
966518
1051721
1420005
1401666
1200399
557003
893981
511534
328482
572796
88835
1108604
550381
171699
1299421
803448
381503
862146
1334372
1195210
934972
1016719
1414369
348608
1033106
284433
77644
1111460
519029
812491
628940
1552675
840657
130872
814851
348477
468698
29200
1104171
1033822
1606839
1182888
463669
1451369
64035
1192064
1040465
332709
1585068
811496
1068761
880129
1409276
1474307
1330582
18378
614770
1605779
725684
741531
317354
443503
865198
1003724
731823
1496070
646065
1271161
1125545
232406
1355460
662729
175667
833796
234945
679808
26635
292149
992828
402437
210446
867112
507821
519812
279650
104108
1423998
1217311
1043249
1179304
211370
160378
260831
958354
353114
914858
259106
1130976
599796
1361966
1176807
109816
69076
1073336
409875
1062819
1467344
1515051
752464
927860
1087731
646500
1143418
191751
634955
160711
1436584
133136
795985
625998
349798
133346
1445081
1008008
731418
1420060
685099
1233957
117376
85666
1608571
332650
62029
3958
1212891
578301
1165666
899765
683970
400940
623850
65098
919780
754348
1499376
151023
1172595
371385
1215109
691682
122192
494795
1017692
1447333
295060
1403302
741909
949471
1198001
1090750
699263
1983
566342
1333339
863080
1216061
475964
508200
549389
1489714
368663
81733
344856
20314
380585
616757
1229564
871021
329744
524198
689058
973957
743798
803571
1404579
1043740
644096
905955
524954
890998
106016
978721
194901
1351463
58936
380928
1164745
189401
788540
187080
668478
85906
78256
1331529
112566
1206921
626073
548099
511287
352248
1074454
127150
909503
595031
496202
1337315
409944
1523845
1628389
544498
920032
1371488
557488
955773
1264338
119896
393599
445457
1423693
892325
359906
581104
293569
1469053
698394
865760
57350
975798
610117
1010158
1361250
1307434
1501462
74358
85318
859036
887527
553540
1060506
119069
719928
1060662
169427
1540326
996002
385970
296161
47474
562819
1430395
1298291
351390
605954
552668
233114
608810
415782
967404
775305
1302728
484445
928650
878029
1508391
694960
556435
1183915
1051316
146321
565808
1070484
542303
936125
776443
1064900
805467
1106838
859432
1308848
868423
1276953
320943
1417793
1514460
870582
1003718
1133587
208437
479002
407287
1293472
583598
1066051
1052209
1281079
983846
101740
597414
236653
82377
735916
1178350
1553821
984325
1006070
981229
582279
509775
663459
700522
640932
929667
504143
536658
750268
1462423
1175312
1338089
1168986
1395002
463643
1320121
1452957
902801
1102427
936864
177801
1366286
838607
1107984
1302458
71634
442644
656702
553937
838722
259197
1569390
1444145
1391595
1260576
442599
816519
1349790
882861
777009
894846
1261674
57133
212120
733955
1303895
950417
504596
181166
312174
570849
10560
251088
1300491
699883
1568445
1262417
1580235
1269211
21673
364036
431746
742521
1036357
244597
263883
574616
994736
272373
948928
772808
604965
213376
1228495
855516
116752
374535
473701
864551
1439014
861895
698388
1196818
596174
1087174
762940
315844
266631
1215339
1196778
437746
296196
470127
1410243
1192378
1527891
610004
882193
620338
348711
899097
1300423
89938
537183
483557
167464
343541
296382
1023717
563102
782575
1295871
36488
161697
425131
1243445
1281004
333953
1339512
940763
924270
1170212
676649
254770
9596
1584367
1089130
1288885
322757
308526
1464287
917112
1033065
748235
1330446
282398
1331266
41580
877797
1108443
1104982
399564
27044
814985
1616383
1495738
71433
1283952
1531926
68559
153540
1103887
714924
978440
287668
909689
858068
57692
286955
386048
1186124
658496
1318157
639381
1162315
1503659
434850
537549
1048105
623308
1622357
224853
95059
1011906
184051
1579604
1319519
1417393
861816
1512242
270135
976881
401293
1165421
1039586
447195
1164942
362599
566755
945393
695286
743802
229267
975763
1253780
1596087
309863
36109
1014799
364997
50005
775736
57995
2627
481577
1178635
439828
55829
1278968
453292
970039
121888
388356
1226649
470029
771667
131809
521221
758985
657119
881187
669311
288743
461589
1559274
742137
150097
867953
735675
65484
263579
891914
391119
17425
1058031
392622
622433
1448693
458594
1063673
380720
829134
1546060
720367
166774
395646
1347661
1280201
23034
881969
1112429
1134658
548563
6454
441103
1277570
610767
524235
587913
486091
133373
454694
285962
640881
500625
959002
248952
598656
636985
665554
433892
675201
562471
352682
1525951
46816
765882
399275
1039014
1121636
293018
782770
1006551
148602
806068
428354
1001186
784254
143321
1405441
927410
752798
1435186
1361944
386377
61198
793391
991890
29574
136103
738832
204518
607968
581334
1167957
1094081
376174
78644
1085524
632685
1422971
1439744
945857
229899
11802
1398594
662742
1004202
1049919
1193479
1630130
235441
193283
559816
757620
783588
113301
1511125
1007501
740135
1299114
1311834
167815
72812
1444531
206815
1453248
659519
559550
1499281
325598
1226051
1381604
439215
446416
1302920
1071564
495704
1150019
44273
631561
1267959
262229
933791
416021
1078579
441073
969296
1094445
790231
1386283
478445
322533
638314
589458
1227811
1568652
1590340
470180
887891
115764
1131079
141233
1002403
520187
424617
1194387
267472
1159442
152354
23420
1247399
337181
577092
780084
1294
585726
241088
1041251
740329
715505
1124983
544563
1253647
556594
686617
1540384
519539
378144
187183
1528184
259898
151597
1384538
781869
58748
1129996
1228838
862209
190978
706799
1061309
1609035
1624817
521365
1116751
586990
733452
73358
1140433
95840
861150
349167
78188
246974
911490
419386
640295
498334
726702
932915
1029910
39021
371631
113030
36372
190848
225827
462614
1205049
525783
519241
886718
1442846
318527
901999
1541812
968157
741440
174333
555306
1212227
894165
399331
846239
1003995
1382873
923392
1018161
528220
97869
1042287
109608
120788
95275
1039100
869935
1077424
1324236
697530
293156
256805
964460
559420
133873
895838
1211686
77235
1182753
796570
823142
495178
497857
813451
629289
982191
154046
25132
1061135
493254
1015929
1223527
688023
289821
133186
1127983
18121
744292
1142255
1411584
1233517
1422993
740933
794463
897142
1149854
805116
1290552
823540
611611
1477683
311498
287431
588949
265472
1252069
319149
1316041
12517
348229
1004503
547447
47537
1331081
1570133
1379708
1594384
1538631
1483677
557206
766200
725929
405589
38110
1261882
1227401
300642
1210012
567748
456314
1114762
1195136
813133
184997
853765
757668
475550
1409591
1103774
243687
132029
335261
329889
252761
1589139
182875
668840
1076695
1578329
44765
503450
893687
862672
1066402
436005
756659
1054552
298299
1479724
554366
379174
1242628
545768
648467
744241
403566
250982
483767
1536848
168494
538506
1341971
691097
694536
1099836
1507100
51041
1396743
934992
432790
1102776
1460626
1312194
379054
1196221
1269399
548687
432064
1547376
6179
912563
1104558
1300524
1009865
841157
32188
460171
206025
673244
447299
1261221
1426193
1459845
82631
329683
1123726
1516090
359064
117401
531962
790693
809969
837489
186897
240607
1104921
904243
283937
61586
624695
48894
348730
1149003
716730
1238308
1523555
278325
478294
1294479
872284
336915
250443
624965
864912
889281
42169
1264471
497128
771701
1090295
762724
1140793
148285
154506
311424
82512
186186
1522144
1255354
1462240
1005501
491021
1159216
789969
1070521
1545710
1087702
1272760
1510779
550020
620766
297902
673909
1289381
1585160
273792
1403148
506673
514224
1127818
290571
792148
318910
662130
15873
407445
1091240
1250331
1014725
481254
690901
34590
562556
303821
31677
722091
80356
360214
1036607
1022889
1119133
51424
1419213
160107
1046997
342858
352299
339044
120058
1493377
28487
1415926
757454
1218533
836227
940465
652280
213695
396890
47917
1106191
711714
348427
1449582
26937
381369
331993
124073
1135038
809179
1491902
185388
878637
161088
609520
1418576
1265396
502896
1037840
364619
1358600
1315031
1260312
851040
640157
350069
1062580
777205
265784
1066801
294450
356439
535786
1329839
448220
1093397
1234036
1163437
949306
235831
304679
1616866
1763
896217
101387
649079
469713
297955
407009
453046
1600280
149971
755917
753263
822654
456902
1099753
820601
327875
829838
832629
216212
147435
1113277
783194
1256802
323864
968173
163348
50179
1298982
707916
1064791
1447671
660030
1540893
183262
180226
111317
1451782
555364
1082369
1415678
1098860
414184
133933
1376197
47507
513908
326849
1098308
504717
522233
34635
1609115
1026914
1298294
812797
1267248
1466593
728576
690999
1417527
457112
15998
870301
280090
557232
504241
1184134
145902
1477573
1337888
620460
827846
555013
109183
665798
1243745
1010159
1261021
1260475
287116
196698
1266897
600597
663135
515165
488053
1381888
533657
1604672
993801
1054862
232190
600047
881001
48431
1333694
1466433
249416
1244475
1193075
388664
868230
62667
803790
170900
240177
1153622
1176886
103227
656043
244225
1128494
1013897
515123
41125
210826
110091
1342529
330641
470793
680440
51536
1307817
1456703
299956
1060631
214996
643610
1211489
202517
562117
873693
1186448
105690
1050481
342095
1120903
264594
155715
133971
1315283
1458475
121261
176368
601737
928629
709207
61770
384750
651456
105133
290252
827303
150861
103084
1083050
292404
1056904
1186286
309374
883440
422639
134768
902582
367867
673596
451879
596156
751058
676937
1212955
428885
1303213
680972
93346
698618
977797
520412
1186634
1615002
505190
321046
1552439
433182
338070
1407181
564606
1155711
822345
711375
565908
252526
1621792
935677
84729
130147
438874
630761
146639
455062
1154826
980155
309300
857092
183136
121167
519264
123928
1353418
1054062
291432
141610
257497
1311981
1173486
593847
1617987
206476
884733
184184
635766
435543
834581
1165790
703
111882
646818
504114
1109729
891645
766469
1215897
322763
35807
605107
1609322
77175
1007301
281675
1417259
975969
1337769
1241861
74394
134782
481109
1490210
1055210
1122791
1013894
503017
758805
1290733
247733
1404818
1580874
5080
368871
404714
826909
172193
1352411
893
282862
1080618
1182454
424660
464350
1137233
483814
1849
1146139
13314
450044
1052778
411547
222306
1155873
315079
214541
617223
1324302
898620
1158833
978006
1068731
1615238
1441112
70955
358064
744117
1414798
1090420
679611
576634
1364481
317106
591519
840840
75438
85504
423434
647165
191083
1622076
55783
1600231
705443
936848
886080
930929
929079
916018
554919
1608681
169293
703174
908085
391176
707862
1080026
901620
552707
685465
521184
578673
1239778
242549
1062489
144418
1145408
755533
301332
1069853
1332179
402527
1398804
813588
1038329
991418
1278543
158534
987503
1569784
1522401
1316262
908800
147311
1040057
1480063
1599445
977216
392204
1347112
1007271
1029357
981864
464409
1496175
491884
551496
718910
541228
365738
228831
640762
313858
1233025
83074
1052063
229101
507125
776134
1529012
166657
250540
226101
111240
582423
1266901
1021950
793725
607039
1284802
609447
1125512
973072
1523092
957020
130641
964491
776181
666683
1544154
980075
1420960
190370
464761
1090642
206115
391358
719702
1561289
760058
36751
1227876
186594
1069852
1080625
885112
589861
855774
104442
860819
391132
555263
851389
716115
1008014
552218
344334
877452
611569
1170024
787805
751722
1324492
633332
459556
1259039
81862
1051358
1207049
454351
1314297
1297814
1464809
1179873
351430
18879
1613244
1129280
128024
314383
37395
1511633
906170
407742
520733
94923
148473
980984
903027
312557
768081
258831
366898
1345499
1032413
1121044
322506
1446022
1191522
750940
500434
168228
533383
237238
174503
1739
421222
264508
1525437
825924
395186
88301
504037
1464079
794243
125201
1574921
1110458
576501
1144975
427567
1343734
785473
872149
1271010
334794
272677
916651
1180052
733366
535633
182793
160055
372816
935304
575426
716288
1154897
228238
1461742
164146
1134318
1322906
534733
535797
302237
627484
1167878
390656
194824
1007993
1341282
123743
520377
600837
390673
1383655
420762
710819
182676
1133901
589305
1263672
148452
546107
1602622
696290
393052
439139
872791
197411
719896
1229205
362930
582334
1365274
1034570
1197058
1507374
252530
904760
282098
750113
1063506
201584
843603
752974
564164
385651
464024
950225
1254452
380408
1099448
395914
445522
806753
23072
1160336
683927
319014
426925
173279
1613173
1287521
714333
426721
58126
1174161
1154137
877036
439665
1224407
735979
692729
811696
543107
243976
1556583
178503
1109800
1057171
669068
588112
805140
964916
310280
1122465
1560136
1464195
896864
654799
76284
788862
1246387
733845
1041126
381443
1164092
1162595
161755
598664
197201
783758
699324
1259059
172007
82259
1285307
239636
215043
423889
1314211
1560705
369356
1154135
1364875
750288
1071992
806652
138970
177537
243718
1070642
17647
756904
633920
55973
563540
824322
1329747
450779
328945
175040
1305811
1343109
1340886
86907
1348820
1227765
1276732
1338476
1013553
1392634
912141
541303
1033055
1470767
447683
1592720
993289
1551891
742790
866671
776369
191778
1081948
158539
18401
432351
219352
1376284
1266210
975724
1209179
351196
1130743
1392182
672212
570839
237408
1547924
540783
1036330
922256
576109
1168208
696515
1351172
484639
223192
825577
703705
876079
665167
975112
832835
835883
1424524
320399
550542
527310
215442
211380
1181178
923760
1339449
779645
3535
1124303
1509838
1020131
383174
623031
773967
742285
1442301
932430
1372216
1030567
134626
530265
452664
257127
1333757
1591301
114051
1195728
843525
129104
467829
337197
659598
1352549
1445196
59714
669788
1023387
812512
651209
1581734
495850
362112
664701
663403
174937
1017185
1433846
717952
979707
618083
145843
300172
1597179
727584
821219
1051011
326904
586333
1236246
412724
1451923
1599693
429637
701703
833863
439263
586464
1362111
1405725
280529
819914
800767
620803
1595942
521949
874040
1366745
202685
105544
471281
462267
744564
1414273
461918
1066842
695246
179813
823088
650764
294303
790325
793748
246402
143538
42185
1549479
1370904
97053
851935
1051727
647798
998732
776438
880940
1340571
483165
1346838
309325
224072
640816
1561467
484500
1158176
1520964
1105102
129731
81546
541477
1209324
1091525
1273759
975012
1560833
468465
282329
1051067
1530464
1312840
1235098
293778
17562
654152
1497792
448331
725236
1422445
826472
780592
1064090
1359603
130927
1144921
199324
922424
473909
218882
195811
1383057
1449855
770534
1562042
332767
58007
496313
1217501
59897
947783
287047
159893
1254517
211261
191955
1294321
1531951
1335209
435321
1242281
481522
1151566
663131
335446
1119574
295887
907574
240735
1568587
932395
200001
513857
1322759
116199
1013470
1402977
1147358
268880
16253
1599402
349772
353872
1049233
486079
504952
726143
1491033
168864
230884
427683
403520
44093
1077666
287772
1044987
1173785
531782
350800
907992
24534
538850
1270197
763435
1080230
1491896
1243521
1410307
924398
445905
1006185
158836
640450
404997
68973
1095660
1111178
909430
1186237
71067
1510098
728809
228050
537031
578583
1235379
609517
839037
110140
780641
1486192
431003
885752
1140307
375191
471809
1015436
1044940
650528
327565
37583
657782
458214
904066
1140728
802437
422391
1599166
1030137
1234201
1197008
746475
169517
510407
331460
1525111
957928
375257
212984
678411
930437
1070626
1294801
152786
1565100
1158410
1256931
1175580
1328239
337753
819741
76647
514657
346258
1187751
1417355
806160
445071
1266921
1000350
1450854
1089722
1264402
1358763
1430692
483191
78201
1156093
1283435
1254775
122798
503729
38586
955489
65533
837241
434034
306691
1122059
436325
27761
1444582
297417
1284417
1279567
1396869
232778
591710
581820
160114
1044054
90978
870665
561669
553014
1462048
940186
793856
1165448
1160937
1313653
76355
858891
1105175
754130
275979
226024
1309749
1533420
137805
1149722
1304095
166201
408577
1313882
847351
1218816
777964
1129187
1500373
17571
269751
670936
732165
1531115
738364
826720
1352350
600004
1167334
909401
1395069
1202466
9904
927662
309598
149189
423202
118354
796989
459537
803913
1594658
281879
566494
154062
639228
722949
101972
85481
1029223
1096409
931861
1496955
192196
308167
105939
1156025
504383
645427
1349680
874828
754887
345240
1339321
953774
628977
395184
1583845
352220
627235
264700
343163
949415
179473
405370
77016
303971
128389
1107023
1562476
785065
1432441
496708
1171967
1339490
922948
363878
1500186
1062290
586964
866703
368778
227093
593702
650988
1040224
1261939
905627
784782
495294
900987
1231677
512449
1631649
456885
416064
1043741
894410
890429
350239
702133
867254
365863
1050576
666273
1436941
111304
1359353
925309
776235
1024370
710514
646519
392658
1535542
1485045
439132
104566
208930
305795
840938
117360
446937
722291
458649
1524532
552951
1495821
1310815
488350
481023
270047
100527
1487389
249745
1103077
1105783
810544
1216235
510064
780146
977932
283860
798166
1199177
1069254
612693
17329
1006756
749386
1455160
1292361
1264571
996077
855087
1037749
707714
1473345
1518724
857319
580111
1274706
601423
625933
728721
1028656
62522
330675
536621
975556
84170
1144322
513771
1098177
1075835
30771
252567
1289398
342083
1215909
101575
344976
936383
425183
244806
1085126
1198971
1302696
1174176
1304502
1287324
282924
1178477
532533
1622179
1580718
480318
803595
1390461
406129
708676
294742
1594554
1240486
1158155
1586149
71112
1011785
559427
1204336
1211709
782602
259965
169337
1222275
80931
1610421
1487950
977910
1458942
494442
513316
816771
693423
1395785
197024
217412
1610954
1033735
667107
878168
810259
292062
713626
591205
700412
387460
147574
400911
670349
768464
1021091
159263
264181
5945
401277
576638
596916
108098
192807
1334055
135456
1475979
960223
355322
1045392
637168
957144
1541263
1232479
783441
1231966
963133
193405
730417
1303
1127895
475728
834349
1122269
1273354
41578
314933
1284421
952662
730808
1143237
31105
323284
1507145
988793
566000
821265
813687
636977
639853
1303308
1067179
1156177
896820
753726
69778
1583527
580658
247520
1285671
1300743
586471
784886
1083586
1178757
317319
629139
1006154
756854
843198
805109
132498
179272
672632
635530
1287351
60468
986983
1380491
370963
723510
1461903
331454
686927
974100
314587
852720
642730
397055
53067
505637
1538055
468454
579514
985356
244299
485708
76801
814298
1434429
281559
986462
1326275
1616229
437280
758138
1010708
1194628
9580
383172
562872
596786
280768
131397
1310816
592093
1404800
526904
1087928
455044
1282884
1122012
1548766
933518
1051289
1159774
1189123
87012
326715
1057249
1176843
103158
1402205
579445
867023
586864
698167
1442942
993670
124617
1252584
1344191
650140
1154160
1477000
638584
1123637
833084
832982
1022147
686842
812357
859871
193561
1564342
143380
516816
22494
355757
1486520
1036166
1293527
1402503
168160
1190989
478701
858174
1169358
1583669
313528
518191
1485062
1499543
216670
549067
53268
68959
397336
1526447
1450159
434427
1438905
976143
1269444
1130967
893456
987222
628192
1339012
684984
948446
1257286
553207
744484
1145104
800560
297790
1573073
667736
1515347
716249
1516471
1103820
325193
1371579
1009212
348389
490474
336339
324236
1006553
996648
1120281
361519
1301866
169551
67881
1132941
1116488
312794
153391
819904
32411
1356238
519924
743057
573092
1135572
269519
36534
604099
1250957
937163
1386252
491728
725319
63316
1148003
240338
118499
729113
1039125
1359715
1170309
251032
1064555
324648
1392186
519677
430557
493292
329543
1611169
45396
546910
742578
1136477
1218430
255203
1259742
1113402
596774
959368
1257835
553260
1090317
434169
365519
217221
265483
1124872
571221
158988
1516262
672566
159833
870350
1533462
1252840
577909
154460
459580
1530552
598838
584981
1393188
149789
203679
557677
819453
830464
676206
768562
81488
125692
250303
373213
26579
8596
403765
1139645
463048
623136
233913
1275358
60898
572915
1041424
1050872
930159
663221
283256
957206
174809
975648
251008
1375527
171601
546637
1446970
813453
1491262
465296
1038630
1092997
1164754
941882
1020111
221119
959627
181238
1628895
1052650
1006461
338423
882736
1299754
555817
1274958
322621
611400
1353524
906050
444048
890441
1313713
297405
917712
357511
18487
879177
698837
889592
664680
129532
361094
1439416
696153
1084823
436194
273134
1358468
546570
957458
436626
648474
846581
1547961
528334
70785
762455
974189
399950
979601
1233437
916555
807724
730044
242914
983145
1339630
840261
1590285
855926
1292847
1409496
781121
226600
851870
235076
284348
105432
1108460
856331
289180
1370680
934616
1104023
162614
566116
764161
1342413
546350
185201
615876
332480
471963
664602
285884
36557
1033309
91031
597074
1020885
58745
1105858
1032868
988917
508214
938249
734890
293405
357488
801743
300450
546338
376928
1250943
811107
1125757
1155118
509537
900389
165170
1415875
1342495
1358799
687957
603467
1031895
1252899
1224663
1563978
1431951
1339540
638823
125178
279961
717104
755578
853242
1444333
1426445
1026181
290737
1337613
1543351
1480191
788917
323698
112091
1341055
660599
438468
81045
1007758
398208
565572
506571
781167
823369
356656
884657
1001086
1419961
722471
873615
922655
1223120
250947
205473
667562
762311
939581
691847
90456
1573742
80952
931546
1272036
268997
1311490
1473566
841953
139936
660934
564179
881364
677544
168017
1376982
784844
75786
1012824
165036
128802
1606138
226734
86472
61666
1536878
195147
116039
406035
1343081
1398387
1532238
137961
614840
1171458
364414
1228453
215683
537177
1595664
1228127
605284
2025
244653
201967
829107
121987
1102239
762749
330034
196107
1324642
722728
478406
1426514
1356000
1094429
1189075
1096516
489091
786788
1167434
286506
337682
902926
1156414
306895
875073
1415886
969109
1357491
1464422
771938
1405190
707957
1488240
40905
545991
495781
1453901
1070619
843999
206382
664300
1599510
874671
53435
1251527
498811
788603
36287
743448
178374
64409
191990
910531
410764
1229245
967710
418034
281507
528586
605890
443956
343730
506077
537030
1080858
317906
249062
284273
584049
772120
156924
339968
1609359
927562
1274598
538246
1601509
917864
23730
1404416
322752
845730
814511
834571
1521333
1257021
528601
1533147
1138912
314892
1481320
1163401
1065666
359401
1399289
1468722
437892
785013
464187
613138
1284047
1144635
1005959
1033915
1222340
1488785
1199281
735541
1440951
596345
1238350
882526
205910
113490
537370
1456326
121148
637586
737611
886202
119579
1150780
766927
1628727
283750
660471
983055
375072
560935
699302
28234
313119
1344161
741171
278757
753771
670215
1078552
314904
1105255
487581
16258
29066
1337763
56741
555921
486404
835234
951587
646082
342745
487928
433891
725457
475768
959019
1529004
730292
737911
129922
782144
976094
1044199
681310
859464
792607
1463894
803203
389465
766053
42745
1404697
254858
144204
1223427
1353439
1063116
442460
1394755
73658
320889
1035823
1372554
151057
889361
749462
670837
462439
728257
958004
1249609
318282
1100694
376942
984845
561893
273483
1052709
113461
1028135
435297
166106
1253580
271183
170685
764053
189285
350506
284824
1185988
166561
150671
1193245
175154
287411
422494
216846
320734
459234
828548
408068
1534310
777110
688096
1326865
506162
700467
936302
2772
637467
48651
1181678
911280
764840
562806
800514
657108
693071
1305326
1120864
1319435
389483
1399669
385900
748193
1165571
204210
1360169
168382
1078962
645114
285170
215719
700936
1221869
1362802
151096
1335022
524502
592620
1609419
369336
1198443
1104182
706168
504223
508066
1362828
803686
473163
1277840
1160764
109590
93892
1019861
819026
1084300
1125125
954423
1054494
915723
160392
918201
205210
883628
477797
303773
264262
1447930
1282592
1319629
599440
1584960
700876
480966
399363
175445
1327458
620195
1303672
525565
1274722
1363757
748292
61435
343889
238950
985366
998562
632396
542675
420477
848422
543158
252289
1107055
11372
808320
1154673
104036
625671
875057
150492
874272
1590372
1606341
1556842
436583
998863
405183
515549
1034112
224
334381
1468042
79559
1396382
318738
1173190
1523262
64701
1187845
706930
508934
503968
203894
1631833
802912
1157335
330838
1432013
799651
382150
783151
424955
1149572
580183
477073
1156183
1545172
599478
1454079
250630
196853
851652
755269
1149187
805014
130941
79540
138966
134480
1477171
1219290
781256
1066097
548061
838394
703572
756957
202021
783007
154621
98336
571770
259383
331729
805505
234871
169533
1502318
103366
1348227
1098031
335525
1520475
955648
589342
1218342
1132126
629912
682257
691485
706451
441081
394536
980260
653889
744376
1007158
611691
604740
544589
698804
550364
147579
603103
833152
491892
406929
650384
1184187
523106
1360419
1346332
673540
360805
886491
1051639
163489
862548
1186287
293592
972223
743056
69912
1250608
1465781
642195
133255
664422
1369288
1195571
1104792
1375957
230956
938221
816169
519229
593406
236938
492289
751830
387909
1389348
850604
1527881
384814
156294
1100282
559757
810156
890249
562609
441788
1007042
334020
579627
1436971
1608268
832894
834546
1398003
1134870
11571
1286934
913204
1135285
347051
671061
1061751
1032778
591271
1241749
529363
1414960
698106
1299790
74139
965065
199457
398217
863288
1317521
291133
69214
856295
2508
177224
331749
177636
1155733
388749
530330
943416
504886
492665
40029
439875
1575472
1307928
948425
774439
180996
995466
254171
674001
147205
659292
576674
513078
29944
39080
430022
225006
1570197
1047446
1062307
1258538
194438
1500099
892238
374567
270503
1154034
979105
1082453
350319
1155799
1043911
217048
780489
1390353
221942
614889
528718
888582
685482
1032227
501450
175902
634506
177459
1000561
1065692
1421567
1052888
1291118
1245891
192053
1213539
230265
1206151
587102
1500828
910975
1343712
1018266
1620260
402445
1092874
75207
957392
322424
70555
981851
432066
172263
751046
1592404
766093
786357
379289
57199
1487385
564062
126476
1434992
1079058
271629
1421471
845939
1218765
1273477
1370678
305785
1119869
429343
153260
915538
1411688
330369
674129
1052766
166503
372678
90678
816613
916713
1022663
1567610
386428
1161195
1319112
1108555
875948
947127
1515178
1329860
1411864
81757
437938
665218
494550
373125
924977
66924
548813
1564400
861031
18418
561760
819055
87374
268495
342503
660646
788428
476439
921756
291076
62429
884966
582748
95163
1473676
65811
326637
1288972
492874
1600671
1392524
1125176
275456
752395
170344
1260128
424780
220352
157929
133174
878327
453742
1071448
157977
597462
1397018
1070669
1630140
1483328
612301
773286
1623625
1380554
411575
1288511
1588407
850166
647924
828274
481207
614856
1074828
730563
188998
606944
1341156
1593404
842094
1272006
154082
133489
936736
1340760
95054
1007428
946848
995872
365379
1139908
840349
1123265
346886
788037
516000
466393
908606
737599
12860
1288013
1452465
1189517
834652
618477
1264072
1413877
1500745
1552619
799559
601080
858951
1547055
800102
1467064
1451435
923196
1286149
457578
561209
1092003
1541082
11469
1282248
309391
701672
594888
343411
1301545
329811
1021487
1296145
715898
280834
70250
185568
1097445
712437
155826
316674
322313
500216
172875
887560
297398
176347
22640
1302969
534059
222325
1073553
1515126
17646
855820
1450703
1221476
491280
879980
1032723
142272
787647
165098
512171
1031182
111899
1037598
182897
328734
1190702
1428509
323069
1138587
1615281
248296
50761
240809
170749
512942
431884
1063406
568459
291785
1440202
1063552
1069673
189882
1322471
680341
1004593
6217
596879
696557
1068831
576135
1386804
1151635
517014
14019
959119
1629755
402340
317628
377322
430574
434483
1392350
466477
531032
391400
276391
1045948
1553973
131946
557614
676628
933851
1120838
775583
32743
1564626
902244
859107
565160
754625
1434601
838868
112902
980012
912707
722942
638757
605769
1594327
997561
67772
360704
113990
1424514
240101
1368666
376711
245686
582942
1586652
1225592
395624
1405910
400869
343646
815536
1369697
1336943
421363
679251
1127971
120118
787008
1158751
29973
55114
995884
387036
575919
972511
1166611
1502534
447815
1261033
495578
867250
1068816
1278258
347996
423103
36886
589857
476015
467118
1342739
898794
423112
52951
960939
1149376
1404008
1060068
831242
19926
1464289
179053
1378346
1141129
1116020
1069016
1274996
1350615
1360710
1027996
1399960
613584
1422597
403610
1534521
709843
377421
960400
676566
880555
1379263
288016
943778
519561
3739
725468
688371
638289
1090132
1035891
1108977
73996
1304161
1569244
373660
484158
1259207
1087821
1355855
397242
873087
340403
1187462
502343
624119
444068
1300056
47894
833143
574784
539565
1100678
800033
1192115
713805
180644
1593730
943609
555271
694822
486410
278566
1362095
624423
197777
942476
662799
657481
165934
1186654
1343608
120163
1337193
93488
404234
725890
10963
1143645
1291109
1259734
1566981
27999
120241
1378650
581255
1344108
656889
759683
888322
637049
524666
114939
1386069
909081
619402
585413
1333008
276897
1002391
1446473
414762
757110
1227662
13021
202260
1178392
1010028
478430
496973
1620002
244989
1597056
847736
966946
411687
1605735
1227460
996890
753201
263705
1006567
1099812
33343
600555
92777
429742
441408
1318902
286077
828634
1168510
723951
876526
132885
811828
334428
331540
1195117
430882
29501
183157
1437167
1123936
627025
328644
629277
131312
1157252
288808
655481
1144577
556849
341398
1521191
460757
64038
61404
1143604
690623
1264094
801590
252723
1186381
847633
1023290
453451
244363
948986
935369
721885
1338427
1216403
107387
102335
957567
1468407
926735
80424
1199986
1356313
216817
507450
580666
476987
1431579
1443361
388113
480016
1347604
698143
69477
817373
1023943
864304
423650
1082893
1358358
733258
577429
663743
201732
1221362
1205085
11137
397343
1147721
288135
73118
1022561
454500
1020143
458616
1396883
1536898
542436
762902
1324791
790174
1316419
90539
472904
1079365
1171736
16647
1560707
30150
887729
838531
1386746
183818
168259
129996
925009
500183
189850
1004878
602236
1006230
1393599
1392967
175875
933736
998076
787888
738179
670427
1599828
1384044
653784
777743
360415
90607
444307
532806
1388635
1411866
1247372
805062
252392
934407
885582
458355
1212241
872909
1300011
172749
1621940
618221
1453403
714933
1460861
605143
56406
1253408
908214
681602
974692
874979
919683
251078
241077
1282597
1393502
869810
343148
854779
943577
185459
1160783
854890
1211359
889935
622054
657739
420962
899255
595826
1274742
1124735
1386123
4236
1186003
89507
564251
819328
7044
1400278
113131
257302
435051
1269249
167770
91206
375376
434057
394215
954101
232977
1099024
1214039
502537
1471563
618629
1108227
702045
280167
106919
1430428
1589444
498292
25065
351824
775307
541921
749763
97715
887092
38124
277212
85064
376451
1090625
664155
129117
607184
1202805
156503
873148
1093728
1487906
167284
1295928
1260362
491391
887228
1461699
1037593
964071
1119098
968723
1087940
615993
1349281
1478720
396845
89464
1227978
1532
444529
1463139
204325
851177
365223
1370447
1210179
224326
179319
485944
1136157
1393678
260397
1200258
1104364
523005
6146
1139491
24625
316150
1579672
1464695
882779
669287
1533824
438378
25350
15789
752141
740801
690096
653508
1133138
121416
278331
1290223
1375357
1190763
370145
1581087
1170561
698696
715937
1337010
1169556
232896
160741
507862
551757
1534009
541370
21963
680349
1096901
1042937
645008
1173504
957974
938965
51291
1130327
339858
968874
584427
257403
328339
896444
1181635
1105019
322202
383804
1137947
429261
462563
364541
1304424
639324
399016
413943
538493
619500
243147
796030
1518616
931033
586353
403524
1127447
800138
225700
211495
857697
373384
219992
156604
817804
543690
259360
1101398
265873
455173
475928
1116645
421071
1350864
1363593
1511005
5650
757348
1230118
29733
1346177
290641
1331756
591857
158984
1309804
489069
1512569
1389692
288166
671429
423085
931514
1542094
969538
1022410
595755
530184
264868
914209
460506
603092
37906
5744
1132255
17203
663722
1023199
1054719
314352
149001
570387
558651
1102056
234168
1435200
69597
223011
1221189
457707
1175812
381116
510276
801084
456009
1048298
1345652
905950
1289370
1067597
1473982
1222941
467272
340463
394800
1438228
842960
38087
434823
170755
77462
206071
453647
773732
264365
320132
230851
1369590
412851
1341862
480013
817838
1411780
275723
15254
914066
108630
1243716
169552
1154920
900435
450638
1610942
367219
1273183
1379493
1310865
1140813
1310496
391288
338981
1113707
359986
209616
996378
1025494
166328
1095100
97873
156454
567424
885968
595948
1037959
486667
1364340
1449369
265799
429535
848184
371287
1298062
41495
883509
375127
66597
1070028
1169612
156917
273591
1430654
405452
848424
755531
73939
184323
429564
364685
146075
273998
664427
615467
166722
904455
229390
1626789
317556
1126954
525426
159329
552217
1511953
649817
145830
814531
85184
973569
12970
1330695
580025
475479
954422
391770
177563
333539
1628047
145317
683109
72145
592875
541501
1142311
413153
2120
1418924
859735
339883
679907
74175
583394
76821
185842
1151587
824087
1259215
339365
15439
870511
406957
291148
831487
229376
729504
727982
1356533
990978
1240907
571999
1623128
1108839
77849
72221
363295
371555
984243
1300619
1085652
1024778
392598
1106217
416368
883850
170849
253823
670613
887300
235355
853910
974429
476419
747508
340627
1211113
314786
34728
987449
122955
809104
372324
1157867
258655
635282
264505
364625
701021
904352
1332192
763140
1372080
644051
474765
1428077
23654
199643
501991
735125
79758
983538
108823
1284993
442774
1191863
530284
444249
1380688
5239
618541
368448
985745
700758
632632
540089
603640
875013
692132
29273
634395
120482
217505
12429
1424201
1398408
576128
631179
1469312
1523313
1562718
461167
458586
1440015
453161
153065
736834
38461
259062
839734
152599
254215
123473
657543
1282517
717717
1523789
270182
714600
560784
166872
1275153
299279
945104
298227
1299183
1456926
443567
310744
669561
864652
980952
1384679
1014210
1199768
16617
720067
691181
1147236
41620
744501
410856
493871
417833
1054255
1349105
862989
1153540
477799
1140180
378771
539868
1154797
1507288
1309524
784568
1487714
1090334
1400187
313275
1075855
1314936
472720
1194306
1036699
945369
846302
615412
1238442
165311
738166
85221
300081
995298
101795
544619
388417
869229
599490
871596
1380522
231937
532697
489108
1184039
475280
315200
192308
707824
1582199
929756
830205
518758
368784
1399450
579882
438313
1049210
891510
730753
147064
740775
488066
1152286
1509483
1610511
214608
699639
139944
1576959
283331
1397057
354869
459878
1143078
1588681
1199671
1247503
1045275
1529903
850796
683755
1491125
924454
1145695
507962
777193
445431
1338197
8319
754077
1183913
139887
455012
174083
301583
1381169
385785
779310
1248926
1490493
738101
1257708
174559
44548
672234
1303718
713609
1354461
927213
75112
1335325
587660
1010033
80206
284117
729203
243933
1174546
1048098
1315466
169126
316236
347538
271712
726142
1286425
4705
22686
839795
1334510
754256
98479
260045
1160416
60068
627834
842774
1272065
203845
124089
87454
1199585
1203511
390105
1182061
458015
351003
1033479
521682
698005
1273059
475582
920700
1097212
1038707
884644
286640
23701
312491
146958
141782
600972
939495
1110719
1536040
643344
506024
93716
865267
969192
313740
128269
571269
1046901
94809
1424369
1264524
919353
1071112
439340
707079
554151
1464769
156715
369576
38714
243125
594382
835930
821726
1039924
798302
94106
166403
1292508
758207
296572
1050045
687343
36953
90235
58626
1195447
808374
206067
356176
450258
952640
1315970
1274301
1076948
595631
321715
1080409
1279287
976421
953475
56342
16701
619032
1190869
799054
540311
671114
1275235
794802
702416
1517201
38302
1395108
1559414
603518
12873
1426006
191818
727209
591260
1469003
1489290
663939
485077
122568
604602
259149
1175232
1144763
106725
41617
1312585
818877
1133367
898301
1246670
247349
525262
41269
812974
507150
1250825
611167
835863
284460
335359
1351917
649748
297686
57998
11304
894417
130353
279207
984007
728868
263527
1357431
961374
210749
1508899
650147
1452917
1422847
904735
1508283
1104209
179623
325992
879947
797788
1030901
697821
218616
713177
322755
766265
18011
300517
771645
52663
1610919
992075
1554436
1391379
584251
168698
569493
1154744
581857
1216220
563031
1117389
385371
1316382
623618
1028986
1131650
393231
256401
1125255
822808
1277232
414891
800126
775325
622820
548297
1251545
998403
1457667
946649
243557
610609
312657
151143
709758
53775
1408613
13520
209497
237424
1213221
422246
262736
136348
485640
92197
769745
407646
1104093
1064088
163813
1553149
1092213
888132
1451872
973330
1111063
70440
1002093
919671
495458
1103810
497794
373904
277096
947646
291340
754119
650294
1058771
1037574
1601555
431315
314977
1400248
1101347
1616117
134127
692793
530550
155471
1253568
961031
615256
875078
11655
112825
585963
745041
1071365
565969
768476
621199
1143846
740035
1407560
1185725
825808
151664
850482
62892
183802
460395
750186
39735
1245591
244973
4726
983448
1257917
359969
733422
415634
621189
699484
995279
825386
943431
556703
328681
344622
159356
1069506
1583168
972821
1058702
913629
501221
254220
1357363
390420
1181574
333952
958824
908128
425606
1529828
555636
289148
714025
1074681
344044
652851
1300015
397249
1080097
32510
1289631
541577
576409
12130
705255
310151
1597756
1370901
857178
1393867
7136
217953
860545
1122693
1066420
824222
166605
1051002
41106
976577
200372
1110772
1435779
688638
20560
726474
720975
838851
974011
387624
855191
317998
623292
1386961
239678
696250
1223636
286757
317195
505236
904507
1170877
869272
1010146
639213
358265
1045396
1045519
1311505
957478
126582
1157857
850624
1401382
1492353
534679
894374
500778
567458
291314
42813
365202
288454
1437428
1024222
216536
98729
767408
755386
1133353
732010
1417763
548703
127168
240692
1135669
703766
1537944
520640
1589381
403051
1060521
1524553
561334
303588
198966
1072800
980314
1299397
651110
1242838
1464522
1126684
1388529
99269
320120
907869
1189083
962549
1225719
701761
585966
1502225
3606
390826
1570666
1424608
166032
1235310
345052
698426
833396
85233
909537
88297
475105
1112342
950269
1381475
1365926
968163
998838
751680
1124169
669305
632039
1312136
513242
87215
111485
1155741
1386071
1258132
508216
727052
457280
127228
771958
773750
1143710
610193
865886
273845
1026557
1487044
469972
454173
1091665
1307670
1322735
414676
987269
1186733
844055
533597
1325375
1488701
916643
800751
2446
814836
679111
1202116
507991
36831
337894
1081794
1299016
947048
761490
172775
1349507
827092
804155
521551
1597508
1104584
1342141
631566
374058
195869
214308
1500890
606623
310449
186517
1027443
1439159
1283849
1004043
1366378
705583
1061632
1407165
674483
532406
274304
1319984
854083
1193358
81970
355239
1394157
706422
481401
1319817
74026
1270652
1023232
483463
303063
1267494
1352592
472244
29948
386824
1100072
737614
576330
1601311
1132514
1004861
962310
518405
915092
636609
1073350
276331
804975
1051825
1199139
847953
737341
820906
100099
837113
1133974
1033421
907288
43367
1472906
1411754
590213
1399249
572376
1129588
880470
373335
832893
566513
657994
257358
392653
1309694
749005
703235
474491
75119
27502
610160
47167
802970
1550423
1006738
1082315
1476988
1290540
144282
749492
1465085
1280192
881151
163809
1518110
234087
470924
102783
372046
1450531
684281
789148
1484953
915137
722014
1147791
129639
103087
381963
498227
1200390
1155704
1168935
212287
552939
568721
335506
853365
184285
979574
726006
661471
239518
1474528
914818
666414
1287325
731591
1553086
1029012
897452
303352
1221856
654248
747832
736346
279849
34523
494603
1516116
756459
604932
485726
523652
1009764
187138
657824
1488596
537142
439337
51569
1226432
1373447
874274
1226514
746603
993708
207482
1303159
1216042
331581
1148161
600442
1438295
773599
1435302
458366
1488350
1120575
1625470
1043712
690479
1350460
1088281
35433
255019
317287
269542
271577
368115
55324
1105925
1547773
222613
695065
226882
473331
527689
188567
926432
128837
998104
717188
486487
348579
171632
244392
1129093
858138
1275947
132626
601845
1224327
791648
114043
1053055
1239434
599657
1312269
710435
1593634
878644
749702
537458
857402
204981
633852
794095
385640
1257634
1161122
1500694
1056082
1014879
12448
1514198
549178
