7078
105730
101416
92730
18303
148308
55392
18637
13548
112948
74288
35234
162257
16009
101177
83270
46787
63376
95486
32873
12783
114090
160076
84962
132842
106899
128570
152255
28201
79195
163642
158033
35125
32400
38350
95883
11508
79960
94376
102315
74618
93924
98264
15252
159064
102615
101267
77099
18993
152974
68363
55060
147339
43155
9210
113856
52284
84243
144742
36082
80140
48570
126138
135100
27319
157606
67472
113840
164068
143068
59870
110871
113307
17041
19219
34205
114407
58243
125604
85573
29530
157090
166247
103505
70508
129165
122498
162567
66555
5346
114997
14621
84052
104004
69866
85655
158911
12076
86802
153781
9211
1226
131053
109397
13083
72360
160932
141459
63812
155026
147998
156336
72913
85421
142869
26969
91814
144721
160537
68838
53902
153122
9936
160624
101329
81361
67033
115877
113427
77654
166380
86322
58026
48044
153307
148146
20544
95430
84058
45400
149796
143425
159257
9510
88473
165880
111812
145500
19599
45524
55245
77758
41955
86905
139710
10876
148906
68574
153353
86115
108940
152555
82777
46972
147010
77067
150281
101828
136642
166161
75543
86661
104390
126360
26064
159268
142279
121772
452
110820
38928
141579
57169
120502
63529
89694
39935
42362
29508
137221
157733
34075
41083
111227
142413
138317
167406
150099
438
123809
85263
125751
81424
106139
153500
62619
106136
92055
137466
51882
58216
55559
102254
66208
72682
44591
3665
77389
41222
88287
132416
40626
30762
154314
30454
44484
21431
69276
105760
118846
1117
77181
71972
27376
93484
70524
154798
100976
49159
166801
106301
156600
22616
47845
148962
99296
72941
4398
120628
94834
63351
37503
53291
62385
103817
97441
23580
53101
167592
125522
161813
58295
138908
64552
164779
10926
69818
95162
100203
165704
151019
55841
138919
83997
101017
1922
159861
60652
156234
128697
20775
151195
43498
22952
86504
26614
79709
4620
61042
159662
83571
23836
130054
52246
57281
18241
89771
80086
107810
94735
147346
129041
8902
144735
68378
71337
113501
87487
112101
52413
38824
148696
83927
58296
58384
104468
32494
17543
24225
167342
81425
91473
141197
162926
136730
123407
41047
82872
23973
118710
84925
18534
148526
88768
167551
117744
26619
51764
152994
142975
110523
19156
133990
17699
76293
151107
117238
153525
163577
27365
5624
11622
80167
60117
149731
84148
28763
130274
128425
92766
140978
146716
57955
111338
52866
146416
118587
163913
17877
50055
7985
94192
23065
63243
75319
80884
78084
81615
168442
157217
18144
119220
26295
4411
83177
87272
52670
44013
147703
161392
2225
103552
99065
85424
167434
128965
111367
157791
27530
102695
159517
140763
80242
42006
139045
105765
5207
125274
103752
135142
72033
21691
105324
148971
39602
100570
102669
30800
4461
94693
140875
51238
129484
103653
146969
77212
121129
166891
80263
145877
93717
142905
39800
88789
114094
123213
159017
49603
135127
5194
32266
23674
131780
157994
135744
140383
122436
145557
156815
168464
117076
17531
59049
6621
55770
166395
60039
118429
38551
76237
32613
57161
131216
72815
40598
21255
21709
14495
11895
59999
128445
139764
36361
15285
75069
155270
52474
36942
103790
160370
37792
49549
118108
90167
168399
42168
157935
55379
142714
161902
14609
87214
159979
97107
155118
41220
14250
132678
100609
136816
22842
85530
19795
130323
8903
67732
152586
65730
8814
69807
21638
105366
132853
124903
33568
163486
604
102031
22854
11840
25351
54255
144780
1498
125983
162137
15971
4704
50411
33840
55536
56615
82410
64066
68628
141104
159637
21168
142121
9545
43978
58810
35662
94446
56459
160494
134416
48330
167104
152652
77598
72492
126759
89802
140649
164099
35729
107172
79316
62762
164244
72793
89606
9779
26462
65764
147826
136179
26245
61385
32837
55890
146034
110304
15430
86444
120817
97590
164451
41041
156737
40700
121464
6593
92871
162860
146370
122999
18633
69520
146744
74323
132983
83793
147066
162620
158358
128525
141852
147533
47147
132045
132737
68145
161375
102687
106233
81131
145615
111700
2104
9199
15685
49040
43571
93228
137316
151388
92581
32938
102574
58172
15945
50303
42045
150998
18663
134961
27910
30379
135257
118072
26916
60399
134099
130889
6934
68627
197
50934
3468
896
150277
37905
122644
70560
143589
103333
6582
106457
19137
51146
140334
145034
57101
129419
87893
144851
28246
4888
39388
120216
52824
108811
133053
86097
143060
125389
33500
100504
32843
33595
151317
323
147540
85246
32560
159387
70317
112803
50706
66904
135522
90436
9325
40162
132357
36440
146477
6337
76390
67449
21930
22101
17248
6656
141132
40413
145286
59612
168257
105055
31017
85552
43714
81610
33579
94677
71703
104086
145544
58220
88759
11953
87117
144208
134445
143089
106582
121955
8668
118722
76447
108484
2581
80594
230
87586
138461
156929
60712
105143
160234
119627
28591
11414
25781
40242
168972
119598
150573
9285
111091
28734
115802
84540
112143
81779
112884
123924
7269
75749
118380
13270
67559
91789
149426
87942
30928
1691
126040
58391
11949
8891
131213
49123
152373
149541
159787
16794
88064
1067
42253
44299
35613
7669
41735
83815
3564
3963
146724
100268
129444
63706
106850
94126
62750
3234
139437
11873
55942
125535
83536
6849
25949
150084
73483
126099
143157
89856
42408
157736
98315
100084
72527
147261
63504
8372
131878
5964
86954
131843
132998
30161
1687
83951
55033
94670
6084
161255
49880
62862
45028
35814
12323
124915
102801
158883
83399
99121
81756
44990
129955
29920
13335
107591
103477
35451
137285
78031
81845
32973
107582
11637
99951
132095
107028
26148
73778
42309
57343
2780
152562
133960
83550
103260
28101
104775
157472
158199
140974
103647
105629
33731
97710
161382
77540
138189
143448
3684
33013
70892
82707
15577
65460
10570
93035
93317
95003
164803
50686
152687
67182
47026
55051
164644
54879
153753
4307
95645
74503
74408
161749
29844
30474
153571
53989
83165
64790
151235
102777
73101
131368
153262
73867
1138
95512
179
85693
59220
82226
70901
41988
165937
114733
69007
36470
30169
20489
25577
37617
84908
87550
57619
106710
56994
65750
21783
28071
108722
121212
158007
45502
134683
87839
119489
55120
69551
96399
129906
95634
152978
164562
40483
17035
93911
679
103743
59773
33641
144350
166057
158104
126889
123846
1604
6340
15068
75498
118062
9654
142297
34310
49168
123155
22461
2653
10741
61839
15310
128204
136915
9014
86366
85108
66361
130234
15787
39008
73275
106107
60341
125678
122912
143990
129156
17118
62149
155561
42824
148932
127770
136397
151533
143719
50557
86425
126225
132902
158055
25384
27159
39296
45105
106283
72530
60757
70242
11656
112240
146247
129604
5047
25483
66778
25808
169215
69772
50143
60941
168218
106221
36659
116495
80403
26474
152789
16275
37253
143411
92042
29463
76591
166335
3456
69164
14348
141347
10989
103828
115261
48108
37615
40127
158139
50108
42376
62263
22264
20639
25323
168659
142060
141305
108634
135805
153080
99478
161202
22898
59699
112855
33576
49654
18074
118427
85941
97195
46597
45818
39307
88237
145105
102957
69564
8380
34904
110046
135962
131397
126121
160216
127481
43583
50254
37577
41051
85245
53471
100405
94971
120838
81107
59293
12311
48495
168079
112815
39665
60665
108805
161263
155838
15915
10683
46874
100738
110136
73587
86384
141319
92090
79608
95077
34191
165295
59932
26251
44291
40018
116050
92289
40109
108264
30503
2446
148804
134921
3141
23340
107030
60394
76368
30220
166245
19350
100090
10900
82822
52386
92545
130074
20932
90883
104347
135212
146066
36904
168307
135619
148564
139853
78574
49776
115041
137507
9913
68935
105548
44359
84831
32606
109551
70910
143769
120458
80681
98178
72601
8196
166393
46347
106830
26739
29002
163980
105435
129423
16013
40478
80584
102618
37720
99705
118071
43275
136013
12534
21200
100934
102287
40327
136664
98999
39137
99795
54429
115957
36184
56501
143538
15856
17540
135593
38809
138547
23868
80254
108711
18559
15371
76329
17602
3130
166802
85423
142554
38829
140597
84189
67326
60337
14975
85825
147088
8451
102157
40861
46550
96338
51328
99651
143174
110809
139109
15020
4990
168412
63402
39217
109908
147260
128136
136598
19992
60735
113873
445
145770
74723
143447
55235
148941
66013
77289
140804
156349
1406
51456
36205
138573
88221
120903
124274
160103
112506
146761
161015
31135
1508
129634
49503
9219
4210
37369
23937
42603
100317
53642
39613
84038
19517
164777
154528
168800
10035
77952
37965
143748
95904
146159
95208
78938
109023
49266
52827
93252
102441
87665
156183
67619
37584
38595
107995
135854
69104
13665
69695
68515
144187
29480
90686
123605
25734
8038
12047
10366
67554
168143
163078
133147
63444
30569
57813
127119
67784
152615
144849
43846
59657
33005
159798
23963
141739
80514
135449
4976
106569
131691
49904
119843
22342
159734
162209
3490
165834
32275
75509
7640
83797
60834
12811
80676
21404
12184
166639
64993
103996
135396
107020
131609
13367
30763
130280
127767
26140
157704
78088
77852
52579
101199
84934
152778
122346
158031
35162
165330
83727
97631
19596
148141
98369
49600
63112
151348
47501
109422
95910
1356
168710
42803
31430
14018
158616
52848
7701
58673
106539
104280
37347
136861
73462
142827
39765
40005
131395
147118
166359
103633
9609
48707
14963
22215
15031
83546
68379
117359
16269
73936
62441
131600
29973
113454
14947
145214
112445
138595
80106
106533
874
21305
87496
40989
115763
155896
24899
122948
30268
33233
2017
79122
114022
150613
104906
150898
166881
122112
135435
72939
23811
157696
23945
57907
124050
158190
17719
20124
103214
160753
109926
136325
124669
144917
93269
24825
22471
30769
15620
41062
72063
18527
157837
36893
5540
84775
143730
85045
27690
20186
122018
29086
52794
126140
163619
92040
8066
44538
98890
99015
35408
96093
43634
38543
45733
140929
88679
158707
150452
61774
123352
45461
86321
163066
108989
90711
96124
133596
160438
129380
167953
59008
59355
53864
33074
108729
93264
44771
46814
111345
14233
46502
111850
57835
20313
61365
120072
157726
5480
3841
50470
75873
152878
121919
36449
32977
150143
167260
45428
63954
7545
147366
124447
65197
74184
119109
15914
112466
68056
75128
35072
100103
99646
132486
11442
23149
74891
116637
108093
4743
99124
153470
136376
167419
144622
113186
29542
126694
140992
81137
106529
41252
98681
117327
101110
149042
80775
83047
91230
102231
74354
77416
65985
140675
113446
48065
110963
90999
133978
152366
125309
91437
150374
21649
18766
81281
142447
44981
22361
51461
135426
156769
22780
64864
63075
37858
2133
37231
128619
107924
103178
53485
146411
138242
144707
47178
6608
60176
66766
121574
44385
30521
25372
82386
154805
65387
36446
132378
5146
69617
162331
41462
24426
7964
17683
40240
75271
101527
77419
129381
37331
130792
142310
154437
156447
69651
159290
130801
60175
107742
107051
108938
58652
161412
41804
154427
28587
107131
14016
140768
139233
70012
67401
157327
139596
66959
63924
84168
126193
146870
67714
150346
142675
130105
27128
91734
167619
1983
15699
79975
124636
99917
141847
135782
36839
100193
150446
38566
35108
49333
47269
23273
77791
95579
18046
144105
133747
74794
163112
82905
117463
95373
39033
16946
104125
3501
160765
120112
106361
16984
20366
69906
3826
18522
167315
114081
131895
126348
8105
165784
154011
30788
123248
167661
163838
78440
87268
94671
60780
13988
67285
92837
113298
139514
10175
24976
49239
69643
7569
20128
92962
73925
50828
4223
147170
113089
129603
122932
88269
48680
77387
163529
68677
13147
127895
53079
124918
117412
37844
25152
101550
67599
147194
91226
110600
60497
160445
145529
116534
3460
124954
10583
128799
86946
109539
126083
89297
163680
144244
152699
122246
91592
76599
71108
115747
23577
63786
92657
150231
32306
159575
47102
56046
123192
91598
160043
86587
134056
61179
45273
36060
136083
168028
128948
67296
165313
27593
38385
41944
66907
126293
38889
147568
93382
97019
95784
155044
29938
43345
155077
117080
166521
71750
63991
117541
65808
164865
106754
25452
88723
113635
40383
58970
57634
12709
79844
48796
168265
75626
103773
10889
119421
10068
96000
39705
81052
155375
34882
145383
65732
97487
120820
117026
77752
71548
13450
135801
145121
76702
132149
162639
22912
77175
62090
165009
130666
99149
60640
92012
71443
129312
15128
168939
148875
105505
36769
164168
5571
86459
136510
36592
129555
152904
144989
77323
8841
46384
127315
129478
70792
44356
149305
68727
133448
96949
112713
95363
130923
20268
113853
9662
31431
20698
74841
101948
64605
97557
459
8803
52566
152840
38977
99976
42009
66725
151852
135692
156327
137269
93430
25200
128420
166413
101483
27336
17545
81769
23031
43792
117427
46027
25158
132647
120804
144912
52920
133020
97049
54657
50060
165711
37062
5388
69132
153169
126068
150674
48577
83217
122405
25874
5734
17441
49457
87811
40685
84322
31992
79022
72114
12187
166795
120649
103835
115091
126343
90724
24368
97007
146148
59112
138826
161434
97866
18507
50579
16319
60570
157614
150930
60674
16051
108889
79474
139976
30741
133512
47724
9223
41028
142734
27929
68564
91984
145280
85675
117242
121765
74847
18197
76069
127270
73661
95132
71550
85182
88
26972
168662
152448
46250
62141
20393
45377
76456
130038
112129
118247
142628
105884
102013
34390
14708
104912
50916
77016
34950
124370
63732
52453
31243
136391
126237
75554
22657
47599
34085
28771
28557
116339
25929
103041
168456
64992
126797
26989
156422
104467
107358
115517
111929
81097
104451
48348
125853
155391
106044
126458
141566
53173
149280
175
64609
107489
92070
96230
95618
68747
144073
38488
126642
99412
48277
58761
12595
116917
7402
140621
111930
52190
120660
94170
29608
157319
79210
83278
101861
161285
134191
31044
144155
64542
166326
44897
102771
64535
69894
97293
8838
53200
140000
165473
115452
116754
90027
11550
150215
140776
10620
74069
77256
76581
86152
94468
123595
138679
118322
119841
157871
30941
140532
35708
108222
23240
10325
133677
78447
60166
25420
155573
96153
81215
6696
94647
64330
12869
35465
127152
124477
114898
101400
69191
164830
156050
20951
27374
146961
2421
152736
136460
79308
83858
32462
108745
67054
130984
86712
55207
68027
48246
19628
119507
158432
166585
34775
35392
140803
158714
156225
151586
151368
106945
125384
59224
3532
74470
72699
113177
10340
45644
17931
153171
76284
167476
126418
36729
123321
105082
133194
115498
81049
107431
142810
133556
37105
101326
41748
61995
165764
92579
51755
86487
139963
54068
13952
30306
45486
135748
161179
113546
114414
80353
11121
27928
84754
10535
93990
93493
71509
3243
68148
9734
130768
46782
16678
77194
119768
62307
13286
48140
7057
6845
26219
117104
113805
116417
11244
37428
45191
51593
76002
28110
54518
56885
81228
137839
127067
27093
65524
22531
76378
114343
28681
76515
37260
130820
94869
47964
137513
3873
50444
11788
121599
114789
37817
88406
113662
86397
12036
72565
14105
140431
138946
126907
15986
9191
6157
115289
161793
62850
120590
117332
72548
49056
15321
6293
112598
149026
82043
149535
119388
116962
71121
33652
26409
167337
56529
144752
30420
11213
73860
128518
17532
169066
64189
58668
161128
99157
35538
52335
62453
18282
69245
108384
995
91492
59294
35842
89976
56233
143799
69788
56557
151124
26041
46784
106841
168121
52946
120654
114229
127278
24907
112425
116109
155468
106555
40925
145565
132976
82069
7280
88993
21954
49889
77271
46184
54123
7100
101192
161259
95223
116019
165318
43955
36720
150913
106068
68195
72623
109328
50095
93763
156033
70168
86967
116286
62350
151411
45454
101791
11937
155284
137650
49716
940
140871
106759
139894
53503
105902
160235
51895
80954
23468
59150
59603
32778
124896
124025
10955
154622
155422
136326
43003
101555
162520
108231
161424
71944
69166
54181
21311
69516
107456
124379
124199
142299
104099
131267
93463
16535
65858
52706
100426
115827
60879
105017
109456
63653
135961
82250
28982
96831
103819
151489
6631
130290
127535
47412
22937
9523
38946
114531
75590
70240
57332
135167
4051
164985
161332
39576
107192
141511
77457
33271
69026
27635
875
6562
41980
20169
66345
88800
46251
89080
72839
28007
167175
88339
134466
20476
124063
164429
109304
76869
81492
121387
153978
48953
5926
37671
150201
65029
9390
12954
126243
64062
97636
38343
157477
141868
61018
27418
6953
156457
157271
113904
166581
44704
163901
51559
73527
168595
122096
59386
2527
59626
105069
129353
9337
136110
163959
164933
34680
33680
143670
147611
4362
80045
108097
168766
149344
50875
1545
140852
133840
156252
18005
9358
126041
43782
89146
165334
8168
35279
99750
6963
45820
117139
56404
19439
6791
101484
99964
153095
123940
94488
135843
107395
95779
93160
81477
31972
93019
79133
131050
86885
83723
49955
161130
144186
108660
79140
153403
77668
147974
37273
145543
56911
90926
129007
134597
11056
165048
114280
161833
53043
94228
54907
139444
100127
168122
23681
167135
12252
130353
3282
2553
164816
129784
156940
82673
162050
156072
94897
114651
63982
10027
103033
118870
55973
64396
12232
132561
134648
164730
139978
84833
143196
167455
111832
9667
134395
82222
30128
161637
60982
101346
74859
75706
10179
41737
118499
6685
167930
134071
112420
151278
128925
71531
102573
111790
92426
75943
156289
162301
72943
2644
142922
74836
106035
155532
35427
14044
107095
61557
99142
26483
107230
124399
41705
66483
83086
9939
137692
83644
75086
122635
9072
82995
108445
93109
52843
14478
101721
8682
79274
122084
118150
60218
77167
75137
119378
151810
25953
100049
52224
77292
112611
1837
22576
124404
82885
130905
25821
35693
30475
118007
148223
31827
44823
44114
89828
146836
144829
25745
71420
106614
146835
25032
5165
10913
116877
6480
159968
50997
94022
12997
45854
12404
23658
145359
87764
14723
51095
57743
98156
73554
93719
30924
1941
137571
153385
57083
71260
35097
46799
145074
138526
20817
31635
115273
69652
150474
7619
1813
56771
100288
56299
152757
113233
12362
142492
41695
156316
161860
28987
96824
73000
111413
100501
112570
68203
22299
114101
66417
47492
149654
137533
154082
133999
33630
100081
18837
100083
23997
1266
63944
110197
25536
62213
9689
92949
143968
64697
65698
139993
155243
14617
75538
57373
79578
151570
108048
144541
168454
135855
10698
93289
158179
109867
162310
42657
158729
34784
103242
148963
102250
87498
128274
134392
27353
156180
73301
850
141900
147341
43894
135755
83910
52477
47952
30135
61217
12096
159155
112862
722
53595
122290
72882
106795
56035
126474
22004
1835
82491
114927
72732
81790
9310
106709
23541
104190
57102
140599
70348
113977
10653
83000
9215
135574
77164
5544
97626
132217
64969
76552
14999
3756
134087
5291
3708
9967
89639
67552
139684
18795
55470
132261
16049
17623
960
60219
98337
86838
98649
141869
161391
27716
88341
105410
72369
154633
1187
13651
101068
8443
51720
146733
121740
104992
128397
53236
131166
64170
102110
128566
81902
75140
87464
126133
65553
37520
49980
137991
120276
105767
80526
62860
16533
161563
68387
47109
86272
29997
74932
46564
147140
115031
67441
102362
781
101175
57024
129605
118669
125740
147008
160557
74742
6922
160689
53790
2998
52233
164923
111592
29598
143006
101811
46057
45784
97872
131114
119100
167211
102263
91752
34102
162557
40391
118100
61504
47130
116606
43490
6702
166040
77499
29017
31373
47914
128318
161544
57888
36166
18854
128567
25258
50697
116700
168998
34780
99241
108635
162873
10220
122665
86571
160410
148956
87319
14755
39065
139118
41691
95306
95219
55064
146398
19621
88157
85531
27373
143826
57370
21436
44095
134650
62157
89934
50755
165775
5937
128341
137050
49850
51815
87960
43222
52823
25467
62140
95717
95146
18201
5591
66897
112138
157463
50082
17408
95324
116440
40655
124178
104362
80247
150937
47836
47012
163799
132081
124552
11886
26180
3579
95801
82999
106771
157807
168739
151670
132250
107920
136829
155692
48049
71721
107801
79190
36453
5840
91846
136627
25500
69111
112095
32367
130169
22317
20072
79966
52055
164746
79859
135590
84731
16545
25958
154185
1943
138616
124192
4029
22982
66892
145911
160373
60298
56206
168244
104492
166981
145870
162047
126904
107808
61397
83699
149993
169024
53913
20084
64300
59213
99930
123553
99985
3624
145154
50397
9449
23964
21375
68187
107788
17024
59781
149125
6680
39440
46590
167206
57004
149902
159736
163603
82683
159826
73293
160908
87123
4415
56559
75729
158543
20276
97765
119320
58354
110844
91482
67555
136859
127510
106228
31436
94205
108076
48341
24477
17078
44199
50990
122893
111945
141650
149651
165771
45096
138140
138423
127501
12685
16727
90152
85734
62984
132727
111720
92710
29275
42549
13473
90376
37222
136584
58743
12735
122035
146939
51145
4706
19630
164096
136203
63907
82303
81799
59266
93800
108731
28705
45778
68100
54694
16642
14681
5915
81375
134731
74686
52896
59318
131251
93055
155372
35864
56005
125195
37988
15735
122826
153051
116054
75316
19662
113295
62479
43516
117770
72978
73944
49250
89582
66241
126420
35417
72780
95844
118979
29195
57881
45391
22316
10122
2989
10778
160231
16362
97899
73366
15447
30864
155942
121812
75205
152090
143637
87057
85931
122049
156816
8876
51424
50743
38064
21031
65391
126482
15664
91043
14773
20148
141012
16000
119326
57130
110636
89127
7239
69722
33645
49968
44487
5597
101053
72509
115292
81291
132314
121634
76813
163128
157540
54401
115139
54405
29443
110836
85864
79382
73821
23015
26121
95524
135685
32150
80860
133530
67427
41830
115142
146668
104694
17397
155713
69404
21178
33064
63292
162776
88576
3116
31923
32319
68381
76829
97975
84025
25848
11459
8686
32550
84895
11868
16878
7017
50025
113119
58312
30257
160726
30482
72926
135790
126202
74486
48965
149945
75190
83943
33754
22259
115938
130830
142327
117200
111282
118315
105
24927
162791
80989
3439
135821
149370
55146
125054
93131
35314
63820
52968
79924
24921
127997
128974
73236
168448
142916
152026
108351
86276
4065
76876
535
62165
17008
79719
155099
68136
48875
78042
109499
161078
124512
122222
82016
93633
139628
76558
149150
22190
138772
91031
95894
153563
46798
17450
128419
148781
65071
58620
125257
111079
90835
66330
73320
102081
89251
94483
123814
53063
167382
19965
151495
163761
168058
45678
79135
57182
157675
59304
126352
76422
17413
146800
5366
20907
151905
29155
10833
74240
19326
159838
128683
110001
29402
125152
79419
31735
37559
96107
69118
124009
152088
129535
108383
75161
22826
84574
67479
157938
28325
49921
76507
26741
47512
38794
103091
73355
163722
167558
65138
162830
100324
78559
51276
4361
110255
72711
25415
2148
12403
152059
47819
125610
92345
1101
15077
46125
100564
47307
50550
82933
11074
84748
11243
85979
124415
112192
55712
111271
49426
167804
111550
125463
156845
142216
131497
57261
159586
142013
23398
64194
169092
160508
137181
11100
34054
149988
70131
36716
24105
75953
131450
114222
112175
60581
71696
44838
84325
124031
159222
119182
16382
68178
38982
64097
119684
127026
163237
120498
155958
98807
85026
126528
22494
136707
24840
103565
50201
137756
58839
64744
127710
162173
124696
155770
158148
24050
74863
156106
24687
2738
31893
100604
109554
8172
136452
154022
37156
89656
129026
18153
53636
121685
137060
14104
40676
8802
119858
94289
14486
168093
44036
117302
98133
39911
97502
108130
162115
146997
119759
44229
158660
20389
101496
165050
642
46197
152260
114813
98129
19508
131282
85882
107420
87836
124639
2951
90226
55212
44820
123571
8427
125004
60876
30147
137579
167329
30267
42303
67147
73509
53515
41861
14211
12129
99791
16040
129632
20223
129721
123185
140654
152015
163097
130892
8059
346
148417
83487
115294
107617
158101
21216
116431
16030
164185
81229
54235
79674
70651
20236
42995
151617
8741
142087
118313
119864
62464
61078
7187
2129
21413
127547
66
41215
91924
72375
81879
139540
72096
54449
127965
28257
98489
15964
103975
80190
47699
163970
64508
165780
130006
117783
21903
40359
78961
44499
116979
110145
163174
108286
157918
132768
125174
148558
20658
34786
6752
152848
99423
157842
72772
56232
17780
115134
84968
1190
148536
128979
119486
121869
129695
53124
119676
2280
74396
33777
116746
150079
34072
33475
23265
29447
54863
112996
50618
119314
85814
50667
112418
102052
159495
121665
154045
113923
308
89658
118520
116330
15570
84001
139548
18799
78246
71879
38494
107946
159651
95260
132476
41757
93762
46823
105391
196
49257
161387
116698
100155
112936
24671
32995
53132
104532
38838
26705
66762
60000
14919
38081
108313
86720
140124
94273
48705
147586
148617
87021
48820
154432
53744
161611
8854
167682
31184
35688
118112
113201
143536
25283
142950
112002
123580
113081
9459
53032
93960
50962
84637
118690
45269
70433
44553
123005
150897
167433
65160
140328
38987
27596
79062
82843
19244
81400
44585
55778
42123
42086
64713
45137
46091
104241
118915
80390
28796
69761
148850
86573
34252
42565
49495
138851
98051
150975
123064
93533
82357
16601
3208
29393
148501
89915
136758
107583
90951
14828
126258
36272
32808
112066
108524
64899
168878
98438
41092
146132
133508
151327
152386
70035
78562
140700
142107
51034
81078
70888
10206
69948
119605
94600
38299
148105
162469
168499
23281
70058
85240
145063
162947
99887
105616
94651
127164
99849
151364
114375
29888
167555
168699
23667
149043
38154
14212
68708
46453
158809
99880
26561
65525
3332
39321
20483
21236
156643
14756
56244
26795
79069
67806
126134
66061
145352
119205
106699
107596
134866
122043
43432
117951
136827
35437
68748
130017
31310
132667
157456
95739
126050
20931
125319
109888
30385
135837
19614
6679
7046
124697
89926
38023
90214
168584
31455
122931
166918
78296
13668
105597
73743
89718
50136
124450
157250
10195
140681
127674
143702
154629
65910
70998
42726
107507
14411
50262
113643
144565
146009
164551
126834
144132
167093
89741
79869
149177
97839
53220
138449
95145
130873
1704
2853
162145
60568
19800
66416
156230
67850
127446
149571
107733
111226
121056
146580
73570
88746
131733
70824
159181
97477
142942
28211
157754
17079
52010
165776
121081
155306
100237
132788
131907
157006
20769
106576
92997
63857
93044
96268
151508
107036
136771
42486
132595
17018
109580
141008
20887
44288
132962
68706
112424
92018
19451
48717
152439
23645
117456
154700
96267
70791
53891
18475
18809
163027
166969
50378
59868
71805
92526
134223
9820
70503
135260
22398
77639
143631
72881
145456
94331
9858
84978
48647
62590
37486
130855
580
11314
167145
49210
125382
9682
104502
157619
6074
84123
138403
167742
15938
3350
68535
14393
56761
14602
20842
156476
50851
60511
163711
99289
55577
45762
134514
47048
114678
157437
111020
104116
67253
133828
92832
149928
107386
45795
149007
156271
39532
138738
62459
62770
14651
2259
23127
147231
43791
40554
100576
13670
140786
2632
18325
23243
5076
22685
28838
41784
154172
74669
35569
31267
131697
23185
7356
108232
2407
12375
68719
35378
147209
15297
24104
142344
93183
88753
40273
73518
28084
71081
135009
122470
141765
165090
122391
23356
158270
57522
11978
165298
125946
2270
66870
129749
91280
43537
9994
30215
10963
76346
111960
93373
56727
132805
19952
126703
19554
128391
133025
59272
25357
133683
32874
163763
72045
167966
109103
17227
4066
98753
57710
108758
36292
87478
148189
23302
28873
26382
99391
122051
82045
158126
34447
160512
76137
131861
113154
61680
130835
51359
119142
71605
41604
5281
10726
1695
125447
97613
70148
54260
158755
82916
45645
86547
49755
28123
24459
63492
104321
17809
12637
108486
105843
81891
140307
125741
155811
72794
151166
149863
140836
96434
47160
6194
128174
40002
74181
106928
11079
18071
53287
149704
92143
61328
30004
88825
123179
16925
30851
32795
127537
60776
52916
132155
130946
122002
157399
134339
159312
18256
2152
12000
33188
142190
77771
35552
13143
27878
100568
104721
27289
122482
49946
82221
97083
141911
141079
77261
10826
167695
49045
93827
3493
20555
62346
116596
83256
35391
145166
60955
76036
133215
118332
100992
53379
54953
163046
112747
134120
29126
104855
145551
133446
120100
114364
9039
92768
151567
123842
13413
21504
47200
153106
48331
39004
88281
63986
98355
38826
137242
65666
53215
142188
9773
151461
34170
40858
114727
125706
59642
145386
80784
61325
46000
47456
145797
37644
72705
111177
38518
48594
69181
51264
32058
44875
124910
12975
3796
51260
26416
15291
160691
27498
41325
166087
126356
53033
38171
149573
32676
39384
43085
96796
8950
54543
3029
123158
11176
69227
165586
92506
89704
151964
94396
149154
161885
67498
69624
23488
15578
96775
9064
70461
137117
105983
33014
41194
160109
104103
100265
45821
62
130597
69979
115278
119270
164699
134225
165061
157121
128565
45440
67345
104757
123579
49757
82592
153926
151711
143752
144385
75877
136931
161576
104130
594
124795
10873
68121
93886
167618
55505
71897
9179
89284
44497
91462
13682
44708
154991
115727
136100
41904
29586
53928
157759
38733
52338
10489
104470
163492
61502
72844
136120
1115
129951
89360
51526
22645
4688
140680
132241
43274
22139
22150
165896
75764
15924
17677
38959
88401
55434
87042
113436
4067
146501
34831
97052
87340
10490
6060
115539
62537
14709
166323
67874
11600
41208
54749
84958
5659
53072
153944
74717
129685
111538
1019
163909
123288
863
125461
141084
148631
156216
64278
5174
107711
23715
56052
154485
20060
57157
29227
153357
55046
2142
88209
126869
34531
145935
77408
56799
136786
71259
143998
55769
16492
14306
135337
47448
59032
61764
144204
72531
814
133260
116541
78174
32944
15591
97462
28959
66780
76896
104743
152028
87993
95678
33733
107627
139362
21785
116884
16463
33584
31993
127905
22954
114559
135853
85373
142086
28826
151440
109325
136796
3776
69441
124287
101675
81098
133163
79652
21276
78885
102186
78425
130451
34201
63427
16188
35361
14842
134845
78645
38364
84406
101107
122847
145279
147645
28700
52515
105978
159874
118343
153451
52863
19919
3492
77820
19917
133140
127401
133492
1114
154481
104710
104692
106915
163983
11439
64152
662
110151
121714
131281
140466
138978
118840
73514
146236
101216
81989
130842
134205
87189
26491
126844
43132
131755
163765
21525
169097
72784
44390
50296
57633
7842
19023
123810
102786
165136
75945
96954
45490
168632
42913
144251
163448
121370
165628
16652
140165
133849
108855
11376
126742
62568
112672
139687
90743
58538
140988
2916
49894
69035
153794
41725
5084
35821
12865
121078
111637
36645
44904
54331
71177
71753
88075
34997
63938
93356
147396
62333
81211
20861
69492
7546
61378
80759
121366
142276
157676
119589
105295
76349
121159
3517
15243
147766
116446
98087
73872
52451
71561
25520
141756
21107
142082
113388
142534
124749
15126
146382
55285
19367
28439
107546
160663
119128
60804
142243
91431
1533
136378
62178
97422
123477
35262
107935
107981
86
83871
42798
43063
142987
18562
81371
57586
140369
5459
136308
34244
55339
132668
139606
146279
136206
30948
21410
43402
20762
140958
137417
6502
133870
168505
18353
157021
114797
137301
147677
139114
123315
75063
110343
166118
14017
158016
127258
148947
160830
38149
112200
164733
141940
154229
162969
91931
62990
125597
113412
150873
144970
16487
149193
128100
121736
95100
64834
38694
21130
115575
76690
65832
74599
82842
7089
147593
15900
71492
123679
36280
140482
14142
167794
135179
154699
149278
40090
134098
42895
55183
10565
72294
103717
91240
9073
119354
122229
160632
131821
80935
40004
106450
16240
19499
149725
40209
16071
159111
18477
112404
47805
97170
56013
18569
69195
24433
90795
57675
128867
160845
80217
26887
21128
69223
151624
102100
168459
129018
141208
51786
158766
24335
144684
131156
21889
36652
46913
80054
11477
56601
166407
9583
56294
21845
117918
108738
142461
110346
48438
134873
24197
28689
34571
94513
54539
130204
141879
131016
48026
90207
144106
10886
107747
159843
138553
2773
78158
116662
38834
15222
73249
22151
11624
18460
101974
67701
152473
141445
144636
93041
89305
91866
112566
131862
135043
131198
96188
67733
19246
90968
79562
37287
324
65945
131875
61159
62338
92034
45732
150669
5635
163856
149376
41109
102264
115649
58310
77432
128129
124225
61792
121793
13227
142408
87656
7147
151675
94352
11751
92307
13934
159277
98916
95274
84364
20517
56171
67647
147012
29429
109419
7369
143725
8661
127207
89922
32881
141769
92309
122526
16893
28187
108671
40818
125953
18387
55277
24367
134482
69454
102914
117606
41094
136231
159744
142672
152969
40511
63690
12005
26194
36098
47301
95789
88047
56198
54433
9512
38251
14336
127908
167939
41794
104216
140682
34324
138750
102289
56094
151924
70223
47557
57866
131687
46085
155139
147373
12762
21991
166834
146809
80154
76470
139078
152849
96606
129085
90110
153179
142795
73825
131505
45574
85738
60242
116155
76161
90173
134815
2283
159530
72922
135652
38414
163376
59700
98109
152048
33966
10449
19757
138724
100709
154814
28775
87000
128281
20244
19695
20288
80915
69338
88313
27344
150641
144321
55399
140764
18416
113381
1946
141725
33054
117420
156140
159451
155165
13297
7415
128798
12822
54950
37760
158301
146120
147827
111295
36777
39327
113229
123231
91287
136144
89141
17740
127721
142792
21465
57722
168319
118809
134244
97507
16183
65948
101178
19135
118845
58534
87557
31692
72067
142763
78911
160518
112588
133892
39884
155131
95268
92205
20587
42288
23948
117288
68968
160420
23201
43959
5957
119820
88745
114463
139100
116123
25900
163660
54438
91157
158861
158781
157109
148030
133099
161024
124250
103502
21445
21103
4255
130526
143564
10666
1049
72504
63948
87823
16600
64500
34262
59620
86005
44347
8366
82137
71215
46840
23561
23697
16105
114545
163360
78668
35686
13439
94460
133369
55267
49193
64702
29665
148924
154898
150562
109114
141757
60029
162041
30015
136281
43536
1810
16693
57705
66864
156378
13362
117251
119233
141386
167591
64629
137358
16260
29380
37738
17190
31793
119908
1534
25996
6532
66589
68333
100455
106267
41009
12170
56847
51692
59878
158371
131894
1865
11538
105770
127610
151419
166962
44000
97453
74062
35571
43232
155822
24743
6822
153496
74252
67151
66537
82993
133019
137089
167779
106039
13715
110546
64913
12648
33596
99756
111312
74594
88848
13082
164047
166176
4714
49177
165651
59851
30752
89709
150073
46652
23456
148392
129567
160822
165448
100548
113358
159084
168126
127836
117973
3828
74238
119875
90821
94630
100551
134504
169125
34181
167649
147550
141087
109796
47771
43838
13756
25243
1738
111156
144451
80723
117372
94582
104780
166183
52227
45185
62985
4068
86003
34492
144679
128636
167597
67333
165782
69134
21021
95838
48170
139690
44636
29606
38092
101568
159569
28436
149389
27768
151554
138135
93014
49580
147455
108797
135818
91155
165379
83229
95397
5978
164587
35717
127018
90399
161570
133262
18658
144125
167543
120519
54969
85641
166354
5850
43860
61230
155504
106711
117396
109184
89098
108301
135487
72376
59547
61252
162441
22437
140673
41364
31162
75781
154230
157035
121087
74455
108410
119126
101383
89805
129977
147002
127998
24940
4674
43234
153199
46231
21301
136701
5037
86287
17306
157443
133084
123582
1419
77501
163252
152320
68005
67938
68479
21457
86274
14416
34697
72707
86958
137913
37128
66493
79458
3498
102795
51298
153457
63462
152147
127327
69919
95777
101487
144915
113580
109971
146865
77107
105147
111577
50774
37993
56354
138127
84233
120460
71706
150260
33796
100073
86777
153779
93300
81638
113115
154196
112622
49642
145552
96783
62450
36030
31781
40457
149261
24154
621
143729
132426
68236
120566
67430
60842
144169
128640
133921
143946
108924
117184
131580
17187
12839
142085
39048
71470
158435
163744
14448
72845
92482
118365
23139
91107
60472
22005
127658
124128
70725
28340
164939
29633
98708
167616
6659
49034
74478
139938
53593
101305
130968
160629
78125
67755
17244
23040
116638
144116
65756
129867
46766
138829
96655
13430
102235
134508
127910
41389
31097
127868
2205
81885
160700
54244
98707
154364
37603
89478
37292
1313
40517
63306
114249
5243
45119
56959
95638
14981
101692
132566
143750
87001
54667
52354
118653
110843
26802
89605
61761
56481
167691
37235
134956
157500
106672
145443
63380
23007
61405
147253
2191
35561
18180
109436
73133
78380
22654
111956
43122
11217
130356
87990
41359
128911
66011
8119
162083
134844
39026
129127
122824
50102
112799
52031
125404
137336
96461
52757
106140
51069
129944
133259
53824
106229
87365
92013
94276
51326
160847
109993
137147
36499
151137
112729
74560
3274
118064
45811
80670
113746
419
31752
64833
8466
142174
153359
138584
55510
108556
88611
120305
77125
154857
18424
145198
92469
16185
24108
55141
66368
6533
70103
116818
48933
153210
163557
127948
77320
97764
58233
60361
131679
168496
150955
96847
466
151099
130009
95204
11167
82848
92561
159140
93521
11991
5358
31582
45030
49687
142335
137072
67568
15601
71592
132229
139654
89955
51184
25330
83167
47912
79914
15942
78976
74099
72550
75062
136648
56204
36480
61598
150197
123049
104695
107232
29689
132638
44018
24001
45336
22333
47485
13319
9911
92446
15975
93955
18412
54660
138284
29547
121649
78966
62119
43716
72384
71278
37447
46853
167749
8318
2078
5608
161555
23657
121861
49468
50231
38142
168419
39274
3731
113774
143587
151568
63596
124475
62139
123169
57041
5991
111417
124895
114787
129024
161954
45870
26476
34248
25254
107637
163259
165217
156587
144346
30737
2999
84013
132969
149326
146000
98012
65007
32737
117233
64773
10627
92845
31885
43825
148137
127526
42220
55669
142727
23557
29482
141006
70972
39834
124715
31464
85426
103321
48503
69893
142374
5851
115712
12077
117638
8535
113326
26333
158461
39680
8123
34241
120339
155058
72833
60462
41391
105949
51906
90959
117468
60993
18728
32118
37811
124386
105952
107842
70522
156836
88429
168880
37176
59980
165971
26922
102295
106907
30994
159659
88248
122188
20097
137161
106184
113225
79323
56509
23954
128196
169081
20758
157011
24479
101991
43768
48006
137482
28883
36137
45976
98499
160330
64898
116397
116196
168991
121192
3987
96342
124928
98030
74522
140498
59431
7697
48338
556
72662
67408
127356
110450
145181
65904
20516
81423
164063
150526
21540
22405
34617
17764
105735
67785
11729
13827
2128
28774
102743
97517
118406
78203
46612
25061
165740
137672
69466
113659
5050
2706
145918
72762
84420
25549
84053
69037
129766
124951
157340
82571
115281
139274
61244
86426
17167
149995
62180
151589
60877
123610
142954
73209
167604
104457
71831
122704
24396
120202
154231
3961
44814
123654
103287
29694
58653
156702
140676
62477
105904
85273
145346
123618
42554
121958
113751
56195
68638
56283
12996
1562
95907
73349
105116
96955
105781
71881
83219
120832
55474
110640
49653
86542
148458
44581
88558
84202
75034
4249
4860
83444
77854
30211
165151
29089
37203
34298
19043
148748
3337
120403
41895
113285
132583
160712
107578
105130
151444
169168
149104
79611
111570
88398
43511
101895
41328
68983
16542
117895
77429
160651
142826
129208
82982
137281
137428
123327
21150
124295
38998
47058
42760
44064
150871
35646
37390
30059
101718
99690
62016
19249
125936
124977
37386
50512
151000
104938
37335
27885
49311
14788
47262
114574
115952
80823
135176
22754
63701
50595
146893
116989
133731
57995
126563
69648
65900
151616
15984
167891
39968
158841
103190
77807
18643
22612
13698
89618
113886
21437
45478
59040
32715
32377
45217
136729
25234
11175
116149
136221
136921
1751
28990
6269
21186
82391
25071
104121
5550
87422
15623
53009
38689
71189
146634
99713
133133
25209
53905
3330
113246
87668
17573
137937
118572
84661
121702
154540
126370
156989
58262
48599
108913
141489
120762
79111
79055
14984
21020
141908
59153
59807
38177
2297
25621
149544
125627
101626
18129
119299
109670
129074
164628
20208
153998
127227
57225
140749
38042
129268
113859
141930
34410
62625
138891
51399
149659
34473
19908
133911
118124
111093
31850
17765
25396
25516
15783
145806
104072
130548
127914
147961
142260
150699
32501
149097
57298
83769
4052
160071
128838
58655
102215
168807
163538
127038
14604
150966
58122
5163
92383
26238
164460
22141
22844
20427
163790
143135
118936
136944
16777
54648
100542
6850
117617
98032
153453
167807
107837
123932
45697
92224
42863
30394
43760
143825
166978
40968
167652
88146
86598
73775
150549
125076
48138
161003
66231
99339
136495
91068
123323
31279
94750
23709
60490
132400
46447
8241
143941
27369
135303
162243
38289
79480
42859
65800
25959
149648
102917
35089
128481
107434
109591
163345
140774
67076
106015
57890
43908
81988
66469
115172
153732
36706
57239
33403
60926
14420
116533
72388
150607
116263
93698
85031
19247
66587
27040
98234
89623
93781
4096
119744
56132
1674
22492
143185
40227
75867
97829
83989
104314
48862
64205
169248
28836
93690
139717
71710
99282
96464
20147
105576
136615
125939
123851
115690
151115
104328
100199
92534
76476
40434
58737
123322
101066
13259
37994
13202
167715
154224
109647
58613
32956
93458
26604
33495
138226
19564
17335
20299
116208
25604
73057
29494
63400
35412
55958
120884
97694
26622
94169
139467
25063
31817
73322
137271
68757
75869
26759
77190
160273
29867
142613
48329
117275
71951
139236
41765
89449
15955
75260
126999
150427
40064
83053
21941
32312
87424
80840
67029
837
92272
97119
86756
9563
88945
73203
121788
155293
84780
103663
39564
121184
75061
147688
111059
41975
20847
36344
62896
34949
13158
8499
144558
8184
160699
31418
39810
13574
2897
37999
98373
155260
15099
4547
168150
60473
112054
84463
163018
8342
124010
151082
134019
77095
154209
28761
9894
128223
110768
9956
103184
87850
67503
116753
63216
17196
130559
161441
150172
10385
27363
51024
116729
60327
84920
147084
81643
106121
133200
15628
2442
59588
166295
54425
113251
58902
108154
106312
146856
133949
93877
164635
58621
90705
85593
63482
83092
118833
149070
89386
148584
3931
37680
36071
55445
134354
86059
82783
7054
113996
71520
7434
27757
1959
159006
95746
21585
105111
158407
108994
59356
126895
45006
167746
21392
38749
46390
23166
92201
65528
114490
70865
77955
157505
83116
99822
100298
37393
156006
90137
7405
6035
101952
27684
125933
21192
136116
130198
138933
129257
149235
11928
107453
158311
116568
8440
126367
31349
16609
49033
92498
130476
68253
74217
375
90148
120491
50951
154118
107210
111611
94428
99623
147162
35504
136976
68622
165959
79086
71342
20274
27996
101508
132907
15545
46904
88354
135202
37624
91171
68200
91990
132308
89821
88703
154885
124317
132362
59982
145260
103824
31944
80163
28583
89199
116965
98505
127300
116602
63116
14048
22389
145467
168667
133415
82091
1418
65907
136841
39126
88283
85720
146739
84341
85947
84250
141939
153822
161054
36138
97876
115944
143924
16168
21056
44600
65734
68617
90466
29292
123739
161816
57991
125124
138173
78994
86467
72605
53197
144685
21115
163013
85838
2068
84813
116722
60422
55148
5744
126473
22511
1180
110509
152770
125680
137690
339
84350
91573
117600
94303
82093
49367
149508
59359
11876
24324
48273
15123
16213
79088
33926
165471
24186
132926
107193
129363
105476
9472
60261
160538
76269
159711
16452
28389
25166
79450
81637
122747
139819
59201
35720
52992
135215
36715
147652
117999
87079
49380
63679
131104
140636
35498
100596
36040
65897
111640
9432
106881
46134
44742
158962
15098
10241
106862
86357
32596
131427
37494
2126
19192
88648
87152
147023
87886
125177
53617
67811
42313
49738
80725
37963
18093
6193
118192
145247
148376
132110
141992
114209
115488
399
81780
9026
64185
130381
53378
5085
45843
143648
23629
43334
111834
15711
159178
51113
81838
68575
12373
79059
100666
19546
129656
67083
83452
153118
15384
32574
25786
53754
162426
19697
33212
79991
62183
165436
140303
165856
167905
93106
39858
93278
156534
47768
146077
278
160497
19785
59419
32478
94726
21838
17120
48471
94636
167478
37699
90981
74554
162054
104412
51760
126375
166601
150821
116213
66584
70529
124849
157957
53420
54008
57823
65496
53268
42310
38015
18989
113911
119594
73654
82290
689
31627
79829
34881
78163
111118
85300
149454
109131
33610
23673
34857
134592
109091
161693
122684
9393
121627
75558
165397
101793
91401
54428
63658
116623
97088
3417
660
1052
82981
86607
57543
54393
9902
128332
38939
115972
86594
115584
25319
30936
53279
95018
143009
48080
336
68302
19841
144930
145135
141762
4801
18506
158505
154059
82099
45992
14432
153844
68682
95315
99388
9968
58975
