23126
19660
129698
96496
83200
25024
18873
77807
154048
18647
42036
10077
31969
130246
135436
54991
95803
36928
51394
115001
138016
148533
22386
43541
79274
140440
141046
37052
159515
154907
126147
84460
117321
35446
115838
105648
158076
133275
69959
28753
158653
63517
152185
120993
138226
20138
40134
92639
50764
16075
12192
118220
18885
114502
65839
45118
84773
93784
167315
114407
4865
90356
52960
36806
107125
70909
108410
67203
72102
49771
74514
150081
4504
119852
140913
43269
74306
158508
30372
58822
43221
10818
109944
104544
108170
35108
13864
99072
113889
105314
162443
168981
111384
62405
135377
125434
38018
112323
35788
154438
110946
123991
21412
13968
55144
54660
120425
129775
117197
101598
147786
116599
18329
2903
44742
78364
65105
70206
140293
18038
79605
70555
131790
49703
102709
37017
55028
29127
52199
109742
2415
24005
118789
163074
129181
13226
78437
86886
1438
144643
169178
17161
106116
69440
137951
160998
150278
103667
14452
45441
168181
116229
106807
11440
43987
17479
52188
94374
33785
113222
102141
26999
1554
1497
65810
73473
8627
145052
69223
57893
160862
67692
91309
44236
111643
118363
137251
93826
142697
32031
3430
113603
77032
148989
38840
69883
116982
6120
30761
13722
60899
117440
24423
84946
4281
16743
75096
102366
76874
71452
15839
96019
6960
19086
52491
121035
144758
13367
55956
76865
7178
155848
68717
88703
88765
140019
164543
95787
16630
15039
84345
81220
65586
108118
65226
3740
123269
89356
117965
102820
80116
58329
92015
36501
113231
168582
21944
143388
102160
52945
123220
40416
132308
85102
90304
122984
64959
50045
1112
1258
146775
158188
64405
51749
140055
39528
49472
41219
46988
18239
7840
113449
109932
51150
73281
84081
138876
163531
114937
37434
147522
101873
66829
67074
153645
76801
134409
48816
37754
138241
2865
156765
33444
81943
143193
108748
77178
89790
109126
72066
53351
78419
136431
62390
48480
435
37341
20863
72746
11679
8772
49710
45505
52088
64611
54491
118194
26607
135671
128517
31832
153290
125474
66121
160649
66433
98685
90639
98444
21785
66098
66242
63692
89770
51100
39472
1010
91324
32306
162637
23419
93707
54533
63649
61317
118990
2245
15905
24756
145392
161542
97350
130772
47315
7080
102722
129947
25814
125505
35449
92805
51193
18869
143470
143739
85420
1448
140403
14693
90273
1844
451
115251
21503
142356
98991
70015
61429
110698
139450
98080
54956
97514
141985
79502
30902
15558
89923
68731
143953
80088
73797
59811
38468
28139
93150
82322
159188
44309
114717
24898
27449
111138
21541
78626
89600
153131
136225
88719
126980
79466
76155
34652
98449
137880
43906
53873
91815
138478
156622
114818
74822
37408
144090
140518
68183
1461
71714
137252
94971
155245
49023
161474
93838
155840
96596
7830
3457
13643
19973
73983
90843
56739
103498
61073
36920
105852
43601
4383
56851
166753
82877
28730
38851
97654
5942
161696
61443
168236
167055
1984
119237
60864
57275
93236
38182
146577
56253
30108
60307
122024
138018
55313
90202
97697
67060
110566
78690
11057
24128
73562
168780
129092
74380
132973
78352
42275
102876
50942
96716
116474
56618
95104
132268
12902
154642
13900
26614
161411
16366
6481
71156
112029
33087
138989
132382
77714
55358
150367
146652
23111
24642
22820
7476
113329
151984
103953
82961
122272
132673
110307
38557
48957
50894
158651
71814
144991
74540
21440
98786
106651
80792
153016
158952
52567
97361
40042
160011
10774
64937
84754
92779
113685
17203
77232
51085
61220
139170
16707
114500
81622
61823
125451
65015
141436
34066
150418
28174
103263
70326
131011
130097
80219
116354
109675
76624
58044
122361
39361
69985
89323
35595
31004
165085
47442
145364
128711
82950
11845
74966
28076
6332
164395
143882
80420
4514
97590
155379
93478
84999
22166
50877
26952
9079
96148
67694
18854
135574
6748
68906
112525
59910
124874
26909
140271
31949
11118
58236
107974
118147
75778
113960
128329
101377
102255
161335
51179
83415
1988
95904
121401
33599
150572
149849
37065
84074
167796
130101
68838
127033
160100
135025
26739
83507
33176
113187
163914
24630
136564
167975
118452
151416
33220
43754
158417
144075
100406
133216
132032
34988
108225
164632
167314
130256
118577
151540
159729
11328
52855
10821
110680
119020
38241
94297
144175
55663
111657
85898
28747
11530
62635
159044
145104
110110
48498
158821
6847
85969
139800
104258
139403
147935
92892
72620
66183
115491
133370
49619
91895
334
5574
80249
125157
156383
80209
17176
74852
50042
154862
140776
117061
155880
90364
27522
112993
44211
105980
35327
11704
30051
166908
144875
115992
66800
127080
113077
9913
97785
53882
101130
126012
6350
121966
43800
140451
673
103556
60737
79349
73321
73391
5310
22616
10739
67078
157912
80964
112171
73273
135492
124804
96267
149712
80819
28260
28240
19568
146553
46492
147336
111975
40880
22606
130493
123136
99304
96408
125647
22716
5070
126591
32801
43444
151713
24263
115826
12013
157987
91565
137521
149298
103958
151050
136779
23608
63387
1093
29711
39612
39977
108302
1250
31749
118687
167587
147020
84689
59949
133924
71035
35373
143918
94207
26583
111254
104033
38136
82831
70868
132175
121778
100535
123278
12100
35065
45180
77086
11137
166810
39942
45212
112621
33145
154100
9329
43141
91853
119636
98150
102553
127622
120551
101164
145535
86358
51066
89726
128689
1011
43250
26200
1185
20586
30574
44287
72306
128567
39266
1923
85686
39004
7233
87465
89176
119635
156827
143915
65303
12392
106298
150990
143398
10703
44704
56922
59062
38708
22026
144792
101558
57872
126560
59918
107622
42131
30805
7497
58392
18771
103271
34258
148623
10505
49740
151246
1493
168085
96457
50635
92845
93728
123138
161526
16223
31798
31825
103576
124656
157750
165883
414
122489
26913
160616
15634
23838
73753
21674
165370
59979
69259
88185
128006
125013
60519
94543
118629
152558
41245
120690
165583
4626
36438
160392
50797
35622
51069
133257
14619
165838
95647
75205
28010
147567
123118
112269
15375
71099
52705
81083
25047
33889
34922
134661
72833
19457
1494
104977
52984
117862
56591
148439
55844
129082
63768
15740
131591
126325
80081
98062
115504
124131
150186
22430
166734
22086
98008
159364
59790
104991
59856
20813
68988
3716
9764
35089
97587
40640
90336
148095
92695
81650
156360
32707
136364
74669
51935
143723
29524
23087
114256
22926
165712
59627
164299
99413
100411
150500
116649
136354
164039
44938
53196
142177
89784
108069
75440
130832
68826
5387
34904
144356
71160
87567
147022
11579
123263
11126
73596
5562
7338
157292
58958
142449
107720
118453
164492
42912
79892
165357
22625
9964
48864
25133
104403
41681
15749
97442
82011
162586
148290
153001
144134
134401
67102
159094
155
149116
141546
116473
79065
68428
74068
114234
28857
77814
41020
105381
101134
24799
157197
12064
136581
102492
42862
104684
54882
160829
47066
123048
43942
107689
27276
64860
39023
72408
95893
102565
137679
167159
150723
134856
146707
143669
10071
164676
4173
82601
93579
86575
167250
28470
97189
38885
36623
167104
58260
86289
60527
105376
114508
107910
16320
40283
66409
168373
142979
154894
11713
7244
129613
116298
32288
147288
69416
127310
89515
63353
156646
129938
44251
27439
137333
22428
93688
98636
24284
35308
49039
80008
167753
162817
108438
137735
32432
109101
124407
111854
99970
134987
89319
169228
148232
166727
147055
121037
144877
94478
14978
148615
124766
86518
106823
141764
17717
47626
33977
142763
90632
75256
101836
43129
104910
41788
50449
143773
92976
55103
115121
29770
18476
8047
53888
102121
110590
147292
6787
120054
43638
82562
1247
36090
46431
137254
98481
161105
25236
125285
163524
113137
19149
162065
12709
51548
160856
156147
101182
68028
134835
149820
130157
139876
48330
66393
161252
10968
146896
21221
105227
7111
150693
47283
124840
102298
152490
88944
26899
29279
55239
26729
68650
57094
7871
58438
141876
106673
66747
111196
17131
65330
49396
25548
32629
114175
51579
102698
71646
134806
53603
88195
71774
152690
34530
147852
63475
163015
99669
104242
115660
152523
63706
66021
56244
110265
2571
157650
124413
106183
118006
63000
75769
151141
6998
45943
88136
53072
141747
34903
133743
109481
145379
54006
83166
92267
134322
22841
32809
120933
46641
118627
17227
67022
146331
154436
20224
59468
133173
50283
85894
46262
71380
61236
159930
135404
18431
134564
100124
121965
26591
70809
54921
163950
125467
125352
50147
3784
133483
124515
30100
142201
155967
28890
56267
56937
17466
145285
108324
22546
102998
137296
151785
152852
158926
94615
39136
131553
53166
142360
4107
152548
103292
13380
130747
146167
82196
120300
147997
149201
58700
15065
9785
148835
93379
51306
121220
40909
126096
84849
127486
112691
52286
31244
28345
7958
68571
53170
126110
32493
35137
105744
55769
132265
151966
26137
16374
162060
108462
20835
74379
162949
12822
143768
135708
136817
45159
7728
64464
122238
84781
69726
126311
163824
26074
121796
15843
40750
84662
91934
37942
53844
103558
100121
2763
156491
47125
126791
154935
50438
33339
30782
12887
125155
10014
145390
28268
72940
80349
68233
141283
62068
85738
133384
159345
65386
151723
25463
72543
69744
54427
163965
166199
25309
557
82079
81466
120651
118612
64205
133700
46042
124696
10388
808
24691
102283
37358
10340
51084
139896
49353
151587
96603
91290
18125
151251
16498
158899
147392
72077
17061
145899
61187
15174
15298
72706
85695
69467
42304
10630
73170
152042
15
144117
150042
95034
64195
125469
28487
20248
147226
125548
95041
100506
151186
49743
146465
47949
59746
31740
39431
97652
133248
75977
47241
158338
55121
18662
162229
64688
112407
115526
128665
124698
158610
148589
21952
134406
89119
91404
98089
16979
1679
108951
127453
28432
55997
77468
105007
96844
110990
83500
101481
70244
74370
94162
68925
164536
19112
90041
134549
3124
157139
133718
106143
137629
1218
127673
47484
164698
154172
47340
59710
41667
71964
46936
8447
41177
99834
144436
124074
101363
165197
103330
43000
163368
110647
24130
109177
8840
100536
96707
63087
4194
34754
114366
84976
152492
132336
158252
112947
86983
104988
5842
39349
31645
102937
117620
104733
121363
122274
96378
109121
122345
88079
61438
147789
40067
149103
25099
45957
87657
169269
89251
15003
9711
79086
99855
124535
155242
102940
50852
90250
90302
156932
164315
169271
74843
93004
116184
104912
1091
52465
48770
70599
64039
79873
146043
158319
25064
37360
48598
116704
125795
34953
107887
34606
108026
133467
80200
164353
77829
73960
152772
166571
29727
138
9098
150559
87658
104629
98827
89397
4093
13301
73818
57657
117949
162219
140847
116893
20441
127593
116070
66757
52163
14013
62668
110670
30052
52993
39180
107718
34422
57179
31943
96660
68191
146200
37167
65953
158987
70682
3076
126734
168946
130300
11131
102149
136523
119912
112352
163973
280
11647
88406
7726
105632
63948
80197
122719
35633
10887
50322
99445
14345
101397
129301
20402
9891
126835
129155
5692
118943
102022
118542
24381
7989
24038
88232
21905
88899
162904
61340
75471
161561
37084
46357
118191
15313
17620
156771
161948
92670
6079
50252
115512
47542
144801
16595
99551
159619
57802
68072
165956
139165
74911
54810
67676
78375
38006
168747
76603
164582
139455
71760
86091
100098
113460
131865
102531
2892
85563
143881
36390
84426
166116
115580
85647
33069
76749
33685
16540
148901
85099
129267
45881
57742
167829
82365
54552
62190
124058
4487
110789
102616
161729
142953
14463
157445
85716
69363
103206
128863
111951
140647
94058
69276
133484
21949
90240
23253
45399
16528
86601
46889
21593
132576
899
118804
76390
17053
116875
119696
117158
71854
41526
158047
28691
109255
168639
121273
2382
112637
148571
103654
85405
51087
127290
36278
9056
18011
80439
9487
122203
42362
25764
115599
94931
67128
31204
159464
59920
95506
152775
128989
47521
87595
111238
35038
81568
136368
27329
18093
142016
37215
165939
110856
106616
107502
145319
87859
107634
122444
121709
89589
137778
15152
48909
45249
150575
144522
11266
4433
72106
65763
101544
129391
45432
45670
135883
38041
97014
116437
113391
77800
165848
10961
139428
108028
123916
38987
34047
127568
92638
136174
14369
144779
160957
32112
152638
90590
64592
24888
162432
159835
112928
63462
135215
12459
148094
34294
6730
45308
134647
156407
71244
76258
90381
564
35545
105110
93885
124489
50671
28877
150709
34985
74794
109710
100744
39903
2040
168822
90729
7120
99641
111128
160606
30138
84364
77471
18645
82758
47020
108002
82373
113558
57081
119172
24537
137460
66628
14953
44741
134452
139666
108920
26748
94368
111699
58386
90203
75513
54588
95887
41473
118181
15172
101930
162756
161645
41247
86260
91322
124402
26526
144450
42582
30945
68835
113206
15867
30686
116324
55036
12038
132763
69140
162561
114274
46217
70861
164217
96829
103704
115120
168157
35241
7176
34920
33106
154120
74576
147492
149142
89815
118592
84294
161524
118807
93263
45385
4310
10670
152611
90850
63648
142643
33479
168987
33658
138898
62372
120959
42577
29775
148524
126884
49407
50986
76251
79029
22762
116078
102805
3990
12737
35371
98096
137451
115522
152422
58439
147606
164075
61670
161303
69826
96115
75006
67619
162394
142069
5397
41954
153787
44787
40422
144889
117597
27381
77766
43738
43360
29886
65191
109646
166648
139463
156670
88278
87557
30708
46353
57370
77685
158599
129001
169221
75385
95096
113719
100988
89098
114512
85145
55242
69329
150670
112245
16776
91778
25083
41425
87714
51657
150957
97594
122791
144755
64164
61085
130034
153284
133471
28092
156450
24068
24237
86874
70128
128307
132601
53412
32022
17414
113860
145685
59086
98769
117046
28303
26859
56249
4896
65241
2452
71409
47787
157904
68282
133154
53330
102687
141084
153716
113265
109187
156828
43376
134076
114391
1337
9560
126178
117029
104209
10456
164146
153329
12760
72473
145023
121128
111278
147604
90789
1397
162363
80616
72374
34690
90050
95204
135107
18517
29919
97965
140863
111364
72250
10820
133519
166017
12499
99837
43816
106257
105049
33481
9546
47558
13277
94241
72044
58036
26418
106038
21981
152851
136645
4401
80575
141777
100657
167473
156811
6805
89764
135116
20329
96397
22591
18671
155683
50709
49993
59231
154780
119769
52619
160526
102840
16765
69696
40384
41598
140559
76081
76123
3804
138446
81430
16525
138326
26997
163503
22623
167955
76502
38980
71412
66862
112838
56631
135926
49943
44708
147975
149747
149505
81465
144580
116699
79770
56918
63671
73523
85184
128301
99483
127330
91854
73869
20374
136872
101383
47444
46974
756
65328
6308
90090
108893
160663
151621
57614
101663
151995
52473
6095
39567
135625
168579
88910
48535
65098
157335
116156
23666
56013
35600
114435
107680
89999
131417
63908
71181
78094
34842
153487
40344
8629
43501
33271
115672
10580
72553
120390
17210
119067
56604
67929
3770
28874
136605
47793
104868
109892
96913
39067
9745
153165
157887
168979
63338
112105
82181
24090
20749
105701
146095
79227
68333
9157
90450
67776
23328
99373
142106
143571
86990
9331
161279
39947
87536
71194
3511
128840
95782
12808
37714
152760
91865
93148
50074
18629
47971
83558
64534
52189
159273
29011
104807
25295
42851
62229
152990
29063
154765
93395
64495
133982
96650
16012
141281
150230
115656
19358
114425
119174
138634
118899
77040
159824
43563
168689
61387
52008
124262
22851
94756
133680
74768
56099
124468
109262
104858
162353
3163
97075
139497
111715
93893
14592
140507
19965
151272
157525
80895
74309
35172
103746
93200
31917
132833
43077
139724
8992
2172
106304
4537
106504
169199
103214
119460
5421
119072
10428
128757
80408
5720
20464
15321
76827
35754
43569
76253
40603
123996
74642
83126
84303
17588
115746
92042
40943
103455
67007
106446
152878
62506
87149
104051
11751
137807
54790
3483
103993
61472
108236
63661
88762
137771
87671
65333
168586
158403
79321
33866
77576
11665
59011
136801
52709
43805
129477
1105
122857
62692
72148
35834
34958
117505
163674
102695
92002
117089
118171
84422
114704
164549
100114
70785
39385
159868
142525
23993
55699
133234
147874
68550
81261
19954
100557
99833
16592
19794
155270
166507
27098
74544
156042
97700
24312
89673
51667
97981
60868
162277
85369
65172
70476
39339
99941
85340
115619
124283
45855
152911
132837
63329
18469
83305
96373
45633
42440
47374
112669
3773
144788
168287
95929
101339
25638
99274
122621
31800
95673
6618
8795
157913
167567
71166
90080
20830
109389
24022
124562
159066
140845
80412
35822
166532
111155
128796
80198
45255
65505
51029
65032
47192
89511
83618
122287
73815
24600
87891
80247
20411
22868
161865
101788
10083
105688
121761
24127
95820
164958
145938
98071
156436
91670
73839
103805
165793
37246
38631
38756
161000
5573
155161
91592
28809
74578
155454
16710
78297
31442
151148
64521
37475
164102
132525
79689
44001
129503
111306
28528
79464
92654
14359
48290
163077
31767
4404
73298
21955
111858
23920
45721
37782
118471
64866
47399
84137
91157
68636
94460
104778
144058
114316
161111
88967
14125
132647
14174
153203
90119
115409
59982
74178
36507
152792
89503
48041
77966
86125
10223
9186
116117
98947
104805
27010
27390
76240
122025
6624
132495
96194
105675
20010
4238
59859
55562
149072
14290
90619
125902
118322
118528
20987
136493
129079
119888
50107
55656
28725
127153
135177
83886
137848
74051
100478
117438
160454
128496
6000
156689
157808
24848
141746
110009
23038
165
125140
74655
22028
161246
142301
168515
103294
97229
1239
82792
48362
164013
52336
30060
38213
70521
80921
68470
99811
28879
3639
54222
5396
154396
42221
156944
110321
40606
138729
107929
58493
22629
116337
97909
62606
69327
38571
51116
130301
41145
156662
163592
30903
121606
234
37886
33380
95350
123285
99613
8990
46557
134088
17194
28409
155071
145790
83212
58526
102269
99328
25347
60693
100302
144143
94069
4204
80369
25068
95504
168151
165050
115261
146185
12647
83961
113437
46564
37066
105966
3
145783
29122
110458
106877
161909
157426
5917
168265
157613
119940
85901
92794
15739
58353
70348
81164
5630
163325
112917
133187
156265
38496
54674
116927
70578
49402
27463
58890
82962
134780
152141
117839
132267
101366
111778
151178
119971
100941
151466
142684
86377
168678
65498
68535
26291
103233
21854
82779
98888
157195
81855
90238
12171
3371
42957
144418
86252
12490
139329
26806
27665
156426
31064
45340
46891
11167
52501
167124
81831
63422
103773
99451
155199
19871
21378
53563
125012
107915
50163
39752
86274
98321
162417
39346
162365
81354
11525
68296
145492
128101
99429
117398
54396
99289
158084
140024
66882
80771
159277
167877
152650
52518
145811
77214
90311
133623
118995
162520
12446
32811
106637
165133
159307
74729
159482
143367
129483
91304
121334
110157
29653
126274
116783
131147
126099
45173
157315
116788
53070
95402
43720
122794
42345
55725
161097
25101
104863
22628
127706
48707
30251
100862
48019
46666
103963
71057
137340
95020
125364
22031
10189
24085
43245
39139
82610
53895
104882
122691
41131
155394
138302
90361
129601
40706
142008
96235
87017
138349
91721
140212
9195
82571
116442
129059
64048
156024
70392
56446
134518
97024
154843
45733
168531
140267
77229
63116
13920
107265
155616
35745
155702
47911
150973
122612
147307
70979
37578
24433
136470
96033
99421
128837
98460
107515
158210
84586
125925
54565
133229
78275
333
142415
146538
2820
58770
44430
131860
31297
118543
162566
82040
39184
124993
37848
42587
43424
74974
113488
165524
10184
38145
103256
148498
161134
42844
119338
69435
146215
75898
92116
9665
133163
120357
8186
115269
118285
347
49676
144339
126768
160426
124227
130738
148684
104745
96426
139904
53319
128875
150091
93646
146655
103724
140354
60766
37604
137283
139071
84476
45431
66669
35222
82751
86863
167204
121604
64366
29981
48357
8863
46313
131006
61117
114540
63759
149943
102534
139860
42594
110783
102918
3013
48057
117038
150742
74237
137795
107067
67155
117168
54707
133641
149270
131523
68115
7246
70491
121941
31165
126055
166200
81729
41191
31513
56862
48346
132013
150536
103542
50257
75834
128091
130046
125205
154959
3782
130323
45525
148509
42012
40364
142653
10051
38841
25534
69734
143991
153245
158386
70872
73337
62061
72147
158293
49451
49242
124826
158112
35361
168699
10267
53394
45757
54329
30004
101618
161930
119176
128495
55693
9733
46483
89750
140344
59448
167379
149855
77970
86332
91756
140252
25361
115931
113771
10284
6993
67378
154464
125790
111598
75553
3302
49032
27732
119951
149420
91665
29452
155091
27945
110433
39951
150499
40833
85998
137461
58643
141636
123359
115463
28550
129777
2446
139766
7543
119358
149012
47422
109696
105476
165178
5649
78816
142597
78766
5312
98810
117092
56829
147085
98143
121819
55350
68900
139840
162777
4071
28289
109840
30415
54663
22932
75288
88955
155571
51272
142226
28685
47989
143950
72798
155233
160760
2929
127690
57121
7706
106125
136857
146957
114688
165961
118049
40887
145617
93358
151214
127849
36436
49507
129600
97921
54767
86479
126315
88388
56306
98185
151301
93783
67353
52309
26703
77572
4707
112207
124791
128011
49440
74314
37994
146250
79423
18781
75969
114611
56338
132964
6920
12549
168400
85414
14746
57621
164744
63217
98652
58291
117843
152923
62441
4485
24340
30689
77681
114711
121089
9044
109234
103917
36583
112345
169281
43682
64244
92149
129201
41317
130195
45747
126043
70821
45812
157670
156635
66040
105268
82251
141329
35904
125877
79516
44239
9170
52192
14557
87004
24395
106674
92234
67608
36510
96473
143982
158983
29070
158485
76014
56748
162684
137999
81697
117750
95748
61752
124179
31158
29413
1754
157910
41897
152828
8576
137741
103264
100384
98133
9953
50124
99490
36192
142788
99386
123722
44762
42454
66349
35738
42430
144738
120190
50639
29317
44229
307
138455
23099
80422
95667
98718
131080
72433
72530
168801
140617
67597
48068
113241
110451
60443
149788
22160
1677
144099
16860
119779
124176
130342
67558
98200
13667
140214
109567
70956
122305
55392
124657
151950
152887
4813
8322
132202
40370
36389
61028
46291
104511
141657
105337
59815
106904
168150
153574
114668
61324
51351
138209
119580
102797
73486
146483
4521
46532
35243
123686
60612
32186
83741
127932
50217
103843
146328
151576
115236
27872
123254
135601
11314
77859
76402
83736
8809
141723
149317
124667
12060
155971
109223
2334
61063
999
141102
139974
103932
109510
22801
15466
26816
167993
62240
101106
112608
58603
104891
103147
118090
45665
162159
80648
108627
53613
125975
143101
24417
6508
143269
66565
42324
156630
166385
13591
4130
89954
145877
422
59958
23025
80157
168370
40729
77523
168285
56288
85277
152604
114465
118897
41347
107946
69754
144381
73339
12546
64249
92868
100089
1594
42007
33030
51511
48872
44624
61269
16462
56256
92113
31317
27723
143826
132052
110568
62333
28228
139969
1873
7557
75078
20320
48569
20614
18296
117875
6852
74509
110317
46062
118689
13862
93739
92456
63330
109610
991
15556
136197
86834
145555
165447
88737
13714
158764
68064
55705
105175
91528
10740
81580
86241
45800
38672
53206
100237
88024
46493
136001
95042
80025
81353
53119
40380
140791
94383
101839
96570
128958
133413
86268
30023
152446
133432
93894
68136
11984
30413
166693
109725
155580
63828
99903
51236
5168
103309
78862
150892
93396
21445
110911
154316
95910
162264
117273
145117
115528
7023
106856
77285
118637
138408
95819
96048
149727
6259
16488
79767
95781
130505
111443
6638
18328
41159
80995
144729
61667
120810
19824
579
32516
67749
146305
146257
61424
39860
15747
5011
35594
153311
62401
100730
48456
126673
165586
38264
119907
67427
56234
2411
48081
103786
43762
152258
71370
10441
75279
8930
160611
147742
77048
106060
39047
164769
63513
61359
111315
42627
62623
137611
131730
159276
56664
158423
155868
117339
71351
9924
23580
165842
32437
162202
142284
105814
152271
75473
71583
98362
119848
121562
58294
112609
10254
143486
83134
59277
110690
58625
94707
72936
68180
131563
141422
329
81666
129752
151904
143698
86036
109309
102091
59483
90771
52794
16532
139042
91261
48854
51194
156975
155882
161633
26180
82742
4830
162957
11205
99300
120679
85584
168569
43153
133188
11
128284
86643
76495
33584
39018
71665
12063
113577
9786
97702
160660
27752
5831
129969
19773
95986
114320
63630
157343
121552
128741
152121
19329
6711
109737
68728
124905
54076
155512
95922
32545
41841
157084
142215
165972
135694
106968
83074
149235
69298
27579
36161
72211
155134
37751
24452
36019
165530
128894
133050
15059
56135
116194
23952
79515
50482
99871
107852
99775
7761
50462
11578
166626
30240
116370
125486
120197
36143
42431
31719
80381
165569
114924
77253
121540
147630
59741
80754
102248
30499
142060
158219
32085
78378
166338
136784
43419
54315
131690
145711
29858
93436
120882
128182
98119
130494
142937
104997
81250
24787
34870
50737
56192
89417
100507
41592
57806
115856
11765
142698
98846
161082
96585
1439
114478
13167
11993
118585
79655
20213
46305
10104
15237
55537
164017
38134
96390
162584
70953
44859
139435
79862
62052
71382
82027
124787
52169
25396
88937
90614
167976
157973
125114
118136
73218
119782
54268
40451
152517
26855
119478
49787
63857
126445
66634
115044
93214
22049
107950
90226
108217
51255
5080
94037
110220
135619
74988
51761
95934
16934
40112
108633
65670
153186
21067
40724
83738
161877
88337
78342
155833
7534
62463
80431
129466
87829
11924
124419
149100
77525
132274
8791
25778
108790
118736
101714
140068
14081
60857
154911
90824
162676
5705
52428
153345
53422
33712
103652
137156
145216
148625
4477
96389
31860
10130
168527
125819
22282
28502
68627
68842
73127
98473
44880
95541
9569
158694
104949
114298
6929
164556
3750
8857
156582
29189
123423
70345
151504
45141
17067
145320
137707
54172
81941
48074
157914
147264
141825
122032
102078
100978
24581
124789
5777
51699
133287
142304
161999
129675
70438
47603
92924
152191
129634
37482
123378
166030
109176
137512
39724
64430
164030
116771
148068
24110
46897
3781
169155
64627
55276
24258
47362
64208
66538
90261
7921
39901
41361
19125
9080
37811
64252
90197
135925
56299
158213
20460
20483
96252
20591
24849
22858
118517
69499
75853
139340
112988
37461
25492
115486
145876
105168
168441
165030
69831
12843
162990
16610
141372
22426
64347
65717
161594
169191
11247
153201
43368
58090
80445
68277
79221
44362
10941
104354
154149
96982
121211
161549
102220
54432
40346
24707
71048
109870
28029
27778
32250
24610
42144
97784
81893
99303
7110
16105
77155
53719
38737
115407
93581
44255
38153
41084
102653
79978
77222
147445
89003
155013
95258
16724
34462
160960
51463
74468
167017
114577
58720
167256
108037
130609
132889
8876
66063
60396
3818
9225
48754
46405
20984
37678
118780
92428
161547
128960
74986
105607
55266
80831
88631
140337
70254
82184
23942
55096
33762
10904
166152
106971
121321
40299
161437
51377
91097
9435
96398
40518
49307
153988
116138
134812
107791
140250
149481
48105
73579
26588
69410
113994
115492
91400
50782
48000
56121
165849
4883
122178
27924
58857
125161
93015
56610
82047
123768
5131
37593
34949
124127
27563
98908
77526
129495
95146
73104
80105
28735
66509
72796
159922
159507
56462
133051
116071
157849
62181
79836
4935
122516
84939
161709
38490
80817
132019
150551
67418
116611
84650
90483
88997
19897
89290
165723
149868
110905
54762
34113
168060
154580
108177
6574
29741
155515
162794
31129
71929
159841
11872
55297
59337
58104
71754
157993
72329
138070
42005
63655
118179
48759
103120
136331
62105
55793
27718
115855
10720
109434
74931
59770
88833
75761
127281
64220
907
134274
89544
10461
79315
32835
58585
157821
148316
35304
40689
165529
1106
2795
115245
164112
115608
127007
139109
49317
101654
77305
116880
12008
140174
40908
56741
34234
98583
68665
4538
130815
26201
135695
51269
109848
78085
146425
14525
160707
51064
57636
86234
82869
68767
61296
2503
4953
39542
150652
442
124877
80581
25172
148196
17555
51661
113809
53121
16556
139689
104345
71447
90996
80346
104844
114444
118605
107800
145260
144822
129578
124013
125108
67027
29916
21603
148342
116287
60605
123076
69171
24816
107816
159503
81328
125174
71514
40233
129064
166947
47588
132395
10432
136533
104751
130871
136243
133941
76994
108224
59257
90059
145641
144950
120318
160337
80212
129948
113011
124197
168102
80898
7576
110184
100308
101816
39085
140684
62876
54926
37303
77528
94086
39279
11102
134862
18921
17233
107250
58886
9386
122730
152579
100713
12389
137996
9827
123615
136901
132745
33702
108057
9207
44329
129754
7489
140346
48531
48322
22978
26710
101738
41724
55668
162784
67387
9929
15780
24321
92602
116211
74240
82382
125926
14409
139326
113679
116558
159209
131827
166074
142062
28344
133869
168199
43915
87868
8958
75850
167781
78617
87020
148963
79791
85995
78615
128707
151271
157907
141643
57028
110442
781
156151
166466
161577
108682
25060
81999
124516
155240
41366
58313
129262
76834
57701
7142
21441
51813
126271
14124
95950
51762
94444
63962
110199
115173
94421
116034
154432
32522
56836
101135
18273
13974
151636
162413
34797
4911
164171
53456
100982
163020
6578
148570
76449
136312
162805
122003
51952
13644
87164
133036
70137
49734
143864
96747
17363
66805
43818
126585
54916
7721
35340
99872
87896
129512
20041
82770
23055
24077
158447
95301
157475
63994
98373
34167
10646
126513
126100
124755
33660
104490
120886
81651
28043
18463
94911
79663
24529
51943
92778
33577
23629
142526
112547
91834
40679
126842
15625
135668
149195
145596
104822
145524
6565
39488
49403
55236
67683
166886
98569
34088
51875
105465
85266
138764
66511
83117
79750
75227
60803
109164
57170
101127
32714
49617
28612
128458
47503
152097
95980
25198
74323
136806
132550
34599
7103
134983
98120
21522
162928
32826
25821
111192
56004
126322
38439
96798
38734
64963
148300
154286
17284
84947
134981
29837
153440
136830
165536
60358
81657
142221
152352
134255
37058
116787
38959
88483
124769
112673
16973
49363
102113
125324
87275
102295
33548
101053
6369
163128
95242
47780
79377
57929
18271
79081
101444
23566
26624
1371
68892
9514
2268
104727
104219
37340
104494
111852
97923
27807
153215
99820
14999
128138
162207
32203
131565
139529
160347
117282
168611
21930
76338
1550
69172
89943
62380
11366
7449
146723
112905
98678
153147
148494
143746
34359
88078
77481
96724
109631
82222
153617
152132
138722
63368
105510
60639
158098
117623
31272
80070
30343
54509
71084
44907
29788
132845
128941
126062
100956
156916
65066
139029
47159
155560
92671
134748
779
481
77747
120491
105426
669
65796
24388
14515
102064
88870
13613
169022
70948
97739
58199
153668
106249
137081
165713
75401
84872
87537
167490
17264
152120
101463
37283
17092
112832
82356
24557
132016
16016
61864
152655
86491
7959
20952
147158
25929
129147
60295
54388
10752
49478
120132
118289
44466
22760
111461
7380
9069
18336
23468
92289
15987
63555
1762
128756
34065
37160
6566
154971
119099
65095
47664
39506
59418
38380
112658
34558
72137
121167
38143
160630
485
136638
167295
119308
149504
57818
145127
151687
4976
46861
129932
156448
154695
111020
45344
157417
133328
75879
77650
4579
10479
100785
40271
112009
157435
153054
164634
49665
143972
163619
21141
163714
159015
13580
71507
42500
58043
31880
72853
111281
135587
109649
33429
122923
144964
133405
3093
111015
38931
41375
53926
56318
113676
158604
51346
27686
103674
92091
64122
156960
32352
77418
79924
100765
133041
57483
67002
119112
19737
131942
153702
87528
33065
122687
92887
62913
119904
5238
107249
56193
33754
81504
568
85849
30329
135951
149077
45176
160401
33972
35762
19068
32417
151502
111288
21623
124296
95902
162414
14911
27047
160266
73306
53401
136584
106129
64133
67379
102324
83788
39629
30637
14897
118560
80640
10983
94260
82201
71149
71381
141808
146213
110440
92446
25874
41690
152107
143628
139373
35736
85707
60491
47364
131298
95307
47417
134703
140477
81942
122775
102471
165780
110686
111424
111191
6550
114879
11093
17592
27066
72494
29773
93295
149192
65039
65392
74319
10469
93657
90128
20422
77958
4539
3721
72458
79625
34129
113451
49916
150659
53772
12421
154747
8696
163875
166664
116544
5603
91025
139521
98281
123011
128262
163863
68647
97536
65494
119272
59832
50524
132131
68945
109868
115400
61491
35844
6028
61325
66206
83154
50222
108387
71602
21254
114332
111322
143833
106159
50612
43071
6622
15919
24541
20456
32532
75395
77828
151961
90028
15565
68423
65404
159257
77311
130065
7753
120741
122371
163428
140242
142444
55016
108780
88856
19911
63260
168743
110310
13771
60812
97079
65815
163984
28506
46196
47233
89324
53427
138861
49291
4292
105529
168022
70647
93265
26651
157915
144317
83037
99105
71638
52270
85338
165117
12410
163210
71991
10437
142174
45760
156740
60578
139685
68365
72469
76631
132126
169275
23632
123551
60747
23940
138367
122804
113813
53364
119476
15733
150181
12109
76345
18067
139503
34796
128122
10500
65040
31672
164086
4463
12590
23734
164174
83940
79887
17799
60942
63567
27317
39112
86096
117425
7650
114850
117079
43192
73540
81945
121002
51849
7759
156421
118742
115633
158263
124449
167962
16306
154673
129467
55826
49995
74097
44380
59074
139012
111636
69283
74833
39080
116302
140455
166898
885
57289
97669
12789
141748
97796
156062
141054
56742
84106
113910
94302
23938
160466
183
56672
82872
58888
28860
22637
85722
25901
63591
78777
2356
44500
68062
33049
100677
162406
99939
6811
2442
100090
121694
158481
2180
69592
57891
44865
20617
49746
69564
26618
132748
155524
144933
134994
93608
100091
66102
87430
56079
58644
84759
15594
155117
57982
5204
88500
52667
9821
122502
1572
64566
87874
150626
27856
163299
140841
69940
132141
145240
125120
43298
167485
113725
118731
41684
22401
19067
43018
133715
8680
120859
108926
43456
55838
92570
162056
146852
149832
131876
71460
115467
113458
126959
121235
13100
40382
36197
12663
118306
4117
38155
108566
21328
21199
47432
30716
157637
109323
101953
114816
82866
124070
149300
1680
46368
154125
161781
55161
148711
56015
166828
50323
152206
39922
5173
57954
41165
54150
140156
96367
20392
39669
69191
136652
143591
31058
42153
120750
116639
82745
3118
124016
12489
89553
16997
24619
13581
64891
83011
83656
156692
15061
39145
111347
61885
105254
52183
77979
46358
82992
37090
137565
15695
147242
56751
28556
130188
109169
121371
147885
24047
54419
39407
41643
49670
122028
162725
35650
45168
118064
124156
124576
137591
28276
95415
86208
48176
18219
141117
56154
3766
162135
54974
71110
7158
97343
20876
102311
33611
73563
6081
13413
159551
135437
12086
123525
129025
140539
128578
116228
126753
149631
147318
110446
149942
158570
119911
40278
114735
135819
39988
37089
145437
89149
136049
52145
23443
9840
6814
43910
7452
108976
129769
57487
64810
112099
30351
44933
145810
139110
119617
127631
97547
102344
64033
153874
6977
133456
121469
136097
22755
133030
55042
158847
141447
164887
142303
17471
73885
164087
47688
113661
139903
46578
70210
138712
431
113190
24180
93979
128132
54426
19791
96234
124828
25209
16186
158594
100906
21573
18909
60478
72093
103762
12209
56340
84450
101541
29842
152296
98465
113530
49445
29009
143482
137852
159632
146932
76080
161399
145396
83255
18455
96051
48914
19295
149787
120599
108095
26532
149429
156376
80918
85323
115846
17134
146737
7847
42646
79249
90004
92170
113557
89562
119966
32246
93731
141652
48942
4523
154132
2480
49631
69137
62311
153811
37733
2736
157955
110520
166783
134867
15854
30492
15145
100167
12552
125455
908
162763
116306
46482
72327
67849
130693
31293
117237
128735
81406
149896
164413
155959
112217
71618
123237
133249
131571
124670
145922
28318
158103
161165
145251
15149
128197
143581
37625
29728
82952
28115
66319
156743
67898
91523
99752
133686
117827
13915
136013
49683
25880
28999
60067
70103
111411
108198
116178
488
37124
96916
67269
41438
79621
77802
125931
156674
168178
162329
51000
33913
142105
42233
138730
55214
79304
46167
32381
53053
168367
90816
28576
8921
98869
142733
110124
46949
122854
147578
136800
97699
92408
70683
122904
15033
135943
58984
165607
165501
147430
63406
56914
71325
98360
62899
58377
45921
30525
122844
148710
60692
109025
110352
25019
151922
39625
60199
86223
19545
11470
29778
42962
43453
45742
110896
31404
49630
9942
59057
154072
122224
133423
118571
73191
718
46386
116979
111973
13158
42096
167167
166263
51054
134920
163513
84697
159320
97537
59519
16202
147668
165490
126882
78159
100594
5908
87632
24049
80309
24314
28392
2648
13012
85344
151941
118483
108958
112355
166763
126671
109245
40481
23274
5977
44523
60327
121313
43903
2993
88625
129631
29299
72399
70823
60467
124987
139510
56700
27969
135756
166612
46030
122114
41307
312
59305
90274
79440
8824
53299
95139
149651
76476
156496
94461
100559
20193
1388
27057
28271
55865
164720
118219
88081
34299
124611
116885
51925
107526
92761
28158
133927
13579
89558
98734
167235
8983
72512
79859
126466
156451
86927
144263
126047
83603
34868
123101
97658
66503
32249
61651
88964
12763
119645
127513
102279
10776
52147
157846
113257
160561
164014
64060
60722
87630
92987
103396
121907
160020
119197
154728
125979
103614
81537
21790
119854
40660
43037
14153
112415
5331
72505
142282
93726
39408
33293
40396
140633
111634
75231
58125
106293
82946
63004
57995
119154
165067
121633
12022
151951
83220
19433
127195
1003
54696
60384
9160
33392
138439
2089
46590
34562
159560
124543
32838
141630
16663
6625
55989
115717
154938
149744
48298
56529
80961
11715
5596
132143
31837
10272
66835
115796
32701
46066
114588
4467
31278
15859
25210
107472
123642
98165
50097
114891
70608
127128
111164
87245
138539
103897
112396
108104
20649
95991
152420
80154
84944
102591
62833
35831
72624
66724
33077
106978
55038
83570
106441
76280
40464
8057
136385
109766
40731
11596
83767
114360
107864
149586
168430
160246
82560
98815
27676
82395
137775
78878
27357
122761
31078
94447
57535
69311
135007
32103
143285
83994
88061
99647
42510
20127
127827
157856
58796
141880
129733
45149
155834
124677
147722
79863
159758
40851
148212
112375
78368
71662
161046
93260
56443
49372
72179
71729
4270
149558
26357
55890
101877
71094
137508
74696
147225
117162
22974
98808
157794
67174
135616
151436
159769
43790
150026
128696
152556
51917
140604
142423
18567
41270
70938
126001
25862
42868
3521
80712
36006
36007
97473
32222
96063
143613
108659
26216
109634
152355
91387
86075
12170
161055
86538
6340
64934
49984
22202
158555
124694
77791
54898
118354
54216
38771
157391
168845
26995
48051
94091
45642
44627
11047
150856
76483
149585
13395
71645
86285
112228
39471
76411
124824
45420
67879
130801
36768
93438
14474
146944
113640
102414
93794
85096
165340
16300
36134
73347
119915
62015
85845
145983
138844
44826
8317
17307
121258
113120
131911
118393
65699
101780
142346
129386
134552
31586
145700
53210
61633
94973
88407
99866
8119
129735
74124
69511
63679
6140
12557
108048
61991
158099
28630
99086
7232
104094
132482
50056
115969
166452
24747
76508
73553
14820
110623
82095
89182
135124
163552
168665
69825
118041
105936
114604
90558
11860
149134
167680
81717
41933
3591
133447
150909
6790
96644
76212
145352
47119
64120
119656
35082
70219
33742
133183
67235
153600
158675
143979
19975
60658
164688
129041
8263
15212
55476
3604
5492
112912
40300
90018
65827
96796
155712
113620
60835
164714
59593
121860
10452
82493
51740
93720
157657
7054
157743
19940
82013
4286
35925
58986
123734
80484
11997
161640
134541
104905
118491
26084
11040
97861
96814
159106
104186
116219
140757
61061
138622
166963
93626
34854
73659
3764
41024
1153
110688
96200
28616
88088
54682
166860
86206
52985
40989
75353
148110
6744
53665
30346
76675
75494
144589
9717
96762
78983
14415
136689
22770
29926
20618
123010
143444
67546
28658
14910
63205
97049
149592
39316
137525
152626
119621
47796
135839
1783
126109
80531
119287
146990
65438
9765
112423
108350
111279
14604
21124
58756
139336
46056
86562
83439
37935
133255
70672
43317
87503
86937
80037
112886
15869
54808
116482
40629
101210
5732
109983
79383
1520
88900
135811
44049
24635
60866
13060
34333
33579
129317
68888
20814
58135
120596
124703
45454
143709
110117
142142
75913
89037
68319
91323
83877
85224
90163
116936
116312
161006
14088
24392
158824
2520
41503
21437
65821
67036
4045
85635
75666
132001
17418
16828
146817
67500
125851
65980
44525
135995
37621
157381
52144
82799
111202
143240
127179
146060
91167
148912
45980
122479
72430
39751
122219
33460
8841
38950
149722
75146
82530
61878
144802
8560
46287
96910
103049
116161
109266
154314
77508
65356
55120
145057
164004
55087
44245
88250
84235
115758
127087
163217
21418
11061
132751
118192
57091
21653
12280
49910
1140
147752
22541
49485
117315
164242
4938
2294
101770
119024
67508
47813
7163
131271
80446
116460
64926
1205
81805
66363
57654
21598
89238
75110
38406
19396
81954
57115
53679
80084
43182
59706
33618
24338
156785
65200
32110
158646
47837
12691
140917
107528
39997
108623
61290
117384
74609
3334
48481
49426
39694
38045
10803
125045
63138
81808
49531
140542
11481
99854
137378
47354
141682
95065
76226
106728
133298
66395
55866
117066
4545
71577
158518
128485
47281
107482
51693
11452
151665
79744
133788
151065
99852
127507
143716
82726
130238
151989
123750
51245
583
1044
125293
158284
87861
46512
168738
26948
124610
155210
124053
34531
134410
110732
67398
166325
48775
168838
68396
159742
147418
120705
75101
148155
46864
112037
148060
60089
61809
99494
97113
7425
96152
56611
73548
53828
6136
154880
142971
9425
31807
48905
80012
42777
129271
107616
49241
152146
26610
141612
5136
157977
86490
5789
34559
96902
131299
116283
23012
38400
93940
98009
28142
68429
114484
117886
105909
75294
107736
13650
97430
128318
70347
152193
156867
7619
86975
138117
84625
97399
99553
56656
15832
168617
16661
115074
1008
22096
73722
61620
163971
61763
144133
84008
78422
65047
137168
159938
39090
129644
19015
1283
28611
111828
161282
110212
60142
27846
133882
38581
60397
17441
43517
48145
100530
15093
1958
11064
153904
131305
103873
129639
72289
84750
59508
54389
152404
36643
103781
87324
93367
164116
108811
91454
146084
102996
83739
154394
21885
165770
149590
120799
22094
145125
164304
45506
116529
12693
81896
123062
169280
16505
4719
139270
10122
71250
156643
145767
78789
146712
76393
140919
70902
75873
125258
142034
71189
93615
8287
129962
40252
123074
98848
13381
164606
8929
139691
13458
63855
146103
129958
6825
13008
74767
58255
109088
10946
160709
158240
48384
140022
125249
89100
149359
122733
115625
57565
137792
12649
78795
28591
82145
33867
104206
38575
37821
19046
114487
154033
45819
148713
131195
130291
88082
54529
159774
132844
62016
126912
165733
51210
117390
62771
73055
162150
121229
116153
17468
147897
55380
17642
94030
132384
68175
101557
13698
126397
146960
116840
122582
65931
84608
90113
79456
130977
42237
111295
123030
59144
129559
158514
715
139026
137925
151917
68412
41463
86911
122594
166026
48693
52385
5041
62055
101402
131669
161013
535
161217
80927
62511
137832
43069
43100
123667
136279
13516
156624
41261
130598
112325
108722
101565
66705
57205
64747
139975
73445
146189
69266
70314
17917
120746
138197
131676
166863
154663
112533
79225
165527
79673
79932
96027
157143
39821
15828
102772
26462
51796
149147
159099
111976
16793
151478
122933
57988
70088
131858
151977
29184
55413
22983
163261
104111
32359
20322
11822
158274
2851
167258
146660
32667
10373
7968
149974
16908
165463
132920
79921
139060
162209
45171
34290
76229
51470
33834
167718
2372
17256
36719
136982
129774
38333
111056
32746
48516
154256
57410
81905
50294
6034
22371
125481
81500
95897
112563
136500
76418
44712
59028
155220
18197
18238
161647
8997
148987
4848
53951
18736
20462
58683
26408
73670
117139
102706
70342
53489
22754
70362
82605
166265
130228
80728
59595
75700
53908
47090
135641
66077
45585
79523
3290
30683
125315
14229
135621
98076
44434
73632
139566
46164
1038
155226
14404
100261
13641
9112
21187
19739
123102
155036
60759
11309
126470
23803
147338
145465
160895
15726
156868
122934
47412
44816
139629
27461
136389
82291
128731
1032
158218
56941
95899
113030
41591
121004
28934
148350
77146
111242
74233
37261
137944
79054
67515
144760
