153969
136905
48285
66809
52771
140062
87431
31738
82164
81473
131619
12741
19262
120274
47392
24213
69287
82373
62796
152481
154852
100044
5498
105784
108618
71567
158368
117718
18455
6229
34490
68373
86353
46816
45258
131909
111362
150185
8144
105500
88222
10948
86124
49660
160586
102411
46077
142150
145754
80510
13481
1654
82284
31913
110620
142277
33166
38709
90710
138443
92956
115140
88652
112998
34318
37861
116661
123713
102263
108263
80116
49093
122927
27650
106312
153474
161726
37701
91438
148138
164034
155180
39330
55627
93206
85955
53591
127861
37418
74319
152198
941
136209
14610
16929
62526
133182
72571
6900
126934
54890
56485
51782
36452
102887
146444
13824
97097
95685
126176
101762
52910
139124
130863
53003
79740
160245
158364
111619
145890
8456
4189
168152
155506
7644
99395
156489
3479
84038
62540
45633
23994
147030
144125
118286
4308
66243
130186
53137
30588
165191
112735
77281
158564
152574
38636
85630
50033
68097
142271
32411
115775
34313
24940
109539
156827
32660
148294
141014
68287
150835
61615
44174
16311
60653
66582
125462
148261
132572
153742
162704
81496
72662
112560
7636
135421
48090
82302
82098
46096
91002
54499
168070
23724
24934
145755
100233
74465
101093
102378
15185
130515
129356
39629
138795
141970
119646
68263
112324
2849
96719
68794
5837
33220
127651
63020
162621
49799
69082
156001
122304
861
12753
69191
28994
78341
160636
85499
55851
129604
22452
124731
122678
84029
91583
73259
147392
145750
125085
11081
93371
83544
109887
40985
142889
73914
168303
74666
37515
122715
78751
88037
77667
127002
107383
58766
18386
21220
9212
32731
133876
96799
88078
23269
140532
150968
25632
99494
40677
134271
120781
114333
96640
91468
82687
53044
3246
21043
90384
133628
72756
32188
144506
137919
14830
7823
106216
541
8047
2429
125142
161395
100717
101267
132192
16152
14086
45825
119570
56844
76096
126025
77762
161001
154505
122808
131205
70643
132708
107303
45577
121580
91252
61821
48949
138885
4617
124225
79391
94367
2189
37355
144262
78267
24434
40098
80108
162268
140257
104969
132472
6159
146620
116109
67461
17303
142678
116932
153044
97265
21953
39633
119399
20884
117482
133109
30493
164287
156468
52932
151805
127993
114607
121561
109690
130687
159047
79820
71495
3932
93749
12497
76769
25964
30663
36881
51962
64177
77889
124204
28555
111817
80743
79865
106626
59381
119908
28502
133426
34623
50197
81591
138864
24529
149447
119300
131125
82177
56496
134674
9114
43008
7745
156083
125398
59027
132520
31587
110222
32512
27731
157939
83768
106003
94366
108932
55735
88413
128481
141969
163081
22264
100370
154611
162833
76664
110260
153754
26061
68980
101109
23311
163853
153981
37653
77213
39798
3271
15158
144590
143173
26603
76412
109547
104527
5761
150923
9015
37987
115567
167134
75616
4227
123306
106063
156275
150410
102
166957
60907
65179
117435
50017
32942
127327
116727
11339
148629
131719
52213
25400
85069
49834
27866
35414
168482
166104
51559
107406
40080
135051
89631
117243
69556
44532
123906
48833
94561
48849
24630
67630
99039
166651
94763
80078
112603
129920
51586
81787
20550
119864
10943
39285
8995
19163
1282
20542
109536
34734
101494
106570
108129
154825
88307
90752
27536
105159
74768
72227
72846
157437
169211
96246
144078
24417
129119
144444
102226
30883
154397
86312
154362
2309
23547
139035
95216
13257
23270
81642
125345
59054
106117
95261
54300
121419
13996
7943
59503
63532
34424
144330
99758
128709
92485
57377
89978
112716
32461
119240
80338
125137
52199
64891
125624
40393
32027
104679
45660
7684
105792
87787
77555
72165
52137
93839
86499
53382
67085
75376
99764
167273
133491
144815
153857
64352
56656
16443
73357
17252
19572
27147
81977
113291
164105
165690
149145
56819
139051
135646
126414
97803
139862
9986
128374
62568
150501
31758
149308
71137
115353
83672
90498
36712
159297
65893
76305
115260
85559
460
62569
160103
49558
92716
71645
60623
142837
145045
136120
75383
72235
76915
140326
64494
1488
137291
128677
104016
2346
99032
20361
34596
18312
34919
9262
141149
106564
23983
109443
47627
18610
165796
33787
3677
90193
49144
157352
136337
120097
78823
67488
130641
50545
123113
159874
21080
51268
50222
73072
158745
67463
156707
1335
86080
128558
61040
99380
125577
162696
68165
147234
58186
33970
23755
32024
9910
115975
91647
25940
53940
98585
131261
114922
77366
46487
76508
62664
93482
22469
26133
155966
19633
132830
108572
121717
101441
44166
99563
168199
22880
70518
110976
71288
4788
155815
86581
93167
70819
22235
103859
37717
50097
30712
1003
72932
85818
53774
67073
150110
150853
161040
137537
9049
141193
84085
117697
156714
80314
159145
104889
13472
146880
147827
125003
88140
29960
119717
150857
35247
8616
133176
77618
87388
10307
3529
65871
61931
167749
126991
79769
37263
113452
123658
124493
48889
71304
70419
22329
84822
124436
104924
114180
62950
103218
56821
100894
105400
79000
150990
69039
167067
25381
113156
104327
105591
70733
89152
162557
738
92347
127632
165636
14153
2997
74830
7910
7925
92453
29128
166071
41690
146645
9083
60243
43995
151069
34392
40465
20420
11714
6109
118524
147448
74639
108309
48712
74073
130079
121219
10931
25708
37623
67373
52536
43259
15845
71865
6116
44631
122897
21134
138768
164314
66724
49792
18636
169120
11961
12657
111534
156427
42905
99046
89531
119281
130998
39685
111993
36476
146188
41710
155988
136909
164102
25783
107498
111677
35148
126544
150264
3449
162712
72144
57212
56457
34488
136211
2297
39770
165980
48534
123288
74817
120663
23201
102046
84308
147042
159395
34344
102851
52399
33338
104487
17095
113593
100730
58803
155731
36259
46328
107134
149182
31810
163570
82993
78240
80902
72831
149467
142988
39641
2054
87524
98542
41034
35420
104492
75352
151376
75554
161078
68115
87801
133649
68595
139865
142216
57644
915
17469
165277
42369
101345
70797
5170
80905
24527
88544
126435
85823
80067
142056
69638
117102
105058
25144
90902
142381
78056
73194
30833
48967
26454
44323
87968
98494
40310
24858
73020
107942
70171
7280
115688
62726
130181
45228
3953
47211
68965
69495
153541
162069
31201
42846
107574
124564
55248
163971
7956
142636
169029
137124
109836
100657
55909
118650
147505
86827
151391
88851
119533
11777
167456
94559
4725
68317
1182
84881
99322
51045
166912
94043
55164
65
20058
162367
104735
157555
155021
156612
110356
62142
87448
143079
74303
77257
129538
133835
44409
48946
70370
20555
54598
60739
93232
85860
39391
167416
46011
67434
166873
84767
58647
75108
1177
7420
134438
109426
100928
131844
26617
17698
148003
131539
137710
112693
55770
123346
26040
163584
55666
34570
144107
159956
161891
70343
82748
117598
103870
89994
147435
44498
156689
1763
15919
56538
155379
97042
78495
132060
143939
89222
100443
51573
103087
125883
36262
19001
70241
127949
25014
47180
147424
151163
83979
1970
44600
53738
93055
63182
94706
57404
95508
86086
115345
103326
54103
53997
59050
109662
108199
14735
126605
25569
33654
115649
134340
84755
168348
11160
139538
30154
91669
71730
146428
77147
148648
135634
54528
104786
102008
156620
156657
143909
39941
618
139147
162744
58704
134255
103187
51206
109009
13045
13448
86432
137936
107724
111933
67013
98075
84547
59116
34506
12523
56998
128447
4089
123454
17555
111832
140275
90023
107603
81404
12369
130304
122107
118515
70095
155406
148862
22493
104048
97848
32548
156523
13373
52777
19901
78026
140187
76051
58208
63165
27316
57980
150723
85197
6971
149868
162050
143158
139058
163114
87108
79905
57705
99050
4518
45701
155963
134775
89475
100809
115101
114959
142360
100661
100156
98837
47938
40193
56892
123315
35595
151781
15759
50794
142174
152986
956
102135
59080
159504
150429
156678
51511
14077
15520
52344
161404
36985
78962
103177
142374
64796
97171
56472
119681
91628
98944
10751
24014
101057
116698
100384
46649
82501
155898
16179
148312
23494
116982
106774
160995
37199
54516
79248
49688
51153
126338
152916
94111
125021
28992
122203
26178
20861
47337
36541
53606
109744
123886
13086
20258
122838
103797
20746
99844
6066
125820
73125
98498
45113
32330
61147
160029
164727
126311
32487
62898
44405
50183
74454
124739
57389
8261
120275
45500
148122
154834
50805
62890
83347
67413
83485
138976
16328
6528
21007
18840
106183
82280
68678
61100
101020
152125
150805
164731
119271
102535
13852
114973
102970
88401
162286
110330
167514
73574
33146
167419
40903
141609
115331
50014
86874
137308
116402
17895
1591
42962
89543
31659
90484
56174
110429
21880
130457
135930
161102
23700
115471
17428
44693
136351
100697
28306
161813
63569
55477
41182
117099
35078
143512
137599
31990
31816
46214
38837
101768
24770
38117
36774
61727
36498
85343
150825
21520
164324
57688
161262
83547
126616
44957
120271
29114
58339
152987
60905
54927
15540
167553
138022
101317
4864
29002
91452
24943
147623
46879
12218
51066
76099
100303
2973
6946
161329
32916
45299
5621
167047
62222
39880
99203
104974
147720
39317
103734
145657
119140
63046
160809
103759
89652
142204
136423
166404
47015
43216
85034
95263
143811
90458
49619
111856
123147
94886
1888
111450
13977
64106
165508
114194
23733
32385
53103
160175
11156
1188
82736
63750
16950
72396
128947
47687
120974
35559
9900
29209
62902
6861
30475
14588
80102
87542
96568
10096
149460
162071
59793
144205
124259
87725
89299
151772
59653
97957
126123
49415
74515
83087
53068
122197
72714
26436
113212
108480
157033
51001
154721
142151
158790
66209
5577
95290
60481
48515
111127
157153
10926
54645
62246
98953
131345
112376
138989
168675
2678
98565
39044
59951
3869
168778
41789
148732
64878
121531
21374
28096
110907
137542
144147
126689
76509
14299
89965
103305
164540
135063
74747
73258
77928
108981
137939
141257
1371
139559
12701
79842
715
76282
82010
149092
162680
125673
40683
25794
96196
104567
12321
107202
48799
81255
89884
28484
158979
24148
152960
168287
88124
77406
35759
160385
103569
130664
99240
41498
14170
111029
139417
12493
82278
97656
45310
24520
133266
109252
119132
22082
98021
104999
55018
149947
14910
2047
3683
77505
89784
145213
168265
149669
100143
48264
16960
90281
153821
111807
21008
81882
107823
31314
129689
115947
43092
7504
150614
18020
4634
2587
82311
123991
31006
39538
111188
45793
61720
156017
92793
84204
74432
118113
109038
5543
102629
162494
105356
101879
86765
10169
82733
129200
48470
67387
163848
28990
159089
141126
102594
160865
17731
130365
42486
60499
152415
49989
39505
107028
99283
110748
92337
121844
27914
86772
150666
118281
39543
147920
51347
18429
6775
64140
76956
117142
168856
7328
114445
31354
63325
129483
69620
86970
112408
59261
40726
117999
7240
73792
49720
67591
73323
13169
38865
65805
150361
13243
25163
39336
5734
116948
141064
99295
22985
114701
32365
112072
126947
81543
137156
167300
68000
60585
38374
49646
112582
91727
124754
160459
14691
69815
135305
79150
85060
167715
8865
121463
148845
79390
97071
15852
85548
158246
79089
107921
89597
149695
98189
131948
167397
110301
123047
96286
139512
85941
14608
69598
13036
152390
44137
116322
62235
147813
150767
31437
118979
142431
61233
188
3646
159529
92506
33342
155447
141178
165841
37453
148642
15607
71273
111234
77151
128749
153140
111568
20206
14903
71556
91458
52352
28594
53062
156287
20006
152903
75225
10248
91632
27222
82672
147291
126040
30875
122523
25218
143699
70722
68771
120793
51126
48146
169209
104521
17520
146547
118093
140980
98173
58506
121616
84170
69427
74477
136802
61111
113807
71500
145792
105496
9973
9305
142859
48075
153508
60725
83900
58206
7236
114644
162895
68442
97421
21478
42104
164139
51608
125674
79203
113987
34777
132284
155507
63914
162135
155879
90003
31145
98477
69668
125257
35437
154248
25026
28433
133790
50061
103006
87374
64018
149239
62761
94672
72930
84106
67802
28922
59623
147662
146630
114861
136386
44440
30949
13195
29662
151433
98040
98853
75062
54193
60497
40362
64110
28453
21438
150804
108280
163810
58528
149936
136017
127357
113289
136034
126894
108132
17450
61663
49880
26093
75681
54592
140953
137137
112458
73609
106109
144881
17754
166281
136319
121920
52853
96546
15655
46679
119667
129476
128286
19090
118037
77938
94679
80088
47913
59055
80842
50786
13690
140733
71547
16930
163461
53732
149441
120617
40962
90380
162363
2792
142503
155395
166237
136730
116563
96943
14205
119462
86706
154189
21237
109478
120195
156156
44205
1801
132735
67558
147810
156902
57624
153464
48340
27096
86667
162733
86232
48035
151296
77562
76610
93783
87506
15806
91319
90116
32715
137249
22871
90537
115385
120458
73710
74271
19602
115554
9298
71371
32441
33235
108445
5467
80849
12303
44007
131624
30129
48363
121039
126097
10655
5636
137452
5072
149970
164465
48531
41693
91274
158887
140812
142037
373
57651
101698
162981
53005
164187
18792
96070
94578
150964
2827
33203
35010
79424
10258
138255
130272
88226
29184
122298
148756
102251
34998
146104
101979
116834
41997
69545
72225
149161
12759
166900
26833
92010
97075
152776
82114
82156
4990
26376
122871
114560
46382
76293
102066
111419
35641
24543
78200
145793
91990
167881
25760
95394
56648
98795
7586
120052
689
24250
93899
142264
15502
103093
47889
134765
95925
134840
160576
160504
1420
34942
56301
73807
98055
13772
71969
83204
41952
169039
27345
108562
161377
124698
133743
141631
56894
130799
45555
71360
122782
36045
56009
70188
7931
91155
168515
124940
47563
77729
69898
89598
130837
124721
59443
168823
133161
88157
117924
153172
2027
121456
128040
115700
80626
34028
3027
56236
37205
586
108116
51735
10828
13963
84973
125387
15316
84441
78699
114069
137126
140392
129061
74992
33522
4057
134864
103473
64872
8097
7926
142771
37715
55013
114823
132509
15569
99134
102909
153461
109031
128542
84834
100258
19648
95990
9386
163805
57094
47138
101504
63022
90922
99078
94379
106276
27174
28240
94852
5403
105006
123728
105539
95031
135259
63910
123531
95268
74373
40505
148512
25933
30187
114382
135891
4679
36594
14777
121953
126681
100691
27177
126312
81503
84598
107714
124024
148934
125767
129000
94107
145790
85612
145287
3008
168716
50736
119032
110389
102400
100325
131491
92598
96059
63264
2274
95117
52000
110847
80000
139497
89842
76455
165818
40250
9653
35030
94241
123157
98846
10545
143474
163506
117926
34840
6919
50838
81329
50003
16168
63674
149233
97666
46541
121668
134288
165641
36579
98155
120642
87823
42766
24343
154358
153380
87567
85397
84727
81010
125050
5674
123502
159034
142910
116919
78982
78401
112081
144982
125098
17458
36941
71005
18703
60927
61992
166363
79611
39297
161000
78423
45713
81531
75075
117061
102960
107871
102741
34084
108899
162934
90472
53192
119212
135227
15124
53936
59953
127445
95473
82866
1846
103874
94934
46757
32
96285
95495
148764
136895
60607
95120
113140
115954
109689
6395
50932
42218
88049
39407
143947
56252
12289
110484
11853
164132
132524
44819
50542
134307
64474
2910
26062
77404
41057
10798
146560
130367
104314
97933
53821
111744
156703
74085
96844
70180
102200
150919
1118
49574
17567
157430
18711
12643
104667
38242
88699
63556
127134
19246
54781
120051
159108
160381
100731
12865
115289
129978
103566
91213
61901
65704
63824
134697
63291
130716
20139
37127
59981
127126
160310
33877
107006
60511
122228
69135
90293
60371
87798
109521
72493
124406
59168
133636
104035
103756
72084
95946
89551
104596
158075
70152
36576
9930
159508
10785
18444
156373
49696
51101
42252
20658
95922
34500
21166
112388
64266
153991
159714
113179
95410
3510
12133
60030
157443
37468
43103
82217
115036
156843
57276
50449
56564
54944
51142
78932
12429
114227
70606
94205
116005
160167
20549
119763
158115
53430
5583
94153
63032
114409
105895
108345
93843
141274
26267
157874
14373
84158
80394
76354
141776
116959
99892
156906
145711
120153
130438
89462
142847
107405
115458
159416
5434
38153
129561
34072
157849
117743
83507
143356
44071
161318
78641
154950
83107
81438
48443
59895
128631
96794
139635
109108
13425
7422
96774
25348
161267
65368
128721
132307
21145
104347
44326
18206
108602
141346
79444
107716
112301
117134
128434
93547
81286
103090
63188
56128
54239
81486
128553
161801
68132
60528
28998
18361
102704
87052
126795
73692
152071
135045
142364
56638
166432
46691
40247
133029
6581
8823
114799
118143
2900
1490
510
28358
118476
10057
157658
29424
66394
108656
15209
8153
95666
95852
24679
39343
49982
156797
80835
95625
66988
39127
117010
27290
154158
162313
15737
109224
55628
163861
108680
115188
88837
64873
6787
40888
46807
102111
46720
133682
139352
31513
138690
52153
167631
32904
88707
110747
90610
165645
16214
72260
13616
39033
25875
165371
60338
143498
36778
137031
53124
42007
14611
119900
6042
12314
1168
42278
153033
75038
131327
24924
52974
154117
143973
93293
122655
111377
118467
133571
74020
20880
9291
81201
76849
59262
15944
48501
103313
84192
41042
9898
69247
119001
168855
76104
27183
42584
7235
23907
16649
41874
157725
119850
47476
29415
139657
116976
26586
70941
128950
87939
93208
122370
2137
81325
72948
99127
14658
34864
162188
91934
80753
20088
53843
38999
720
162323
154296
112380
111472
85632
27486
109749
87975
78616
44185
26338
169200
97082
88746
71687
130310
129513
167736
118399
7381
161211
94353
122313
143734
90766
121794
105950
160404
154213
30865
163854
6682
87156
128634
124442
117165
116068
18732
47302
45883
42639
8150
102139
26921
43246
102061
131296
110733
122067
150945
123582
12312
30429
87965
68664
144988
110611
147540
164127
131760
100515
81111
91363
97025
11590
65748
55621
26605
100853
61569
24132
10572
81371
118505
52408
18721
9855
70363
59175
46933
90102
67214
104632
80991
73898
112508
133092
157689
88410
136178
103526
169109
151875
111209
41939
106874
17261
1157
20626
29765
120036
77023
140073
133586
1447
158128
61399
51247
60845
122988
127946
144787
71073
107470
88855
82663
41112
55070
52369
7373
140712
92977
52194
50156
71026
168196
168663
144340
27411
21042
86881
74004
149063
52696
47427
149780
103416
33918
105394
96777
111939
4028
43653
78648
142853
144370
117027
163630
166026
62370
18936
94472
124487
88017
140781
138632
130408
12612
46016
110410
2361
938
146449
165237
50089
143120
101273
101111
94370
127362
7639
67199
135543
78027
80479
122042
153443
33786
24066
80290
119838
106269
105411
127261
99835
47072
153949
91931
136380
50302
143247
99224
88856
19275
47075
156428
98909
13126
56694
45362
106442
137830
106308
86533
161605
148850
71160
133236
126662
154542
64674
143119
136664
24539
81071
87305
27132
164830
58705
157134
85235
108803
84872
11815
11822
75798
36525
116806
24617
152185
83755
73439
166764
104051
64126
117532
13187
116537
1006
39805
1951
40122
148890
41608
160187
69909
51267
145734
70706
110682
106093
20336
37577
97495
79813
31496
134324
110616
3767
52010
87028
159126
23706
69372
45507
53255
79464
15336
24675
81958
106508
164569
127293
56292
36792
56051
130040
60770
65347
139605
163328
136845
158119
151094
25720
119825
44124
57737
83682
115387
28233
20702
35343
42547
21230
55886
78783
155243
75089
149305
75315
160054
66828
127851
158822
72053
16727
66843
83027
136306
122368
139943
70507
97530
7323
117560
62693
19978
88457
30877
31324
117963
166218
2831
94392
134088
84582
39891
117492
74187
152025
2897
24713
122363
147893
43656
151203
136205
165556
31452
21139
19508
77206
66856
51597
63821
8940
150508
133391
32943
109969
130543
77414
157307
506
110227
5962
47191
51866
128744
67065
120359
44226
29747
69931
58872
25015
75374
160294
13193
43596
61416
156860
52867
27865
141842
2667
68624
112170
124461
89706
159890
167947
161713
146251
31654
150383
37930
160597
91872
44566
135981
53356
90059
68960
23917
92262
7348
21751
73110
74996
88854
33249
34526
85032
70398
57638
125205
13844
140379
9250
56969
68081
162931
167153
132842
113002
13064
18160
136795
47622
127778
150305
87092
93748
62200
4069
74440
152209
132215
62600
107214
107065
107663
34094
71311
129651
67594
73426
54687
918
127329
148206
50724
625
105268
88902
14537
103964
168048
11181
159585
65778
22286
88578
128044
73272
168501
76862
63808
161547
30943
44940
1414
10296
49985
29055
159475
17641
110111
57228
19158
72451
146725
106719
80061
74841
74190
46938
41747
74406
43023
123246
71004
120388
150562
120071
132933
51335
146197
139984
69987
107938
55794
147488
97268
146570
72331
28035
12774
91582
7767
164153
144009
6935
30610
79945
108374
278
33473
19664
40320
81334
57225
38068
7440
49434
158490
112288
137167
148123
23911
159942
115682
146254
28409
107960
148377
39517
119794
36775
41592
28754
70014
14697
77573
83509
72231
31805
2087
11742
167146
1876
65315
10620
1435
28749
73063
167724
102978
168748
70133
129407
20231
147869
9200
97046
6307
169280
122918
7138
86273
84896
100208
122983
126014
18609
5305
70873
27288
118664
29193
99464
131071
45128
29812
112774
40768
116946
74677
84321
122033
73698
36268
88018
130618
31855
6065
106846
157571
116831
158132
31055
94010
45479
122867
159431
86222
114623
110932
87342
12090
65528
163109
84817
5340
85361
2683
114812
51113
61149
61769
87083
74036
25185
33941
28305
133830
102796
51038
56104
54550
35811
52263
102848
118633
34009
137750
99169
47488
55639
151523
88850
9920
54921
142646
100889
150710
105128
123417
113576
123436
21283
32829
134605
58923
69793
86732
131691
105911
83132
121271
139767
146496
158984
148600
86918
8332
147942
81899
148099
147444
38772
119215
121412
152765
13486
58193
10368
112245
137974
56371
136684
77921
149911
108091
73903
51378
22237
126741
65946
67401
22921
57073
97732
108051
118114
160917
105391
150320
80990
53765
928
14196
110411
8648
69569
7724
155065
157722
154029
48457
104402
150551
105758
142032
91672
53890
7962
167518
89016
73168
144256
165048
58617
37654
677
61276
2226
66289
65645
120133
96647
4776
26992
57101
135225
88954
157539
9161
66684
34395
55001
112989
34555
31564
169183
16433
166931
78260
10843
45732
60500
78109
11902
143651
128944
5816
15178
80275
51686
135005
102216
79016
7359
48715
91933
149874
114604
95187
131513
19438
9603
89585
58382
145597
116405
65631
84913
31789
44727
98002
29588
168383
147534
79448
36419
102940
102036
39251
61343
48929
112327
26179
113370
17663
24662
143468
115456
160596
2098
6882
131257
78465
63281
75756
20826
66845
39631
96409
116943
110539
3048
139110
122951
168430
37370
72804
142226
25287
29607
132814
124938
119328
118726
160770
124186
121435
148634
93196
71065
13418
129918
98973
109345
52456
64673
96991
139623
114124
123138
70916
30945
79583
23723
20910
94816
121492
34293
33441
18599
113319
63800
87808
76485
12559
12076
119364
112173
90204
38815
142506
37038
144883
64346
80769
140281
107958
48942
33826
160084
106348
51201
123077
13585
147914
100768
115056
27569
29505
153764
125922
133891
81650
153428
159499
51466
165580
92089
126622
12738
168555
19383
51793
90796
163392
13128
71000
157545
46746
79527
129764
12776
60995
35153
126282
34959
124045
147874
164335
116067
69553
159576
33054
159228
69339
116408
22686
147764
122361
117687
75446
167430
161471
140745
125370
113443
16294
115034
152329
6051
33009
65894
77789
113055
70659
102891
93230
167005
43060
64540
36462
30583
97136
6182
32678
138908
24384
18925
83464
133442
56465
159753
75768
16154
38714
72665
153814
19137
64322
28964
24196
109291
87154
136924
56181
145059
50429
166547
8190
113686
84250
4595
111471
8003
17598
5697
158092
159401
149618
1947
48333
90930
89078
126447
99020
43764
64260
166000
51072
89361
13319
23873
145137
168005
55739
38531
75345
66810
127583
74162
50257
101513
122100
59491
42261
117443
165250
121862
30242
84300
42492
122691
161421
133115
76290
158409
154815
167308
28667
142306
117973
50845
102717
68351
52888
80664
130857
36075
151569
59757
33977
64556
45051
70718
166148
144475
142261
94446
147158
2485
56795
34620
51674
92212
128033
59364
148403
10849
65720
70010
138699
115788
12173
15828
2356
26760
21954
167210
158645
100752
23319
135760
71956
48924
89205
137417
156609
34700
97978
55829
159703
3738
87908
112244
27326
60434
273
75053
34124
127569
116147
103952
86384
129217
157263
123974
125287
138074
12107
43813
134180
131157
79281
28179
81525
54722
3554
64982
126138
49903
81176
12087
116530
134664
110651
162541
147398
55561
12534
139798
2719
108045
163413
147222
115945
113237
131631
149999
17707
134452
115927
156422
132587
4453
51625
44820
32786
53871
18563
104983
96494
25876
52902
24124
9522
37702
2335
79021
133781
78602
167207
139882
38485
158489
142454
35097
128046
42913
10890
12699
163020
56733
140601
48046
116798
32438
104326
31515
21899
116101
55812
97892
7477
26931
94049
24460
42650
153065
152306
78617
14604
114318
36271
32166
65295
10435
100766
29155
31884
103781
146155
58113
34217
122537
72430
145817
147939
65684
62956
92628
55952
151429
64653
21706
168972
110640
84068
45874
115546
150094
104703
70660
84969
9162
6777
45456
159240
126364
60423
126075
115422
78270
134309
100032
4751
109241
21950
8689
61234
10990
69712
75254
164543
106612
156348
151463
14110
91309
159114
113824
108180
70259
15660
4465
130745
124464
133906
133436
144086
167762
34929
166557
74311
28304
119445
101719
103312
83760
35569
18872
120896
3980
160380
167766
25566
47413
96007
10093
164204
43059
6152
1090
2446
124749
29580
160268
6795
148904
1483
152745
326
131786
54691
28578
99676
112657
150879
96159
63244
72679
80181
13145
49225
87918
134675
118
133578
160060
109464
101526
34431
144271
87597
28047
104573
24358
27409
82427
100334
108861
37459
53669
154320
69070
138551
49936
103184
24668
100958
168081
129401
108440
73384
67746
51611
41037
35957
148368
9171
58291
33287
24381
4832
107517
160403
131526
88066
108138
137614
14727
90114
9785
4023
65025
80864
160792
40701
164162
169
30363
81949
94785
3026
107015
25258
57412
39237
75500
9103
36320
76985
90251
148337
66226
6280
71382
98460
59784
59351
16202
64203
13814
136145
83874
84808
8624
109265
57409
100177
54285
101845
71930
59438
129056
40082
159968
117006
66146
31446
936
58453
163331
43570
22432
130072
7762
127939
159794
3774
7683
109211
57132
115908
167744
20921
120890
117049
83964
67772
104403
71572
89924
35962
164285
112976
81730
166132
106547
101509
10704
132659
1735
124235
120898
143282
44009
88184
137516
96005
4398
83847
77791
57836
32798
67888
32142
36402
18895
121129
70146
101082
17970
109217
54589
19824
66842
120467
87956
18874
54744
166641
109516
32019
41552
158828
37843
34852
132122
32050
77676
82653
139139
80685
15050
118574
157912
65494
162705
140969
48032
78690
19956
23017
86924
33100
50519
110650
46877
166024
31130
153297
53729
94351
100318
81210
83029
75233
135209
113861
26785
144503
80871
168799
143820
85622
61689
158213
51916
75237
9061
112691
55585
31838
19254
132248
10619
151624
162859
67460
52892
99996
115636
34909
85498
112737
48527
13345
163212
124350
131592
103346
92226
75475
18567
39155
68995
20003
18422
52230
8164
12131
80979
82625
96373
152244
21680
150981
127310
91276
60518
22256
102662
71895
92065
123378
112605
19395
93237
71049
33962
105358
45220
62531
25857
84890
163121
54476
55526
6786
18621
9097
66688
92702
101638
160525
141028
101039
163112
41891
102101
152942
104906
128536
21104
34188
166007
55095
142003
132281
113562
116024
116970
76776
60572
131810
59958
123979
131722
98596
118117
152229
166600
160387
148596
25169
45550
108168
90058
144469
88890
11005
159979
90278
32280
125709
31144
14227
83832
122366
157554
108444
32281
111756
7516
138905
113074
153365
168232
82983
102359
117580
46260
57032
96293
26245
116630
24801
75535
165320
8066
128760
25751
50024
159091
114709
83216
62430
43392
162827
167718
16051
137310
145223
21068
140798
50207
39061
129941
128178
40338
124307
123159
3120
27303
58074
106108
128052
12850
676
132403
35228
123076
44301
147215
116893
142514
60686
89371
8915
32124
124006
46440
69234
28857
56170
53604
89685
60144
155042
167939
109586
90234
74145
9600
88202
50656
163742
1887
136916
141689
66927
114358
72101
84988
145309
41060
62311
98605
46290
45183
26533
130498
168284
43873
120899
168494
13895
11167
14409
57889
142176
115375
66200
76158
16514
62213
790
147772
156362
62240
9995
14761
106775
166568
129742
135525
89273
51673
91052
5228
162284
30253
116230
146364
37066
60764
120030
81204
99544
164900
122200
108326
68047
139759
49649
38492
6384
69089
35457
139253
161596
121152
142549
130319
77432
140735
118234
36374
24131
82931
15006
121466
83505
70172
168833
68747
124494
52798
23140
40114
117077
156130
21582
67099
146011
126090
92057
120233
100193
73625
1194
135298
118859
154930
67140
124453
108337
32294
163
89906
157368
54540
143829
79200
98971
47430
37221
66130
128269
121337
96452
157702
104792
14001
8684
94786
55453
35769
108585
16612
71406
120437
84758
42422
14140
90365
24892
83312
87695
2559
75542
42488
1829
147489
150022
97829
96041
28297
107050
77376
129487
22061
90651
53342
99894
147760
157426
167953
40121
59628
76860
135821
133098
158350
155220
60392
142470
92030
86271
117381
86579
166882
99762
43243
36762
154114
26501
92662
136121
16539
140142
149133
43547
81073
56644
41992
89018
150079
78657
131390
9122
20326
150748
20720
134266
167392
162252
120460
73612
63857
55310
148758
79241
61365
33323
168339
102234
91734
27451
116072
88999
163553
73290
43394
17050
97804
11254
100152
121593
137284
130028
71021
33230
53779
11092
114998
36134
35994
136939
66102
51670
103740
137353
72422
129296
75421
89764
156653
149652
146049
72469
106957
105490
168092
129344
35571
76286
18885
117389
116131
51931
78474
78996
164740
33816
3882
19071
16370
10090
58839
112891
86430
126592
50164
169316
763
118531
99597
135304
53262
163115
142350
121686
116318
152791
102243
21025
166534
125421
60952
119707
56065
106489
143083
37251
107236
70535
99646
42830
165267
139465
128623
43176
156979
107135
158669
70385
165843
126715
139722
134702
7334
3174
65793
111196
76337
78231
93827
119875
95057
19713
18569
124776
17142
63206
55801
87070
98262
43881
87750
93522
167680
7662
134920
158614
149559
22617
102253
128018
32463
25809
124271
128360
46770
3304
98481
90209
60992
27432
11373
91901
69971
109099
27587
132623
126103
31939
86636
146393
60988
28410
129299
70472
106119
131144
28373
101129
43675
135302
148632
72645
167529
148705
89084
132219
14367
33375
84157
134017
30166
61414
122372
9409
11289
128088
87357
120348
97938
119884
46788
13092
146513
98127
67722
113219
164002
41754
43221
17543
135517
168347
154627
159570
67742
62238
123888
34147
114130
140216
22703
99589
131994
61734
132996
153229
5342
124524
114340
81951
43738
61870
38177
157742
115965
137421
52859
147483
87564
126512
79593
62290
12673
8341
67477
152132
139897
50706
143394
142594
163017
145601
126267
10194
20307
94932
44486
21187
51594
155876
79373
152312
133362
132363
135672
71348
147074
25243
12499
62758
35215
111365
53027
136416
161221
169115
4374
5399
145114
59730
123706
36622
152428
112373
80929
31425
25663
147133
127898
157713
74702
12592
96453
38723
28851
164761
20899
127390
60023
43535
96400
39372
38934
120474
29007
57179
78227
162019
149581
100549
29939
95846
123850
48759
120572
94708
132631
125649
119998
49316
53674
64320
136738
72189
159185
154658
151425
98160
99286
108121
44969
155570
133072
89415
128204
64695
95723
36546
21222
46054
142414
20108
5147
128265
149192
110855
11994
91322
154951
59754
98323
130108
150189
3459
165976
160406
112085
131872
99019
155386
104705
140522
146218
167241
22161
49432
9794
30107
164618
110480
146585
152568
86221
74668
93558
82042
141659
46465
45365
34851
107754
21621
100195
16863
131672
24905
44596
106463
61070
83820
121802
22884
146514
56433
150602
132979
123718
153609
132429
161045
67531
74647
103486
140252
28589
160430
139284
152718
101876
74102
139224
66667
24056
99610
6322
164841
91254
104058
168919
67872
143830
71573
71650
163422
18062
165291
90865
47791
147159
68645
31137
8078
22697
2763
84712
165126
85992
166528
150121
26413
13046
11913
95801
166209
133449
53501
53075
125195
117685
24985
160855
133865
124996
64824
48426
39707
52911
92269
73434
87620
132217
4736
103842
82439
45072
38218
45185
52621
74549
112607
151029
150346
42017
160960
120316
28605
24621
162792
130570
146516
105139
87503
144721
15966
17231
40426
55809
22462
88230
81005
144047
80727
46907
2024
110890
32879
57218
104226
90225
76727
104111
109407
127167
121109
117183
108586
3806
160174
155934
124974
45750
92712
99678
58490
107167
57207
102969
159437
88831
55877
52287
105653
30438
99736
52159
110370
155523
51936
54561
55148
131839
53399
89248
68372
120508
4106
119995
47770
87330
126017
159550
41019
81776
152729
113524
44423
158953
50444
41556
134456
83965
17644
12043
112890
66852
125591
39703
125308
121723
67421
54125
51555
136967
19637
79455
95239
25106
146149
124716
96883
121652
168917
103751
26317
89259
152828
94022
44774
5628
43504
74558
87435
107391
94780
166934
141286
73661
93156
98390
145699
17127
13706
167524
163631
44463
43167
167654
136128
102332
32478
3128
16914
13939
98353
62745
84798
51896
75538
20152
113233
31358
72325
30494
51470
3075
105290
162308
13260
40232
100196
64758
64628
146510
53082
95017
112980
143081
57172
33593
102930
116848
19429
93601
64569
34308
116425
147196
40166
126765
136553
53406
108968
10165
67310
107551
15261
121993
9523
13013
99130
113514
139421
54426
32806
95746
15534
149284
39630
154410
111622
11728
129099
107984
44896
162938
4085
41390
35349
145310
99428
122770
54938
137117
161492
93939
35058
31381
59835
92322
61426
64757
52895
53265
135002
47544
167975
60152
90729
129054
75635
141816
41820
162198
35099
55596
109184
86873
33935
116936
155150
70651
127128
13918
141839
154116
107242
80382
26699
44877
21859
4396
60454
134242
42591
145869
164387
45136
14142
70496
64663
46958
56547
28778
119186
16166
38908
148064
17780
121156
1959
112411
135559
159301
54558
28457
77510
141113
96603
24254
158663
31871
161805
121795
54342
624
145091
104801
155936
8407
150996
148833
56411
39057
141038
98709
11923
83600
157318
38362
77338
908
84658
42784
163832
29835
152541
38715
69063
151109
101612
7212
13542
10895
67649
17705
147214
13300
103298
21480
122097
45978
29842
7421
89394
157805
120092
55008
34159
22341
99790
137840
33725
103334
162318
162645
102325
108936
23558
76668
56001
147877
6269
87724
9428
164855
106257
117487
163811
83955
43982
156588
23717
152720
116429
83801
149053
41107
110394
160497
138024
45075
67450
17552
147057
21858
132492
5613
40316
77158
69524
109018
40834
53172
76391
132750
81797
97138
143860
87517
119916
32419
98863
143885
63860
141167
13069
76548
54587
50140
34085
121351
29872
38434
157807
137725
122280
160219
13406
85914
132578
51179
147665
34462
69726
68313
6370
21436
55147
162653
44601
140230
90762
19800
43947
22489
140909
39433
166928
79480
68251
161725
77617
101907
32327
167954
49464
65382
64859
35083
160302
62344
100621
105113
27641
46391
21245
34617
11131
12323
118126
9166
20562
162461
136426
123915
76002
168685
76638
106028
168405
36800
62713
55950
31318
2610
124444
154938
102233
21419
65435
167310
87922
128940
58391
45664
161381
76279
90924
12743
113600
83301
116659
94064
88846
95492
113682
166162
42428
166059
45721
45846
33610
62479
85908
74713
148717
108998
64280
33030
126986
104520
146687
3504
58432
43230
38859
93657
69071
76488
59753
134363
127392
68737
105005
6633
27187
8831
129591
28482
44476
163132
15746
51963
157738
108266
159368
46702
145522
131099
46287
145574
59482
24412
45173
26556
9165
62718
92542
27322
85511
45705
98065
168496
80978
7544
35496
93194
81462
46036
7339
23032
86974
5698
133363
71431
53928
107283
1765
142359
9141
51299
53648
6198
52460
53615
98486
75319
46944
102616
69942
25549
163596
107299
24081
133494
135008
103495
154438
108908
95116
101546
90112
70675
103327
112860
106820
96283
154534
147543
158849
87600
143099
21925
26582
13410
158765
6776
118012
117922
100139
124448
93810
107219
30612
11146
134138
130105
84283
35973
147808
121479
5168
81664
4158
120368
167117
32153
102901
27191
136671
148555
94770
27031
115270
90443
10791
9966
151361
86997
71491
136304
21602
19018
85241
167731
123736
20141
76458
34704
69335
28888
120058
111158
112504
46349
54436
11918
107177
40984
159237
78832
159430
73677
162790
45747
105988
18159
96709
166711
136285
143432
24961
133624
102041
152168
122461
163090
157708
71531
164376
17471
85002
159658
59000
83516
99150
92794
14590
29254
61106
45291
44645
82146
72352
94987
117959
23018
129330
145117
167739
84994
3755
137104
64708
146612
121816
76538
35439
168616
18720
115054
162431
6170
16081
77520
30824
74176
86743
122641
44317
142578
157861
136114
30906
160510
136771
127797
142461
87783
32544
126613
82628
24422
146616
31893
66097
150182
150396
5922
46144
27003
95210
72030
93489
133339
102963
100533
134057
59128
122113
162497
34853
2612
23892
93832
159400
152920
67338
34117
26592
130929
69879
66213
125482
25235
40123
123958
83276
33755
12823
79846
2673
40866
162767
152057
132813
1312
162220
29704
69885
155851
136267
85509
146965
145581
143963
158369
85122
103991
91878
164270
17454
127150
15013
168468
135838
88083
53086
68349
29903
116366
80099
136390
47130
18333
15206
42532
116523
137821
55007
7711
65641
147454
74882
94904
50747
33110
117190
75511
133967
123441
40753
158349
65053
4272
82361
159731
156317
139615
56622
166919
22081
16331
34455
91262
161062
88358
70196
20261
105975
112921
132421
71521
44191
54644
140184
92782
86973
35332
138243
121477
55622
113738
135151
119947
40517
160085
116347
16226
5016
76826
144800
149662
161202
127845
127822
111765
130845
91596
96143
45925
92138
90436
167751
148803
159877
32824
153030
115307
159088
73059
124558
112165
112389
113900
86440
167544
140067
124955
97117
133860
122082
150385
46959
59412
103653
868
74717
128164
75414
154399
22360
54773
150043
100463
3484
21432
154595
106879
103379
115219
73873
22434
99389
107717
42171
94238
75240
34055
78439
27783
92420
130488
147199
100475
121341
36066
153661
136519
93449
150685
126680
16483
149267
83992
126734
104493
35368
37638
145480
103096
67300
98429
86428
148513
10955
160121
131646
44538
122091
24837
83119
114385
105285
19969
122829
118470
68346
67935
74451
34684
3670
85249
14963
34736
40663
47487
13154
63067
23522
142974
150698
115429
52779
83252
110913
97218
110548
101390
142532
44757
27056
153630
66470
125950
4281
38292
143856
22216
86691
125802
103299
92687
40128
64755
54291
47364
22376
116008
64350
130738
155976
151298
1561
28393
135756
20572
96805
46618
63714
77474
33502
123237
87353
2059
138235
104963
22816
79177
115315
100246
91456
60426
10600
52600
94774
91215
16057
106926
26418
156284
160437
133601
4422
163886
140914
142970
53449
88197
21614
10683
68403
131987
51918
82056
114588
4970
87591
153064
141617
113399
101468
128067
44958
100776
95877
116242
50646
178
110584
103782
90544
140316
62314
74137
105392
146108
98859
88695
152831
43681
28663
18581
98142
59460
9425
104280
24673
158593
72918
112621
107537
116089
17365
77117
119069
71300
144776
111638
115412
166566
132116
72371
102780
63923
57342
103154
17974
120181
17611
89487
55295
4330
14490
54616
52841
140774
48852
66096
149764
28630
90563
64528
49007
135152
125220
17834
82036
30593
62733
43993
20237
154083
41260
63085
44120
161108
102504
161932
5101
104583
34132
125661
136269
74493
41284
86935
71132
11646
4213
69764
169058
106457
150249
152727
68628
121833
62850
71890
109763
105549
67632
33306
142347
86780
15008
131497
126406
119177
157223
158737
45305
143452
131837
22643
1278
18736
55476
91499
135883
74141
12938
70854
85392
65835
164532
154481
47674
85796
4228
99565
110336
140406
24757
82986
63261
59121
2855
86206
13987
141491
70556
11870
16968
18512
133767
78696
95960
164703
146655
98195
95441
32719
77489
147794
8755
72992
56314
99525
9707
55055
80390
76827
39625
93366
101010
141255
146026
80986
134718
37025
124153
108945
92111
129800
129065
81695
30446
72278
4728
117784
61885
141657
145561
88978
66420
123746
128759
99661
117477
159700
73338
157076
293
74096
15491
150095
112193
38422
21330
93150
6925
41227
164121
148116
44342
79147
5038
42998
136048
36257
86995
82103
71951
30691
149138
18415
140436
15173
156766
131614
90682
120041
154496
54766
149955
13258
55803
115090
56220
145653
51632
167603
159723
112945
79571
54130
149916
117406
28362
125056
16825
132328
105527
62098
109598
87220
149720
5825
39388
95052
155029
136629
63307
42338
137580
36665
67110
142521
104429
128274
40826
58864
139396
65794
149359
135277
139368
167580
122430
30535
63994
162806
96056
140851
120633
123459
39432
135077
130030
160959
121939
59085
60562
162531
41821
144251
122250
114054
168467
70908
57298
26853
135154
147549
44661
143396
68065
135823
13691
113693
95352
142577
111924
109864
74048
95950
138424
27398
57577
117638
43800
104249
9402
161731
138631
87900
56973
131286
40931
131418
43009
56753
95313
19563
61988
115842
122547
79114
32117
93872
20828
103645
42024
22929
146363
143884
71410
118469
165251
150136
13317
156700
60403
34920
117842
96809
577
119002
57246
166095
29093
152999
78848
141440
17244
13403
70075
71880
139324
108057
137752
154655
67228
99001
139899
19015
43050
51772
145947
166596
73865
13056
45124
67193
45313
40941
49958
45433
53556
68525
117581
38578
112686
124536
42755
39019
32996
116624
31040
42169
60365
103114
148921
150454
45834
51612
37331
128764
15804
42262
14391
44432
168472
17296
151031
142062
78455
22456
95405
35141
126503
65574
20696
63428
45413
20865
84819
84348
68590
55297
35518
150009
155979
100711
78658
165331
118210
151968
12845
114575
116473
617
112982
79492
39459
122535
125230
153773
50038
34209
22042
30980
112403
60826
99867
31761
57730
36449
147372
133194
50955
67569
83686
97856
154154
103191
92440
145413
160849
123535
89556
25528
161357
7914
61274
78067
22449
9334
131072
79139
107402
47025
5097
68612
49053
94201
54803
68131
157716
142250
55381
142934
82714
165604
161744
27283
93989
108626
70000
42152
117527
27041
28091
150389
46069
157638
96477
54725
150606
130576
14459
2770
36819
81666
95793
94302
89351
168946
134093
41515
65790
92848
10912
8869
124398
79213
126037
37076
96221
63874
84102
83109
139699
99381
23629
145550
97983
100035
102006
49679
78743
166650
46748
64445
153205
120530
60655
141975
108799
40810
87259
55645
123855
91255
17919
49454
24000
56047
29333
78454
47222
87261
52681
111445
136800
71103
84173
163754
70811
46245
151408
5673
85014
36466
126275
40383
32098
118937
70723
69264
110675
144739
72257
62041
61862
117460
113391
33434
114010
102740
19229
80846
68579
1683
76315
52174
112738
68862
92870
128128
133692
62363
45852
138508
121663
45131
157271
74760
43869
135811
13686
155660
84554
119985
146918
13360
110146
163489
63912
61784
100129
168076
50210
62388
69544
45521
38564
35339
37203
83104
83041
7140
78775
33359
66577
127869
9228
73721
146511
145355
140928
138701
141410
12954
141145
17416
143921
148544
46821
43013
114276
32277
81859
13757
110656
107442
86899
29373
36496
31323
135541
139218
140197
98560
69878
151588
9279
148491
123263
71503
124530
45588
150709
80783
65896
105912
157602
127779
5109
67675
56434
79695
31924
137694
12427
115352
108888
54128
153535
71378
121056
16215
88324
121765
105102
12086
110019
16465
1565
159058
81349
106090
51056
6707
86067
81559
167623
41689
163849
97451
125035
123350
111732
4899
34402
94056
80193
99934
39732
20216
25977
158844
9734
34041
131559
3800
9044
118785
99311
54994
19189
167610
137664
159084
156837
30867
14809
31234
121553
81939
49832
138458
11353
64209
153218
60517
17254
132544
140930
155740
61476
114063
130560
68379
154053
73133
83108
71217
37328
150156
164791
87016
122168
81528
44297
128324
120218
123637
88877
66341
96652
164295
6617
50928
149965
23503
34163
103068
126635
163485
27028
112381
8395
156946
6456
35208
96079
132359
163175
71973
115565
99911
144496
55155
124924
22898
88117
66754
19717
70727
111195
149490
29103
644
165343
41916
884
9822
84253
61187
150259
110778
141579
55458
132720
128771
167191
6792
115269
21095
95598
128400
142531
105237
