134965
65676
91935
93164
120757
59140
93798
99427
111781
522
136200
99022
1195
62440
138134
54420
155068
168733
164047
168666
2287
45886
8351
65315
164153
17093
7519
156070
160144
66321
112505
41791
74632
52800
158655
119312
130400
80573
76968
133704
41474
60655
154237
32068
50066
15338
32163
96553
98160
39434
130079
154475
95741
49300
79834
85519
3434
85270
129276
77108
117110
109190
95661
75324
57162
10854
36464
54482
23315
66297
131251
23616
142790
12098
53305
4626
72267
56579
101625
128854
155601
83412
152861
8833
40675
167716
106605
81099
106130
57910
128574
166922
114798
69169
106411
100308
60156
10191
129605
145595
121788
35285
96184
127733
100874
11232
90832
122437
71219
65312
108720
35791
11721
119861
81002
62749
75492
74840
135192
155303
92262
159112
149892
72893
53243
98008
106905
64636
163063
118987
85691
160759
56897
131349
24457
35508
41771
19793
109036
124258
114329
8266
127396
85091
158009
141169
15779
66628
8612
65521
45902
18269
106464
145854
29812
46035
3826
48712
52442
39509
50478
131986
82494
23380
130128
91564
62393
53107
29666
29823
112955
15312
143811
105371
125696
81313
74239
107671
90670
7381
35520
44099
82344
154427
130695
18695
128568
64582
86579
41543
8571
88475
109303
81866
121208
82367
102722
125834
140743
147132
147793
145036
35269
128383
111378
51041
158645
20658
15883
123387
26664
120458
83006
158760
42005
165883
149662
21917
105570
21399
37903
97872
57802
50343
75474
55237
87780
127174
1586
35456
116719
118534
95764
142227
33498
129363
142136
34642
28369
16845
65236
68332
103018
152658
136241
45296
81829
9814
136182
3824
69667
36103
131755
113635
40593
136977
57507
72886
117357
47632
128992
20477
59311
87604
86031
27856
78501
4410
53833
19369
165226
128843
71666
24964
83811
155832
74680
95780
158702
108874
76055
25473
148616
22375
38740
32985
58002
116316
141250
102158
93452
116737
51295
128329
123913
68685
85978
123610
90561
85914
168488
53195
114700
138179
41329
7897
72617
41681
129274
24693
42405
78109
101145
21719
59150
83350
865
54592
159473
158201
112491
13754
141858
76969
150320
118240
106835
20581
26704
103320
137812
3687
71318
131321
67040
51372
108972
105890
55122
13528
160386
162743
123656
52340
115876
93950
84569
134371
40707
33299
74649
96953
116161
29597
35779
42134
81345
86269
65039
146732
150147
73470
92917
16556
113756
140332
160619
155739
87719
91082
45132
154419
56869
69210
16203
169051
72074
1601
124994
159680
79115
42034
40480
95914
19623
51820
57174
109522
166088
162725
33518
45068
66916
33810
67434
41152
15548
111807
145504
4495
6436
61186
1823
144394
20274
4250
112011
127604
90968
74704
127984
153638
108428
54854
81803
15217
49925
37998
79194
18549
161472
127608
153381
152254
86136
131552
14870
144616
136477
54393
115839
50961
115858
18661
3683
2282
68405
130235
43076
89332
69535
107610
44978
104152
96535
66422
67813
96449
5805
114232
105841
42972
54311
97289
148745
36961
113330
82280
41387
45909
26450
69646
128586
142515
81465
68269
133729
100261
15517
117620
102979
29849
111012
69545
166871
87239
53329
36156
120833
159594
36760
96191
123386
40614
3783
48435
44190
41362
48385
73707
4302
151539
25710
53882
2912
132552
137553
75914
62319
102032
57758
23947
132899
78754
136956
110099
142553
159475
85327
96654
105985
117814
122239
150972
102018
49264
42519
32695
86014
120740
27405
117813
157807
3238
138780
79053
131753
61054
65631
34046
103393
96383
152418
161692
111679
102361
33426
167699
149868
132839
103077
79221
12125
68888
148710
94940
87319
53906
150672
138609
37909
96189
105958
89032
61403
85662
32784
88610
36062
98964
158004
115798
49989
38948
64846
108116
20077
106639
112366
36495
43844
49546
97599
100588
36270
49588
24040
91617
69014
68977
93188
164873
113601
26817
7870
150123
88421
87520
48713
14751
158089
71563
66809
32686
153768
57453
167293
138198
40696
14489
67318
30935
37005
45848
111040
145618
45738
101849
5293
80986
51590
64049
92824
90329
126634
95716
79446
112864
120390
63355
137118
20659
1027
164623
60835
159916
160522
30012
139990
78145
15566
146634
43593
52184
81116
21478
33114
91150
115886
35775
26462
75956
88466
107018
118068
61392
140287
145651
149447
79072
57529
37487
154916
8915
91944
42067
151886
139841
87931
37374
1685
122714
36447
121185
100550
23998
25787
149199
47861
121947
133185
156674
167094
26697
97348
43184
57901
87859
77556
32485
162920
24619
65512
43776
64873
39568
65751
91951
66179
137799
105755
151422
22244
134188
2348
27634
69362
20195
22009
148024
21885
99849
167298
36597
42976
151115
168884
122533
98853
27473
157894
64102
99420
43347
30226
105476
32623
19128
31652
95262
73530
129152
102514
126642
119626
118338
126668
133888
62588
69355
100137
118554
97011
2149
110510
119694
76738
39802
68708
16016
4607
147992
44697
104215
63693
143832
27012
152475
150812
162247
138565
160647
136435
96502
16906
103342
64753
153277
90018
84692
71104
97427
5649
139671
88158
78914
45663
160248
131052
17122
144034
131786
77640
16852
165969
122217
114650
153449
115155
126397
57656
106383
72474
18633
158193
130141
124329
136764
165830
138973
401
130406
141875
139519
10929
12964
115609
17654
41057
92540
64640
31172
17750
85885
111980
96960
112928
134632
167542
166461
116990
28779
126466
65060
132909
111794
127303
155634
168064
159145
154144
140487
97161
69203
63388
3243
100177
12501
76045
45692
139147
100539
44261
134284
93350
115302
88597
135568
157569
136817
137672
79162
46205
162207
847
142472
93017
814
74968
25350
79673
164138
5149
98800
55828
163053
9740
54293
167134
17147
131748
84009
53257
147060
63814
73517
38246
84672
58227
3260
93545
5815
138578
163868
104737
47341
115355
46835
146719
33543
10078
48351
1659
158516
76502
130974
10774
101696
167275
9496
3027
24258
6278
34265
149302
84892
16175
89606
123192
102482
6123
71287
42897
42664
95254
83579
161948
6799
5351
42800
162949
5810
101509
8344
114215
97475
14807
5509
150356
107535
8147
165217
114817
144505
49301
134276
88721
68401
139896
82346
91432
4094
55705
136235
110604
40672
130385
162008
15984
87184
12163
114776
21615
40123
133882
30798
3663
45595
99841
66316
137309
31995
132224
122860
130824
86531
59188
3200
134443
120239
67151
24736
89982
101010
148880
37476
113169
33924
131634
64296
139571
131542
11030
146096
139013
62046
18311
102517
152788
136527
140483
88200
144374
8838
163887
49724
99525
155989
72132
143533
99811
80388
37980
142888
153158
140460
50399
89835
131997
711
66291
124164
34037
49664
144685
95750
37968
87497
102109
35253
75375
38257
75382
74938
86155
30865
145257
73212
27312
85462
108440
52966
85316
116265
61457
162419
79303
80468
84013
65851
75421
50443
168653
143384
14946
14891
166820
73663
72955
167731
24570
114184
32263
139771
56592
140328
5107
144782
60665
8646
56396
54264
89664
81340
9702
126655
57077
128989
87492
136119
96685
49365
103913
43993
94507
32121
150209
71942
119049
107608
58886
68135
69802
32339
78533
51300
158378
77322
148910
45225
21088
145525
11529
156577
33168
118291
24927
101934
91954
116
86080
48681
103652
54719
15486
114303
93823
111555
74520
11752
145327
18436
75754
72416
148526
77153
47670
56826
12567
75436
10403
284
19220
96240
32356
48389
33497
69440
131323
78172
64981
167036
49788
142242
109524
28227
33072
76492
117014
24965
133031
128999
27061
165873
64611
163180
99914
126544
31592
168088
142723
74505
64975
153919
123774
10214
71551
78122
125909
156708
44947
63092
101453
140045
13006
118818
115855
85638
90191
92970
151333
128943
65438
44622
114691
65143
126649
34634
82756
71361
43534
152033
52153
77910
61986
78076
54012
19305
104264
152160
85392
105892
1330
64476
124897
44609
45526
167722
151575
47246
134542
32995
129406
70834
96620
137191
165684
119243
33271
156532
77753
106628
129946
107114
18472
18346
132862
25944
124330
97853
156536
11698
82323
124451
98418
63891
146845
109657
35673
135628
13024
1144
131916
79226
126348
71060
47835
65549
124365
160136
120610
87335
33692
19907
25376
52498
53742
116100
17405
89555
55779
19112
22882
85173
21089
157398
36363
8524
150439
154577
43594
122829
33582
158029
108740
133586
169040
126011
126615
60997
88789
86319
143814
75710
99199
35214
1302
80561
37364
151183
55192
79793
27771
70406
20189
61050
64520
84809
15167
102572
48057
94732
168561
104590
6152
56973
136891
104108
77933
40256
77539
101933
30964
39919
81753
49351
131532
127506
76465
164594
81040
14998
15171
122258
138945
17921
73259
4111
92660
7485
11021
26637
92836
46893
68115
101048
71488
159853
161050
89648
85378
19616
83648
129971
55596
29229
65105
36102
17582
35646
35547
17721
36942
12585
137951
111088
98474
22955
139270
44059
762
140401
20294
115413
36522
100353
84487
96483
106371
58364
57445
165822
78536
52590
102682
72678
51082
143676
116481
110290
162986
33879
57902
58596
9990
29739
145449
80197
40861
11660
142491
79050
148572
133604
137174
7640
18650
151973
99043
152744
70307
89788
63348
77089
85916
33401
91686
21791
13161
78752
146423
119241
76885
103141
44002
72831
78096
147875
65170
111662
52641
140416
20466
16394
70565
22956
127823
165531
8917
74391
156571
20594
7300
91725
19867
36162
6044
37112
110072
73891
160393
108094
31924
112585
52097
118528
96962
52445
6825
112760
104151
42163
133580
158062
136836
138558
160518
163129
69265
14038
74873
116667
38993
65731
148535
127250
4136
98887
134767
60850
111028
94106
108638
29088
54912
51673
75256
84680
49986
154282
130101
33263
12867
100054
163143
98119
167845
159359
130208
96216
148903
62945
139657
164469
15297
141055
74246
113305
99121
105805
9251
143245
81178
110149
118698
42793
16208
39085
89239
27256
17859
78312
101387
74753
20327
87890
93876
18112
11901
162504
65229
77222
20883
58986
76796
40562
135824
102020
624
17406
32763
74953
80055
121983
17807
42472
11734
100118
136581
59724
73231
3178
40323
91879
139205
85320
83320
29574
105196
16650
166104
83036
150108
35858
57596
159375
4412
130138
95727
67736
128534
22937
66626
130217
10481
23212
88296
4044
126044
66369
43557
63339
119408
109252
166222
75522
122825
104062
149645
121916
16975
119834
132873
58868
65500
13782
65022
125536
93322
122575
85518
92445
6418
25474
134149
150709
68500
9560
110488
86267
112095
122699
79590
127002
960
81336
82459
44028
36713
159462
113575
147283
90945
95122
68553
31851
34360
10837
127361
32197
165888
106353
52386
37416
10636
134684
157753
150686
52454
129389
162531
64694
58117
98737
68833
71777
98918
687
102432
51738
157677
42283
15964
37307
159336
18414
51472
123702
91582
151747
116014
119847
44834
8773
126939
18571
48522
142434
143389
121621
8913
34249
107952
118190
115534
121518
147858
10535
134880
154569
35143
36666
4009
20088
156723
68593
138067
132283
127731
46058
125236
142044
136037
42581
87594
124078
169317
153831
57490
152997
51876
34438
49615
167322
28530
162374
33589
155317
59614
133288
66904
104036
163899
17142
115737
1948
120394
23464
238
165064
96331
77273
139235
45577
168779
34399
91181
64799
42453
30327
120787
99911
19961
137412
146558
113236
56917
58319
50144
44319
99769
42924
24558
153579
113474
50530
100187
108698
166693
109011
43228
81360
142290
23119
130071
60230
164218
140652
42398
135193
123559
70866
17436
22037
143031
31248
70510
23949
131812
22809
23733
136355
111721
70334
8312
59717
42256
94127
161999
161931
116537
147254
57600
119877
105639
44130
148495
29817
37333
151563
7371
47738
64381
135078
108983
6059
99970
71365
153313
169064
114123
83293
3235
167380
17472
66185
22936
78925
133556
72499
87637
17223
82319
57471
137104
39785
166291
160960
128832
6144
28367
124309
94433
103360
12821
141610
66248
71150
104651
126955
60136
15579
129582
24185
63654
56103
82070
78062
85547
20507
6244
110716
163971
10560
24826
97435
102465
155565
112802
151913
107483
113883
98830
122413
61948
21622
59737
138571
64359
55132
143888
145675
56773
113257
88673
163428
31254
123580
89112
69201
128227
118265
23580
7742
76268
85380
2721
139364
24939
47958
85874
4710
13430
33180
3559
112604
72708
42374
28832
575
153388
42777
107587
102068
8716
81954
1110
163076
92312
125587
120108
158032
25228
147247
92094
3592
71782
31763
157206
120192
107786
75001
31442
31034
35530
40038
136839
71896
36242
144377
22649
157872
8303
49261
75030
22975
163133
64485
103978
166526
123985
104687
112425
72696
167714
62346
13457
64442
128791
139721
9069
36782
144829
4451
35939
11330
14768
68931
22819
114496
69048
107611
88780
78958
91631
23886
156314
115538
28871
162349
154092
21000
124227
43322
34349
145336
114079
21295
128159
3223
114646
106765
139502
58301
168323
143678
31323
164908
6350
149027
91054
95625
68914
66436
94211
146917
31237
49429
29245
63515
80418
17327
47620
9511
160888
40955
72133
132636
68222
111993
35136
140524
116164
116794
46513
166058
31842
56691
76272
154714
134273
168408
78150
65703
157009
157524
129861
12555
143900
53863
133736
126355
45431
66009
142466
152642
22299
97014
161640
33003
91201
34630
134036
142970
98967
59757
166736
154176
81100
129102
145117
24669
67779
15835
142176
42852
17745
158922
139553
100663
123041
141324
125694
159104
6317
24099
157614
154425
63283
93378
9453
98436
126438
100262
49713
51651
24112
123990
156060
29397
167868
101728
159048
72233
48628
54108
50662
78774
118004
162591
116108
155359
53663
146442
44515
129116
93277
62303
54611
60465
30321
45117
92572
164128
52974
67256
20596
138586
41229
62145
110143
124652
58531
60349
93451
142507
78947
58243
75199
23817
47642
21794
24246
104219
30295
27274
71831
98020
129256
89915
36460
167693
80040
113618
106624
149679
167175
148198
135917
64162
53801
115074
30013
111648
92769
146650
160076
113927
30571
25859
129744
101487
138050
161191
63254
113060
77330
165305
15202
15064
143847
39962
119171
45100
66182
28204
122526
69595
126852
75840
164154
159168
70456
67942
130642
70162
44292
136264
100859
3746
134380
157600
87495
68270
88430
157801
43938
53385
139359
129579
99313
156693
129870
151959
73959
102945
119084
148498
47219
30167
47067
150372
94514
48819
168160
60238
162973
55320
36909
65146
73627
92336
94516
153489
121205
15006
54609
98612
16405
123614
56920
106816
55677
41892
93768
163070
92392
102680
36535
22825
8780
42622
22818
162520
68006
72823
107768
129446
156435
96454
151254
62714
11601
54426
45243
122937
98161
7061
145343
12279
134260
75631
28770
154814
47120
143279
115944
81489
35278
46907
21566
59790
33569
36360
81315
101394
10376
93989
159569
124211
35841
162503
27990
134453
104350
60649
137380
40689
126198
151717
159631
68484
10999
49245
2749
9288
1723
103891
112539
125629
102899
102720
124650
80121
168833
151954
101577
67960
24775
98074
92361
97978
71796
103071
40307
93339
103508
160919
85530
150676
155754
26852
41230
106002
27077
22935
155238
133761
74495
4166
117867
168882
108795
18270
134700
168000
52351
93665
22579
98803
49107
125221
156771
86373
6492
164871
39793
99184
36400
26627
118034
131806
43454
15483
164624
13243
157279
107280
79314
5685
129399
22179
146192
109694
140650
122664
160405
164646
123120
108821
22288
165157
123625
149391
66340
29106
53542
68900
7730
31088
37726
22515
81013
1847
38985
82557
127305
121894
124597
51163
77020
32855
92470
160377
54030
44469
153371
135151
40419
31523
30918
78679
73941
63566
18548
6465
103403
134763
149348
20788
95993
39653
121588
31636
92797
116259
50097
51980
73868
135566
88868
145316
130472
162929
151357
95506
122492
121840
146569
101321
53529
77960
19289
89126
137229
77027
43553
102144
89904
105319
108052
7231
108745
32994
96452
106473
157468
61032
35540
25037
25186
92907
135217
30213
145027
48443
29209
12664
146036
142853
146803
4145
46970
153133
99729
121004
18732
123334
51870
130371
97660
23863
76021
139474
32847
151776
67168
133755
46766
8892
7028
55124
162432
164326
50105
33573
43474
141962
134810
139644
121653
89351
76473
85955
122583
6068
120950
86602
68692
25129
63464
155125
112620
52738
61372
70388
119539
132298
14198
7423
131598
19286
64541
152901
142635
138204
13533
7129
55068
32979
151343
79515
116495
26693
37279
71015
51740
89841
8765
40920
163897
85988
90682
44668
164565
81326
52940
138850
155544
39654
128886
102002
73233
152183
162935
141708
1651
94393
132534
145766
20879
162724
165208
65230
16941
72638
104653
79558
51354
14604
102145
84856
9742
116824
166573
156439
101256
140035
32587
100371
157651
34199
134111
79725
132080
77453
20394
125641
160086
133362
95185
116167
34383
59402
160215
110820
72002
124174
155295
64701
123016
4756
24977
148884
79542
53429
33098
21480
157185
101554
91815
38191
120684
41036
37820
113333
158037
127399
110163
2148
3711
61337
45267
33786
160929
71852
79471
51934
60279
93454
14356
117900
136269
104509
27974
106518
137560
15004
90235
95712
73404
19967
59637
164292
60073
157637
122550
137863
107613
29904
112113
112119
35189
61274
151624
143968
70340
163100
33009
139260
78241
45361
142565
45026
4314
102549
80579
110438
40655
48294
7181
101520
40195
119179
75050
30575
59662
151246
146379
12928
97526
63301
34558
21643
118276
135438
61193
110937
123250
145777
42482
32814
106392
19521
138017
120373
87355
138595
159342
153516
60207
62244
110634
145155
35406
112034
119640
36127
81191
18960
81134
91141
62232
67731
126161
60022
37249
148100
112175
149634
93882
78353
11862
36672
25898
156003
33619
97311
19627
29646
131773
27022
136065
53619
143998
98342
73807
146986
1435
83728
144122
122989
126892
84875
6952
77283
37009
83523
53806
92517
49821
94565
88099
159254
150281
148742
73344
124008
46643
123356
72954
138796
124407
153729
39727
131091
99113
25144
107481
36431
50412
116575
127549
145689
94708
160180
14620
6827
74848
76603
89794
86452
136685
17423
78454
118678
120521
12986
38600
135619
148218
72556
90040
67788
131849
23451
137398
77429
152643
54014
40778
63225
111944
44872
131507
29396
148267
17068
56358
99926
109048
133844
10519
90129
53288
143321
6315
101688
160356
93858
142811
86435
112133
107105
127933
71529
159443
102184
61620
148374
82594
22112
7631
103317
147276
45039
46748
2752
96946
1618
5743
65239
55981
133172
97458
84788
141784
126035
154747
93918
101505
120574
88093
68193
46616
59356
964
147922
100248
46312
16809
107055
36448
166395
11641
88133
49961
124295
167540
56339
8567
107223
35850
111701
113044
3412
105566
6752
156650
73820
74218
160902
136775
51285
140888
36699
76803
38152
136234
105618
133161
41305
30085
1169
85637
11346
134641
70768
117266
109792
39421
128449
141232
15455
34262
134910
99750
165078
59258
62636
8694
112153
52507
75430
111915
114084
77259
12902
37862
55261
81021
122299
33698
64561
133373
67810
165779
152898
114979
103829
75023
83481
161396
156212
8679
84838
13534
17920
29730
156972
98940
134041
155334
8051
11216
134708
34607
27010
57974
56971
105607
55992
120814
165292
112343
90581
96800
72005
110125
73777
34550
21793
55746
35773
51585
152648
14224
120389
42663
166240
65571
105688
38780
60755
11689
30878
105308
64019
80998
147172
72078
52980
55568
149959
116986
119925
135096
53106
107533
168392
66840
24510
102128
75833
44317
76879
56782
25436
119308
17395
151252
127878
108716
84996
53435
81408
16934
70620
143218
33416
70803
111063
165337
5031
38471
9457
129964
36841
51905
107262
29290
156553
119467
76153
40792
112918
153103
9155
99717
80136
29599
89783
137413
27594
8563
37825
151514
36617
10962
137391
26814
29789
58743
15807
3290
149915
19438
88187
4991
146514
53836
111789
60695
26694
104936
71861
103130
134015
1792
91118
47649
156075
31161
28853
146957
169248
50652
130963
112975
3546
66201
121228
142703
137042
134372
10665
106076
120644
53278
79420
85759
78323
63226
121638
42271
168444
51668
88331
49818
169230
149588
124142
88810
126089
98111
99341
104088
33778
35211
154375
120785
139030
136468
141545
54156
118826
83484
148195
146046
44736
132516
122588
28337
126872
62755
72478
119004
64202
100764
109853
17015
100342
49981
165114
23487
145940
77490
152856
144155
21029
108071
13413
55348
77618
124098
100816
159748
9386
55597
74974
9800
45853
29247
82174
155931
155416
36423
163508
127491
52043
5633
10730
153908
29197
61374
90969
10672
110022
65716
19270
102315
109999
33049
67773
128652
148292
98565
11611
24485
132792
51115
36411
27716
150921
27608
139872
23553
114769
27725
38889
17482
2688
18823
168657
168790
118700
67711
119517
103631
140223
114716
42541
7997
130504
143181
143849
41878
34556
38284
150287
8696
117432
165346
141738
20009
158117
166168
71366
136837
114513
77402
17118
65682
5427
50311
74725
58039
125391
62558
2369
135684
139
164118
7020
148715
17930
15449
112687
157908
2368
43718
2419
42797
163469
51293
46115
44064
127152
56024
13853
73882
56884
58588
97769
61758
57921
68638
18366
125005
122444
120237
133609
97116
161313
3918
125550
84836
39075
39592
18011
166627
46744
14001
5018
129899
165005
158155
145811
32890
97699
159860
87528
123956
14903
6441
122395
36229
127800
79533
167721
34675
29170
132723
169065
53384
93936
53759
1389
41745
21175
80978
57983
23363
5662
17734
64022
142143
30735
27333
102568
68034
73825
161975
88040
47903
50021
15730
46733
146830
29047
111673
53342
144711
151270
140579
6924
64318
109639
16927
8178
141304
87741
111222
167595
28125
129317
13760
145790
149652
25356
77757
29721
79217
118874
167014
72296
152867
70021
110345
44354
15320
48609
118827
50122
1744
76747
61369
157181
24934
118737
27730
8634
102111
41523
166599
104330
117225
120426
69536
120691
120277
102661
54243
57450
80214
159322
107413
27106
102370
162113
76601
68542
154265
102505
74460
99826
131741
100978
116172
154166
35954
133289
156924
59048
46906
68717
137362
95220
60414
68625
41847
133615
161632
46701
127993
68903
81230
94941
166090
49559
137637
72997
98084
167463
148477
81149
89030
150314
30874
47733
10231
65619
155882
129401
123572
43316
168686
67702
158247
154796
167565
74229
113651
84080
14603
41744
109275
126721
103781
32912
83894
98487
127932
97349
153660
41908
41247
139711
83943
84283
125196
129632
49480
104286
75268
62033
146112
81369
108448
108044
149714
4303
92492
115923
74666
94924
23350
41930
121930
144867
76113
164205
49694
140866
77342
126303
147945
136385
112897
61424
115765
114914
111096
151138
143546
109971
152964
31380
138124
53000
71894
146615
66926
137095
104739
97315
138501
55616
137966
166255
147071
95763
93214
113015
12558
16422
27040
25971
147513
159662
162823
148714
31688
107936
62483
137791
16114
15492
138189
79832
64650
69540
33266
20849
40046
121633
11502
58863
92711
157467
169018
101474
87737
37049
119516
42891
134192
79334
85407
104220
31848
9087
103036
96142
121321
93281
88917
2487
66497
66743
165156
152888
74309
5492
50130
36769
31234
101833
121101
163309
64872
160887
153312
155924
77869
139092
167030
26003
165310
145196
30145
31310
107021
25403
116916
120418
47808
28197
63541
103219
56659
20492
57911
78381
18674
35946
117939
59992
67094
56238
159914
57982
26611
66002
12271
26412
107593
24692
2195
158161
11594
112243
151922
843
143862
11788
115369
164343
27157
120770
65290
23053
114418
62124
64889
93715
121377
144490
70092
81799
115513
60096
154467
57981
100440
97500
93506
30680
150288
6993
155318
131856
124648
64140
169079
108772
27945
11522
153479
15023
8655
111957
142691
133440
35411
56135
128363
48610
163566
11857
50838
137811
133376
72830
159258
151414
130633
154355
49219
157674
129061
29882
14505
131104
107625
133708
147914
156216
39435
121008
21236
10107
31922
83501
26349
33319
99553
4982
146749
30903
90681
152871
33932
55905
69891
155946
133772
167973
57861
155611
114169
158832
38929
82989
73576
108125
98640
65383
103581
119387
6738
122196
104648
138721
149246
99459
76216
152155
128158
9747
53346
81877
83794
32419
20803
97021
67715
86224
124766
73910
8234
58914
125619
106949
25886
104589
79906
37866
132759
57485
34752
105981
48804
55564
134179
93542
31185
77211
158926
29063
54655
160708
103883
101102
117875
10609
60713
113251
62659
120348
68956
78073
28396
17024
68745
14694
70655
16736
39734
146339
107314
104160
151023
57467
10626
131727
47883
120603
72996
163463
58955
119438
126907
55434
143090
92857
43676
39980
93842
156306
133356
154727
138192
28009
74734
95228
32109
49037
23014
9941
137410
49636
74598
152583
67690
113624
167378
39823
54059
163039
91135
163999
109929
156493
22499
100795
93341
161161
67818
91844
158587
312
22151
104135
128974
124692
168235
31536
144962
137204
108817
61499
15865
128986
119363
70507
44274
156054
99
53200
167074
129799
32113
89187
68802
28308
48567
62174
20998
101845
115100
6719
77308
110664
49509
163900
7549
84253
134425
122100
118812
100510
65002
51878
7455
161833
168645
28860
25751
81234
38556
165210
61893
13769
11072
8374
4999
115834
105592
134533
642
74779
118426
115147
17448
11276
55255
106613
8545
41545
11699
72376
93071
127881
61465
155354
166433
102127
113076
88595
1400
104900
122113
148357
50831
106141
149990
35156
136735
136440
19413
76591
15325
145672
147529
49360
34177
62789
80051
41596
89450
120848
20319
2618
29731
90254
75699
108762
25013
9774
684
97220
39432
159493
79601
102807
112674
86509
135234
49093
143494
145289
112146
146110
125361
81391
100298
102805
89634
88899
107631
86140
104518
155916
93080
91959
127128
99032
48924
19143
45460
157928
103323
115678
11437
76486
136759
55749
71346
16856
103693
94988
14920
152430
21701
26698
42700
1617
45968
107320
85841
76097
125808
61483
116215
83027
104716
106179
103353
1099
102794
59623
91726
55900
35358
51373
26106
52574
144747
101018
110756
41008
17146
8533
15832
6072
70888
2948
62221
68213
78398
32070
62795
61394
68043
62889
32931
25258
79681
64747
127343
158187
9301
76107
58828
140873
156333
156819
103363
167421
3057
3021
21104
31833
34915
71769
116802
54520
49836
167833
129
4998
115048
160697
139988
87762
26914
146900
49144
55780
57834
2097
44765
143620
108491
3529
99182
169342
97482
169285
32589
113922
50710
122066
88517
41453
99643
158186
79715
111846
57839
63550
35720
135003
36513
33139
152842
11166
104556
115934
84364
45588
47487
55832
35229
165693
6994
92614
155781
80128
72619
62977
18990
155553
13387
109465
98470
69923
37203
134522
157182
158573
116983
59564
77136
99161
115686
33164
55233
25223
25154
134469
20190
161903
154554
160582
93422
113281
73677
159195
64475
114323
15374
70165
93571
116570
146837
14016
159828
44740
10426
30022
117979
60805
106246
31478
68163
75672
75996
54979
156921
138955
49235
102214
5563
93750
536
46803
6279
112983
97613
122433
61102
157052
45674
85554
110608
118446
165070
115188
139110
71446
117139
91659
86457
106826
101924
167708
160349
26926
131345
66104
132369
166211
121320
142860
16099
79737
3020
37858
142123
12053
129065
141372
146084
88185
144813
18559
109686
162948
130916
71068
98910
124000
152234
106495
24783
37569
107503
148384
66665
120256
103500
147243
118662
120532
98056
845
98491
117825
94872
120767
82757
127082
27686
2776
139224
119512
75040
71092
49656
103252
112710
113325
160546
121682
36632
128607
20251
8701
164701
77238
66755
39355
44923
70227
114011
90886
6449
128659
37589
90950
140502
91077
137724
34095
148846
13553
85293
24071
139215
87043
149516
142273
82906
19116
61313
60241
122074
110533
114231
105793
64014
81935
87759
62048
80005
161049
143064
62616
64433
12771
126743
30126
147895
163607
978
17861
97344
42346
5665
17099
86008
129538
64054
100224
134474
31903
129268
144995
76248
125796
19384
123922
72703
145939
151633
130719
162976
43877
168955
66782
796
163433
57361
99340
35013
113779
69712
3721
14679
63147
108633
151003
65021
41093
84094
44891
23981
8820
81712
59664
152544
100125
121991
88055
75089
146179
45446
146473
121664
129948
165984
58526
9030
118237
110414
151952
96944
60901
135992
88947
165933
165731
167303
28598
81898
129467
3875
80571
122212
138218
106405
23673
69939
93855
52948
138894
137054
32133
63961
54613
42019
74095
128898
22963
150490
73930
130122
118758
2336
63250
120414
124765
12042
141537
151877
116889
4672
50663
149194
94815
36039
34196
12011
13863
118341
63393
115266
125506
150216
96451
120482
148383
157422
125261
28421
103602
141236
16382
148399
55391
32102
49294
165126
42912
3315
85578
159203
152710
78972
132732
50939
130871
67049
7075
93316
147809
159479
24777
16644
73187
145370
155066
35410
139170
163813
8369
126749
110119
140007
20511
40981
108813
90728
147700
33802
155034
139305
37101
55767
136536
10928
82726
7848
46248
73341
58304
48531
38162
74775
51552
18287
30848
100134
19468
111250
74183
662
168727
123244
132741
168048
77944
155463
51471
164959
80830
7843
131380
143929
7473
93321
117494
149077
10832
3096
95584
97593
132678
134415
147952
99331
115827
72899
4173
21014
136013
98667
79440
76855
82608
67368
96144
146319
26029
120545
2672
127505
81416
108319
25921
131704
123451
143007
120016
127424
152186
89021
94910
72599
56939
100117
124903
64643
130940
66670
71914
46547
53470
110874
32764
27516
87877
5564
7558
43473
129656
6096
83262
25920
57894
11309
123565
27836
81474
51331
52705
148808
164240
68886
59593
76980
89610
156645
152289
101690
92212
22948
153515
51496
85158
97525
42356
101852
57333
154412
120910
150874
160593
72787
68315
45591
94293
96090
59694
70492
121822
14231
134937
16237
168529
167619
60744
149550
96662
69800
149095
115969
3631
116640
78316
70549
44991
64935
85559
114312
102076
49760
107389
17858
133956
88279
77724
10316
99162
84733
62757
94049
80098
140585
73328
80730
99220
17063
81274
107261
165823
162821
78392
100139
76238
16551
141359
73363
62727
135617
73903
67971
96131
20224
167949
75392
31396
80817
15750
131538
88478
146314
25822
41208
68276
60544
54517
134821
126210
57792
54005
67944
86290
116038
127060
43335
50049
159790
141704
49752
144703
35683
123885
40063
25367
143950
45475
106381
38462
46185
160567
58837
97908
24699
154212
64255
83382
14234
24048
110191
153818
51231
139723
5071
84939
2325
161185
146863
100517
17415
23112
63329
89487
97139
101883
90904
86652
70591
17912
80096
148962
76030
73655
164003
123298
72363
84903
54515
13663
5070
58500
62606
100007
83281
145482
103668
158986
21581
35080
63986
22476
158340
69108
118152
96924
161879
32466
2194
113220
165575
10088
33558
23482
114875
155937
50884
97367
129808
35908
126790
79216
113598
25288
68504
1491
141472
13772
75468
653
168510
100143
9163
57617
39333
147970
15362
150689
34629
26157
20884
82029
16581
58012
18016
11034
45749
31572
105029
102574
29161
78584
25323
48881
40725
74669
48460
87307
11366
75227
97217
40103
34322
130199
121907
146545
114439
152535
249
40454
153021
146326
106472
131556
129726
36327
106704
97133
144644
18970
29323
131099
134540
130794
63342
94273
53289
100732
78260
122477
2402
59960
145487
119747
145413
163490
17478
99193
12463
129536
159636
40406
65528
155425
150033
77466
70994
22118
35928
11126
3741
7939
119493
105810
58336
14775
50930
155395
66986
25817
55744
135613
22420
45560
1249
84004
149946
95362
140384
163964
159900
57746
147253
30302
14733
29543
4857
123986
57272
51177
95315
95325
56891
99025
12209
161420
163161
121238
141391
132005
47333
94343
79055
88270
152685
3425
74537
137664
71038
11982
17096
46741
89082
152301
89935
163809
141510
130829
43121
42682
107371
169032
84498
48794
32726
141584
39606
25
54103
122873
153696
153192
14257
39389
111049
124050
71026
53242
118666
32413
106595
163953
108465
156767
86084
159615
44681
7199
67720
71684
27967
106576
135485
134651
85690
10820
37900
1830
70119
127724
8669
11282
134667
49942
13159
7753
29280
37872
98231
136730
156219
147000
54725
54015
147116
55716
13157
10070
23352
70812
117841
118588
122114
85879
139383
76346
21603
168612
87248
140968
140526
91479
42299
86827
30172
99060
64093
135852
58606
168736
160427
65788
138064
140413
8120
117804
16741
130534
42008
19184
59738
159082
115285
119131
107764
64512
141216
108242
155851
94417
111148
74685
42230
90287
54879
63297
32742
108034
37265
94905
104832
118964
166559
123297
132898
139919
23890
46612
76506
22997
151311
2439
121883
54544
51408
147379
69316
53070
43027
110467
117469
121566
62236
161026
82811
135189
4135
12918
79166
24411
90580
113463
159758
62142
158448
25079
95740
8860
97489
100763
85447
60535
86073
12095
105676
143051
39045
113723
158469
107057
10274
19569
152632
47612
137455
68153
100213
156084
58703
115644
95910
142813
59607
78358
140996
130215
59178
96118
64090
121302
29095
130393
19059
17341
75540
4599
48673
141750
80744
72692
105378
161423
168097
66448
138290
61562
139989
147191
34590
110272
57086
137353
121218
95370
17725
147320
167475
60968
130975
132966
103017
23861
152219
114444
799
57041
24591
110215
122568
100478
83230
166849
17799
74099
51764
21982
115331
151153
164432
103990
72494
122278
76075
44618
135014
144926
46194
1347
106854
151464
99808
147775
82353
16848
21786
4933
133479
103553
167636
44052
124512
88470
3889
105031
39521
157670
115549
49909
29985
64315
688
60492
67205
22806
36068
65473
61518
15311
11610
90611
142110
149099
61427
142205
68826
73927
3975
168478
100730
167532
24378
61941
151179
101068
79259
22192
83905
107472
116701
162143
79726
51092
81610
143725
100031
128487
97335
127580
51188
141845
21503
142656
138389
143898
61824
64690
40327
88844
52854
49796
111495
5360
116663
18996
29398
104538
122712
145799
148455
130044
80396
82915
64382
13741
102748
89759
114709
125528
38815
150186
41663
56065
30461
115905
72848
116771
159744
20219
127711
82709
61219
98307
94544
169109
109784
126061
46453
67154
34108
119147
76554
88749
64522
10769
145825
62235
156031
151128
158507
113966
35878
86070
74212
104491
67053
90751
136488
104032
102288
6800
125453
97942
165460
144167
1128
95004
85319
10573
48340
156017
162335
73082
18801
122390
30449
150458
84891
140702
15100
345
85245
71438
64612
132500
136239
67967
54269
82477
6906
119334
11132
41657
51691
72450
87359
123413
158872
147619
115622
59509
126700
61419
126540
100328
115418
67114
35445
27602
140385
9820
122657
154743
59972
77351
143167
40804
87781
125784
4624
61805
157708
42844
1665
6125
150149
50760
116131
47085
114445
102422
16568
80085
26903
131327
86546
22756
118365
161707
121799
74194
114825
15243
83637
7537
138727
158163
18499
145128
21500
46003
47635
211
126258
106291
6504
123961
96275
109644
67846
16048
20367
65061
34977
21342
115898
77062
6083
26892
90411
19674
139372
95629
108892
34754
94022
1794
124746
107406
17965
148459
50018
46404
63257
72383
78257
33537
24401
112543
51810
122646
128406
92048
30638
133098
111724
62305
89890
58423
103630
139793
103638
117830
42040
30220
93491
82785
42754
27542
73397
30396
146689
133418
148305
72062
103337
120184
51185
104787
132751
113159
82186
151139
40021
110288
157378
5675
82738
122335
54811
92053
101003
135835
163442
93032
11278
53718
110615
123109
107353
90691
119360
133497
21705
21925
135789
81269
98402
65880
9929
39474
23599
114808
149630
35838
80244
148249
164463
26151
24421
11971
105915
25132
9224
150398
80801
33454
146838
48714
29340
41940
139001
147126
25304
9305
167788
24897
2955
99540
48395
55375
13126
149265
40354
40892
83211
73741
59120
110098
112219
48325
161276
7704
140056
121474
38087
159881
18199
137710
99616
142180
70006
98144
148410
153075
21776
94217
64320
76239
3581
118950
76939
3295
7810
29107
55755
120276
145296
116767
15586
3734
67193
33323
47156
22308
140875
24496
50596
36836
155445
82009
84584
149985
90390
123364
19087
43881
96792
33351
4664
163570
140391
67560
21544
137242
167211
26390
79410
68924
14865
86563
146259
89395
69907
76783
109650
168370
99674
98925
61819
23901
114473
9256
161069
85604
124213
12587
127852
16940
19326
157799
143561
12701
49669
93836
132375
89343
131289
61286
151035
156598
47963
92988
130331
78656
99628
15571
112430
164888
10973
133149
25345
60002
141620
160783
37320
70794
79271
78984
42690
51718
13636
48602
43826
3798
65192
6122
25948
26190
107594
115628
115489
73872
2397
70568
89663
1748
52058
154774
34140
26766
46061
42154
67514
115479
167501
163652
149432
78592
93078
123542
27791
151025
100812
80709
162046
127247
123351
159986
160010
51631
59874
162770
149228
138360
135658
11153
35533
53501
49340
51743
162276
85355
5450
28861
50895
134228
19197
127273
99908
160439
29188
146358
116004
90368
25387
132186
7596
150906
122886
17949
138126
134318
73326
120571
112330
45564
59184
144239
59893
109035
2118
145415
135977
166198
15560
139109
70137
6950
160080
141543
72813
114944
38561
32961
167454
76059
35366
84157
77917
126952
149766
158100
138004
35046
126239
41707
155837
146233
124862
97870
52858
74245
81049
16261
65128
51196
163691
3126
140430
33908
148434
51647
70118
157176
163256
98862
150062
126022
88565
68713
67001
16912
12295
98188
68541
72286
121585
19062
70742
78898
24096
159417
50120
157779
66807
57344
60047
141122
131956
150747
30433
60023
108849
116704
155491
129085
107803
112507
3894
55728
25851
150227
73595
64819
124988
100419
91547
159069
21570
71323
121831
102935
46544
163410
60355
70998
111272
118655
146234
60484
149582
1966
163322
106430
21498
34956
11765
103341
21485
77013
146964
145592
30519
12572
28946
57015
2895
17511
38812
34330
84422
93602
82142
33868
50799
89129
2427
74316
12395
103798
104827
107436
147767
51339
10869
107516
169200
76604
45783
146307
36639
85933
59146
104408
128295
114640
39664
24235
8175
62381
65269
128491
145509
58777
133456
30928
69904
168864
36321
159994
27752
104069
69469
124464
74976
10892
114656
62241
69445
126012
122400
167360
62168
27944
27493
158131
64002
66889
73499
52372
54917
158540
155370
146638
110463
36528
67219
145494
17967
163962
58324
83901
70050
42932
142127
4292
17815
164611
141613
150445
45568
108771
108412
153529
51053
50812
50780
128115
148077
146630
64314
4097
157004
92584
100071
887
14935
13675
151202
29740
23449
75400
158024
5292
109803
84601
47983
141932
125344
509
5245
69702
117749
33666
82368
119675
142587
56036
130175
93724
125327
167032
71430
79826
112230
87423
124742
134403
65374
127366
74446
148230
101398
34728
71792
58780
54010
2028
59885
31126
13626
53753
136098
51744
164530
123524
139817
158324
137209
82145
56212
47725
134065
73117
130656
113706
74727
160505
161390
147896
103259
2099
71669
104338
75884
14125
146671
129036
12804
112443
71621
78556
86529
164692
13801
160305
42811
102716
94395
131543
41527
144899
79061
8228
110386
20005
81687
112518
79704
164909
160471
64688
70771
88393
26483
64317
162122
24049
33252
113136
168853
41349
128307
107026
76091
7336
72938
97024
20133
44075
24727
37994
14861
663
59886
150699
118008
125891
37646
5003
76002
147820
78636
11287
36663
111134
16949
165134
37033
135226
23491
26545
159307
165291
18124
140191
167857
148534
109464
149830
79474
19502
78944
151950
24265
132454
93444
162618
42646
88687
134477
60118
10017
55152
61090
27115
131358
14467
73389
67218
53677
153175
135699
110455
68355
141498
47980
112205
127896
58383
32166
112433
21973
158999
126056
93097
153314
128876
22081
39556
151822
28630
66982
38842
129386
35179
55162
23387
134481
102736
24925
40982
157582
48042
138130
6659
102773
51694
156539
159432
125858
110511
67763
115523
91647
44093
129653
146519
112437
60680
92980
14855
140777
19084
96883
121629
89150
111876
121014
165422
2477
72928
28703
12905
94035
15353
3804
76778
151089
90014
159221
10149
49336
68788
162875
111202
164366
168065
150205
8038
18032
36253
161798
1272
47558
157823
131750
27591
25647
100917
45515
117890
57838
143940
134787
16828
166264
31932
136206
76418
73956
105801
167199
4765
43301
63738
148736
2710
139278
47973
73964
95665
148955
135573
24270
29863
82792
35075
32648
116209
151867
35699
124299
8793
69835
122230
96004
4296
61070
115991
1507
35149
161293
87334
39646
111176
5480
3100
25334
158950
122520
47843
30416
54816
79792
64481
118300
71462
84412
39024
26623
32791
58685
1345
47899
154343
143934
35645
83609
49008
145633
80695
34846
102070
137534
80042
168162
10953
58607
147659
4929
103394
46784
4037
162370
59727
79300
106317
17637
9239
93088
112134
73365
23995
163323
55701
20326
75486
158515
117495
119741
125912
79203
167138
169096
49890
147177
84316
35245
100904
10838
94528
135138
158456
48788
163121
19972
10038
63235
34482
145921
157650
164712
72589
83690
8660
61616
114866
90501
132891
88167
154040
63399
93266
140791
56672
103332
144580
114154
90648
68591
73806
153137
22478
153348
115280
24773
82538
21335
73311
52102
45231
135034
40505
110236
68440
57287
167982
41792
152400
151011
101666
78980
162491
66903
63073
45486
166925
2030
73479
137304
100973
109103
74743
72314
35522
58018
165454
37482
84154
164027
41592
79385
127155
84297
42710
149513
119543
26381
113393
157472
48816
167773
68265
135920
145955
34132
40882
4689
6255
90817
8457
28182
54324
112557
163349
29594
111835
90447
157937
2391
94687
58180
108295
96688
1607
156730
57462
74671
152832
55830
141325
93790
90430
65376
20227
79365
150060
69603
118608
56462
96638
143408
71474
147803
143892
29955
54804
129221
50936
106326
149004
120313
119204
9094
79085
88287
121893
51126
10337
44563
85446
102797
97904
30626
145085
44548
18634
167168
98851
112720
103729
135167
40636
17295
129048
112968
8016
105269
118638
1527
29782
102731
104806
147823
7989
113565
136370
164747
72084
743
147677
77983
112938
14402
80152
39038
136849
16621
79361
58263
122482
25526
109335
71270
164206
34320
87142
100504
168409
144445
75449
28826
53832
158934
128131
115603
128261
6229
104673
72571
165934
35990
80321
43824
76466
116949
117682
101471
88758
37115
114602
151999
12464
103966
89417
127725
164933
98688
95986
141051
159130
116574
131964
40824
88302
129146
79218
1432
73234
17796
159275
142274
55453
45687
94213
77767
69815
98637
69092
136892
79096
155769
153883
109782
137366
127776
85782
155514
136878
74129
146580
45528
145717
54927
69507
73343
92002
62032
65123
21063
158263
72130
69813
16153
74050
87309
94070
153754
83853
159970
43354
97618
45109
59324
7132
114960
162129
60533
11565
81470
7674
51367
90507
71170
164107
98514
124118
110226
145908
77182
161324
34549
112896
32568
138952
103589
21407
13958
155104
66613
12659
39903
64571
53230
37547
75399
86627
95293
32897
17359
19287
117688
127955
48436
128475
131489
158847
21514
155942
71244
118837
4241
35579
68380
137679
25234
23706
32182
102939
168208
106200
159535
110881
101136
45283
55073
150003
53756
65102
44009
8598
71736
9088
106447
101123
89895
126013
3213
138430
130479
97353
35615
121046
84517
142464
28540
151181
91779
140515
77520
30558
118202
104796
150312
111135
91406
166189
89988
151884
131719
124605
140894
116671
125464
51886
159429
3725
111248
166210
62454
26800
23143
47753
64770
102741
102330
139500
38439
122007
152253
80793
166908
161394
26818
145464
161784
145798
121163
8286
29542
64232
65562
85295
43545
150769
130359
27860
132787
13538
151919
152484
143624
56440
105939
60681
164771
35921
131905
81342
91246
69356
15712
103681
28441
122822
92553
66290
138993
107405
115509
132877
19664
158910
86600
122795
15617
146912
4886
82461
93018
47029
166608
83476
58915
137742
30892
15236
98245
163061
63941
2022
88386
69814
135313
99479
14462
10958
66700
22532
160290
81300
75546
38724
57496
136603
75948
94765
108941
49120
55876
44300
118199
28812
132587
2151
143522
132412
37709
29454
139461
162881
12485
106699
141564
63442
98856
56938
63270
94195
4430
139802
120608
166076
17839
4217
89033
87113
109044
64227
23954
3369
78181
10628
155444
47860
149448
128965
162381
77612
142783
43681
79260
164629
87104
86292
165168
39888
51754
165594
80101
9628
161038
29394
150109
80161
121217
151837
95236
123045
24710
96398
14143
89096
29650
28968
15669
10063
42350
50538
39836
10853
40352
166080
8281
49658
118739
107559
11606
52916
146578
66550
68568
138546
124352
21978
147772
141824
130675
36588
25370
119495
135746
133947
23831
19713
146010
57373
86524
136623
88973
100583
30078
55398
133182
82060
76423
65823
17489
1244
139243
115840
2931
52415
153614
69115
168301
75508
57094
21536
111130
46662
64675
27347
116058
101522
73797
156265
5896
23643
63378
32503
145530
1522
74080
12901
37553
