142820
81622
35025
152409
10261
80554
59939
139526
130668
71737
57178
123790
167339
169261
167586
17245
74123
7220
108761
18564
52679
42286
110997
159392
131499
142781
4275
8629
52690
57446
83953
130493
46992
10831
61691
16626
135080
43869
68741
24980
131127
55948
14375
7021
110366
160176
71528
107760
147053
26098
81841
83624
10273
18017
63255
120706
85178
76343
123327
80266
123424
20501
62572
68930
19000
158716
89779
22689
132757
53063
57106
31675
41263
107236
70987
158563
77508
83855
103011
152996
90644
41547
95401
137047
74729
108828
116733
43098
155253
35147
144636
18438
140554
126390
118868
11502
38472
141661
147102
109159
39120
110326
83979
64385
159965
102956
21495
29103
94477
83075
63231
10695
105215
15867
5511
102670
71752
89239
134264
90147
97785
165186
44934
1360
68988
105541
114807
51721
4914
109047
51233
40620
14692
91842
161690
134274
125516
129048
106085
31861
165000
132573
35136
140186
137446
90808
91748
73735
34615
152189
57125
17009
137863
32799
45453
144963
1853
12996
118048
109832
2517
15547
27194
87804
79328
84301
118562
31541
159451
56032
57741
166733
87902
111971
161027
72287
89866
39169
147954
87042
59047
65477
5593
75821
86964
26946
137222
112576
108910
1740
112841
62269
110989
50596
55647
145689
62988
129220
58135
165578
25234
89869
129747
127364
4879
157289
75111
31265
40085
129143
26265
105644
26572
71531
136771
145626
153492
66875
126561
43349
165754
166945
16764
143955
95812
124497
163413
29053
23346
106243
150675
164667
103491
80334
139349
128415
146054
72924
3147
141116
101624
128971
122279
113033
4271
62866
112441
159332
134118
143854
148082
156860
86247
106240
1246
119722
139491
109652
104011
7248
147046
139878
128111
118699
160601
28048
18181
126107
102961
102253
9024
119649
45941
123523
34979
77885
151217
19668
92603
126268
43947
142161
56739
94168
89700
99491
105905
50715
145908
7747
14899
98963
10078
85105
127643
33031
90992
150471
51015
161400
79823
149368
160995
40320
83436
24972
27860
122201
10412
1063
29472
74974
6628
142373
36455
154022
141869
40480
93283
129323
64345
106048
140652
154444
45411
90608
121256
108270
42613
65832
83173
156431
137483
168873
154981
114378
76626
13188
102227
30638
139525
77395
146924
96334
99543
43442
59801
113314
2089
13905
120232
63098
72596
76608
148075
161086
15343
17958
165810
44609
147969
75501
86871
120932
68391
166254
602
60219
150344
82377
119170
116250
146962
5992
85148
53314
134350
168951
64785
109093
132405
12616
74411
165826
99077
163928
136605
157896
84263
33114
42582
68438
7569
34709
5115
91236
99986
149614
136935
81073
45443
96160
78579
21827
37960
49093
4224
4399
83270
21034
32710
163432
101104
160393
96118
30116
90169
90757
57269
164246
115357
144551
87052
57002
126811
105434
84323
124127
118998
89813
138876
127743
10810
131641
40329
50520
6325
54257
32778
159547
160158
133472
157066
135898
115201
107705
165412
21805
138129
44219
35814
69277
25940
16254
23752
8391
91566
63368
9874
1788
30255
137192
118924
90217
63381
73787
73559
122950
155860
145119
127025
94007
76634
110192
38910
119148
140649
101630
116012
110931
67021
147291
87766
40621
166806
51281
58431
86806
70890
163627
16593
168578
52762
53692
120334
15065
98541
125128
42281
81858
123102
20081
122654
104006
69626
163666
116097
41498
44555
18934
36090
136545
66336
97436
143170
160828
34894
80490
168757
90108
97990
77492
72580
33545
16621
12576
13404
13748
141729
17203
8758
48098
47175
119736
151593
104256
74769
117283
34648
145953
164802
84183
98797
36004
156408
68200
124754
19502
121026
148453
74252
134849
65174
125958
54460
117530
47779
152258
55171
1738
113287
56292
168117
120429
158475
74582
28394
74888
104494
18231
2118
16729
17840
167642
96262
33867
46165
111280
105593
147654
53673
113487
122791
144494
76071
38824
55766
69489
153858
710
3384
152298
122215
86044
33400
69766
46238
59803
53895
27129
136191
70457
45250
162842
40860
94966
91324
70412
157598
59378
120538
133437
155091
141416
121372
48639
46245
49538
64745
129785
46981
14193
105859
118651
45649
120566
143459
6955
139784
106166
96339
9814
64145
20758
52770
56595
156117
136094
121687
9759
58888
114240
109835
166375
152542
161747
78836
144358
144947
169025
21666
5346
112704
104347
121699
8626
80782
103729
147191
137842
150048
71290
78667
36076
12120
134372
74779
48332
57149
127187
95290
43959
124554
7270
94109
23771
2502
141922
59214
21001
149433
100675
12290
5934
2967
57051
74011
132860
42952
148360
142769
131283
11329
87546
86183
95345
111306
84640
69900
33920
123032
74652
48056
78869
101626
63266
166697
102286
78727
50732
101644
11549
21517
11368
125757
108404
76089
117356
33529
153696
31333
79733
134923
46845
97311
15185
26079
15130
91624
96174
87411
39177
91967
29145
52820
143917
100571
58238
29742
147919
24159
41803
80570
135126
117651
138651
67014
164606
30097
7349
144857
136464
143527
130265
29965
39186
153582
37778
27732
30205
52750
167245
26656
116171
128484
34864
32173
135142
162713
3999
5738
9373
101201
158272
117601
125869
105877
119309
50317
54567
85256
132761
61079
121747
6888
64531
146914
27431
133594
106017
103123
39807
151517
108283
74609
60053
61680
1068
167450
100486
161214
15484
38777
12287
95446
63409
15198
98830
101947
67603
143283
90892
54297
50167
80938
143076
33341
113708
129714
154826
53540
36221
10092
118898
112425
62498
116302
53219
70887
96301
132341
83469
50292
168644
77502
155837
93245
11276
132945
29186
153795
95138
47343
92322
162453
110214
167423
160232
33871
138477
134729
116758
74489
113689
35085
72237
110547
14939
168054
24016
96130
21081
66687
50291
11006
140633
68075
99186
68003
85037
2594
86889
123177
83873
98273
84364
8923
133450
113406
143962
123588
83667
50039
138389
163604
18612
113413
41676
70899
26951
82722
146317
5413
150166
99505
138080
62334
13975
8399
91970
81927
1808
166446
54023
13857
55714
97416
96440
51169
165658
138404
126712
452
84200
156723
61487
130151
60910
134755
121528
94673
34094
670
37483
6160
89189
52794
154621
132142
4474
27251
34869
139479
4416
42988
68674
81376
52768
145719
39699
136695
11804
44622
59342
83585
112593
138761
138538
130757
160171
54387
4216
11681
95537
167168
108950
51498
98141
52378
114820
77716
39139
58812
93412
157772
136721
110972
35511
159003
59852
75391
69283
96793
102645
38454
160307
46627
42712
154664
122394
148911
134866
124265
50753
131394
68317
141307
99512
48522
96298
126713
69898
19592
50498
137865
78722
66257
8739
63732
65319
159058
142969
68453
68072
113246
5009
37034
1071
2995
52972
139989
72967
42433
157467
118379
115080
11293
38145
70891
51160
5326
125135
76122
142126
110826
139562
33669
79927
57783
80647
45201
165298
43085
109291
92993
137610
16515
147465
33482
136917
120225
47786
115489
155899
104124
23427
126932
63716
48371
154228
164387
24234
110670
74765
61509
47331
14270
85491
153566
45644
55461
59456
44778
160337
107055
52366
157188
17526
100423
132338
49785
145848
162295
106340
125606
50224
121717
155725
92182
142189
126971
112282
112489
36910
37966
79564
59943
168496
70122
44764
101751
17505
81133
54233
161553
77640
14144
16050
168140
87596
137782
45871
38108
141772
38457
64708
130533
24866
124737
141939
47278
73562
71647
121007
151904
129257
37159
28186
144239
49440
68831
21203
119058
107354
43438
121588
165677
63342
41054
167628
123735
99379
43144
24855
117733
28591
159331
20301
59770
142162
109930
79896
166126
75142
62053
51711
86798
67876
14642
168689
124743
42004
160190
54508
63758
10857
50717
70330
153126
135447
72173
28277
151977
109158
63765
65964
152372
157923
150331
93729
134621
112337
61601
110716
161530
106493
147688
51857
89967
94123
60246
93710
116123
73407
127645
87560
59538
64716
117797
70800
132220
168159
115060
2547
15219
160180
109108
157465
140698
109259
10712
76653
69830
35729
33352
60543
86599
139449
31464
105964
29379
140389
15357
147270
54689
38578
64500
136623
143907
139081
100421
158986
15399
82323
119931
111270
24084
109686
141072
61368
28985
119552
152359
19478
49361
383
89968
153414
114371
146502
150168
57755
140400
111384
139754
101767
44474
56049
63632
60169
126554
76109
127926
74450
159916
36652
117994
17806
126983
133580
64646
151268
62209
46275
137691
138294
58274
45612
100207
91206
165223
76751
139636
139316
112099
150372
109514
112153
28749
153298
36659
126792
73082
93125
31796
156620
117891
91195
140054
91332
122906
91303
137214
78993
79514
149517
164259
147319
59847
62199
159757
152580
98575
121850
37468
90444
21131
61867
29543
24332
102182
108750
105046
60030
58998
122104
88720
65075
74850
120809
74627
60838
57099
96407
78838
19654
68577
80655
163567
167741
33985
114761
15026
38817
120506
3233
159117
51811
53161
29110
166909
103669
110141
55888
33946
53265
120287
62132
157715
69553
101033
38241
85267
34907
167144
39220
103095
161931
109279
116832
14231
124566
111692
166443
34003
6871
130816
144681
140751
64940
143890
64433
79504
97540
140637
81159
46609
121320
117303
78853
43406
50942
38116
86151
90800
61082
134973
100166
18793
159457
786
51593
116045
143730
83983
81723
53528
86815
162884
2992
95835
50734
14466
123412
16092
41102
88750
5458
100979
133093
226
131746
9693
32437
28261
94274
139055
163341
85925
116881
116266
104218
114167
141792
87786
58867
9302
12997
76075
55932
11243
52479
94282
78901
14508
95126
105896
8498
44421
161851
150016
106688
135081
119250
126742
119718
517
125953
166749
34204
63483
151286
35902
105262
82454
135696
66734
87076
80361
149733
105317
55208
47981
101122
81356
57719
77041
86497
4597
138178
102335
145305
164211
83069
27737
63852
85653
95132
57377
124613
103990
97355
122531
99673
26598
109440
126208
139910
70316
143235
149774
158839
54688
72713
29756
81153
153109
69358
104250
79518
117911
68696
52671
28417
62664
145115
22815
162585
77624
141387
43759
30886
43740
142420
110734
61064
111651
20542
69868
135277
22687
26975
82746
95299
94636
73649
46531
156179
18664
27302
144624
16215
64349
19139
164632
49927
111402
58474
30315
162999
100809
166575
132882
62078
121025
113077
98937
13096
96035
156493
71105
51212
168680
159163
93974
63911
75089
101772
136179
80641
151837
74922
156885
123742
30765
120762
120530
38691
85735
9576
138797
117531
9898
39754
43075
27327
80667
6576
14073
68383
42546
146903
106936
19547
102962
4957
124771
83535
4751
136551
8276
124042
147491
138252
99974
101037
162580
114106
157800
4994
129601
99231
84870
10849
166579
6308
79296
75424
159573
54300
82668
90510
68524
17957
90097
22887
9960
11855
62362
107810
26468
159597
56061
81879
152657
6740
8499
59960
46848
162685
49614
96690
34655
117080
11761
142384
132623
21284
140854
98210
113663
118180
54853
88973
87407
19968
97761
111854
62163
123489
107302
42583
101545
166477
134445
82413
148213
26117
76514
28703
119015
49508
158370
103089
114264
16584
39367
71604
14903
164605
28093
95209
77412
112255
166826
521
13849
134593
9820
80718
21367
6750
73065
128279
130345
141523
34106
71447
55637
38556
54915
19207
142131
70289
163804
112435
2282
75522
42340
2978
132160
64076
65271
124947
27786
37818
92303
79855
159262
68660
6753
10492
9252
153523
7121
39946
63848
80146
36387
74972
112324
48985
115462
119855
117961
18363
95867
32144
163416
22461
21489
168411
154871
112570
113362
125763
119344
129268
110958
89679
87098
964
138625
59052
133154
44288
108709
56082
96833
137244
150170
117566
124520
34381
155774
85923
128754
16214
14470
122054
33571
166948
121465
137686
74574
70140
92198
54391
140390
109210
125342
7579
138563
30104
114753
48136
134704
122056
16503
80248
136572
134523
9292
157651
43034
99775
76709
160768
83125
128043
67528
43007
23490
147917
8600
45037
146658
41843
6034
145760
16774
81245
134728
83775
16333
48830
112310
109934
61565
143667
121876
17783
126632
12367
28689
67231
156968
59918
165010
92040
60826
24291
102554
134721
114112
84803
68630
48854
144258
105238
158568
151144
151564
5273
52721
131606
76486
163292
144246
21459
104748
65498
96516
27073
134791
49788
122907
46155
61479
141411
155349
8460
61013
15435
13205
96300
119926
96826
24008
155209
105772
23928
162545
134731
78779
121988
89260
166404
9051
84938
18035
55938
3800
12906
74043
52810
112241
151328
87904
38592
54474
77404
90556
36918
140744
53049
148553
77860
83938
72182
14185
8201
114087
137832
56244
104277
103506
84348
26065
71190
116621
19797
66727
133840
5633
96854
62890
147940
48044
69618
119039
33202
126080
62621
11013
124779
57548
89394
81980
130820
95123
167383
139752
2581
84581
160400
118930
84898
6057
102817
24769
58800
48169
61901
73855
108127
24260
88136
81812
71296
104443
76947
89136
24852
32183
162036
40950
144914
8032
55689
37940
165999
103310
55638
69978
161112
33814
1366
60196
120204
135768
18444
119363
100992
160657
9068
79201
58580
157679
83714
36860
55553
168345
162046
81639
54677
85743
133768
94262
129
1977
143857
159351
165366
76969
66112
133171
143016
10329
104113
31746
26999
96890
131122
145839
87226
57528
33485
159485
158870
17766
158390
124491
155236
38065
74598
18561
159460
48061
96994
149394
90450
79743
21796
141174
34216
102370
84888
137684
109644
7574
165637
148117
71990
47382
49438
22225
155517
44362
49472
29501
156171
110861
56652
90353
113277
116603
98397
130790
55597
7078
50348
81882
123510
120005
147839
144493
26461
60410
64450
168447
93120
42870
19600
56824
138769
20922
46141
7722
71502
158403
31371
32446
129085
56774
145450
21612
33943
89027
152497
22437
100844
9341
143231
167454
166875
126153
58987
53041
64831
82841
66080
128451
37679
161231
24635
152629
38456
12352
77999
128818
112765
29768
42845
152753
2999
126838
79867
82978
54736
94480
138026
7018
31078
104447
165427
90521
4644
98169
48255
104173
64700
107000
144998
27125
55159
60343
51786
142693
74345
93814
111248
163716
144906
124235
123028
74919
79726
133099
126348
154954
21546
40842
45468
76823
35299
121615
80878
168854
93754
151061
142749
105325
12288
33261
148184
7606
94644
152729
141884
162704
77378
44743
14313
61808
134169
105575
167431
140177
63896
163578
106484
45294
62138
22230
61459
68027
97458
105493
114660
78629
110413
28336
137519
59007
85465
102309
123349
144657
95956
57941
3192
167107
120531
143401
162851
117091
114061
142272
89299
48733
103233
11532
162579
144484
19786
74096
123179
24201
148335
143800
70130
106915
154567
111060
57219
162729
125652
118674
75574
66721
158721
87894
16386
160572
39783
8605
42131
91513
38646
2885
90226
122451
135976
71642
51671
12987
70683
20757
32811
24786
149525
1832
156857
38802
134282
5400
111731
49221
111539
69876
114900
48729
109439
129720
120138
140739
103156
108626
104219
79872
22640
101356
17742
46746
91796
150171
133618
84430
87519
117752
149172
36086
121079
41064
78192
163062
111101
120686
28921
702
95523
82866
81647
140322
52745
127288
161218
91859
132288
16154
64271
15133
76199
54685
103342
148438
84713
152847
38373
30465
117798
141451
41342
109155
111550
157420
22787
146759
70055
4973
159166
149552
71815
7580
83802
125205
50169
122521
158727
131955
93422
72034
133713
169177
77440
51962
83542
34495
99561
22169
98804
160358
92934
164172
126363
58807
88214
47215
125820
141298
134544
131664
9910
159831
128066
98881
60323
110076
58590
51869
56730
27864
58563
107094
18713
166341
118872
69676
69204
42768
121854
54643
162920
28682
107816
122974
132356
15704
47211
143536
10511
106838
88056
125218
35834
8180
59125
143046
100858
120876
59233
62216
35478
3787
92289
107789
85599
167351
4171
88426
44598
112433
140348
94220
84484
6562
400
126242
63330
151884
108122
137149
91090
129603
125272
17138
107295
57184
156177
36115
30929
78637
2685
113234
14897
98893
4608
12267
7497
126659
105456
151267
13201
70593
117424
7808
19063
64397
63044
74897
9278
37115
138141
63114
138869
154147
59223
89498
37307
150317
66475
130217
112121
167429
57500
26137
78608
81056
143256
54768
62560
60230
21689
153055
127438
44151
121469
65093
85837
40148
21709
94173
101437
91011
142019
25899
110658
154613
10604
156724
93555
86717
45944
66519
93939
144792
105675
139826
144810
159037
143517
85984
9478
106895
74756
97927
114543
17300
61273
16351
7472
79129
86707
25919
42472
26259
33277
67358
134136
129996
57204
141830
141946
87109
83825
153618
31184
4638
144019
53288
99787
163294
53188
99357
6814
121649
164763
142302
15336
148922
132786
25469
80303
80082
60818
151067
80634
124501
41446
75370
80159
91
104408
1116
4838
72088
75740
139743
47624
59816
147292
41487
22733
138043
149613
38205
54260
98657
67376
11484
11122
35265
23370
56362
77506
102821
41518
105105
118235
43459
97625
106159
18147
67822
72570
13046
45850
98474
86023
64874
30325
99963
84558
131591
86776
155615
20141
28663
65547
37435
125554
157609
55886
137982
98241
41484
141013
12390
123359
89752
75721
120371
133359
16807
30187
108977
161010
19078
131433
94003
72076
70203
143892
4140
60659
18912
127109
117704
158677
44733
13529
91883
123343
66360
104096
32191
128523
69364
48705
6311
68019
121434
35363
79449
74439
77794
14457
1217
123174
16694
141064
124376
165922
137083
89621
140541
62140
44642
43791
8655
73537
53397
26051
71684
27692
78250
51590
123364
146768
109411
112059
112483
100644
103238
95925
164817
57708
100059
147276
71572
165492
132308
105718
101021
4127
53617
10717
80738
11657
78716
151716
166255
146803
123866
64494
161056
136116
136403
117455
50087
42556
72550
29546
68680
105273
82906
32536
89511
31003
28693
135929
80382
49256
70494
31292
44938
86264
148920
37618
136456
146071
81870
165698
108634
15014
150743
96321
88155
29814
155105
127319
146887
81
144697
101879
115858
101010
30390
110053
126260
137205
101629
40338
155713
44123
93391
80654
12649
89165
156732
80372
114385
122316
138819
56505
59383
108123
46890
56687
84057
132997
18761
2117
80084
129976
153537
37682
132225
23519
161567
137181
118439
67348
36198
116470
111065
168523
101063
42060
141779
50829
52141
79574
17033
113376
154108
92954
58174
151334
15932
87717
34676
17460
73584
833
7865
52112
143191
133995
14757
11684
43948
4753
44328
32545
73884
163744
27516
66720
65543
164245
85867
109936
143757
34937
138374
166830
14260
27888
99248
108997
148095
49024
96171
165533
45287
79067
28799
159092
77
37794
102542
46830
7072
22189
30111
116249
114119
123176
73020
83408
114613
11248
58946
148089
83203
143020
53556
116944
35864
78951
7585
32758
6665
44259
49275
147992
111677
47129
144211
8992
151693
124494
123248
90761
29253
79522
130252
15240
151912
110301
122797
34799
157432
111263
151611
164659
148094
113945
45391
79093
66240
161001
76197
7159
166418
120481
40292
49326
67844
38235
33405
89247
153086
160524
149399
143295
53226
102259
72267
148929
150274
97717
149428
43377
65469
96057
13066
413
163531
74817
140666
45727
68705
127642
133011
131549
104412
125816
66669
42543
134986
1164
22612
127256
16467
56182
163653
14208
122208
125022
75799
57901
96562
60470
105380
126486
448
77309
39808
109673
82857
135815
17036
6163
98153
53271
142478
91239
85733
102891
75573
158511
50637
133611
136433
3839
121764
5697
34977
42541
97581
29222
118085
6348
72128
99341
77046
157522
83076
98309
150212
144374
2536
36648
105998
91905
63380
77320
99113
142325
148764
51042
129730
8979
144034
108239
35728
30528
81350
78905
10887
10490
48236
125005
117722
56604
60129
5077
42922
148734
73351
76369
79180
65609
14679
51837
95625
158263
35997
61342
110551
51184
113281
44932
120565
125682
129935
34304
124294
9419
20456
103691
68649
74141
23284
108909
119236
154729
96946
62546
134088
74887
1207
26044
117637
87391
49031
635
130947
62952
127078
549
2830
84
71371
111137
128938
64366
165710
11267
29614
108659
37397
98266
88014
82856
63436
85842
53066
162145
158157
112705
69233
126871
14333
50384
165215
62024
14136
22287
146352
152455
102462
135685
8592
146196
15573
93911
85661
86622
100235
1689
19522
113375
66447
26451
152392
31618
47925
89729
166315
73611
146686
126145
77849
96215
66453
45531
140047
86461
165171
59393
95678
50838
134185
42504
167226
23475
67935
2185
37200
2390
121230
33738
137203
140887
82632
104327
156709
161353
56096
3234
108187
108723
122481
52622
65360
40102
80515
167389
160665
59698
75036
42701
140582
101833
56922
127575
87462
135847
167554
138466
84667
57633
148515
118563
106416
108037
111207
84174
48667
33429
58897
62175
135690
90032
85174
168777
100742
149308
159577
122081
94561
80071
166464
134610
153936
115775
106902
96203
110333
30264
60726
39454
49727
140900
129428
96436
86287
75577
32941
4661
95503
78142
53589
29049
57264
12935
157035
131586
164604
104331
18318
35727
93672
56272
107452
135058
159425
106714
41772
77539
96429
129333
65702
145513
8296
67668
128215
57806
83191
135275
124767
151706
125212
36280
32269
105263
124820
28741
128239
36385
69348
87241
34600
56629
4568
56642
72325
77184
76314
5386
164306
262
44277
156336
43776
83602
108237
159118
103446
61137
44286
100362
162510
137082
10634
8686
94333
167452
90478
159162
107726
139935
153906
147262
91520
119078
108680
159287
67952
83930
69570
35996
154042
63587
81467
84972
147590
75469
125582
149642
149227
156166
32803
89555
142173
151938
51083
89638
15863
69756
69059
64944
72112
64378
124593
63956
159816
145084
54054
56334
136294
137651
6652
66929
133379
129957
50527
81055
23270
163137
24721
4383
8552
19785
31873
41453
139497
83797
54473
72687
129285
26748
165188
130991
107325
62191
66683
145634
91992
97571
139896
6242
21192
117310
166618
25129
45244
108952
25685
80737
105542
113188
91425
70434
66901
58683
161917
125328
152830
15890
48441
88776
100284
136274
98143
108325
150447
161119
58298
133336
100385
136776
152611
160533
118309
83265
143973
29700
36314
32556
79613
1078
64032
149565
119084
38605
145024
151227
75662
142194
113231
133119
97677
121529
10864
141408
6172
73339
48134
111134
8405
125051
92739
28666
26233
29804
63597
113223
75211
144794
37851
18491
147742
71675
120558
93619
63191
132968
155252
36894
77435
62991
95753
23574
82970
39184
27902
30395
42501
99617
134516
121484
57407
88358
12218
29269
61820
10538
119098
165927
63031
11833
103308
63233
152641
10086
94259
26029
164950
16868
145222
71806
116709
125967
121108
152887
154462
638
114827
143560
40857
97598
130388
110460
143450
67420
137199
23568
95233
86299
137375
121613
134230
78475
30230
34739
91392
13818
1128
41040
95664
105344
152376
2470
145015
37784
131295
93264
83275
135518
18974
74933
121556
143866
63656
69860
26504
50112
18624
12280
137778
39390
16173
32518
67090
116454
19234
67303
16521
19100
160586
65867
147945
108574
16963
134989
77822
99665
67483
49878
21147
64204
56299
896
98873
48910
26214
74144
100840
36575
111498
136320
47037
155503
147389
77674
139523
59199
130601
112494
40751
72190
120284
148517
77673
37899
147049
151626
138509
105272
117406
6523
139239
123337
50761
110541
55220
128984
72819
89937
20857
149055
60254
58046
145938
19248
146792
158023
79965
41146
56820
5964
34976
26431
129574
1587
65219
115641
78277
147422
45819
24651
133880
70450
57230
109829
99056
106325
28333
115149
122857
51278
115248
10473
125415
32004
37623
63359
127410
89398
98769
110720
5501
56752
116770
90959
126557
96368
15650
137476
44736
120137
122639
133248
7668
135805
149640
110187
5305
54806
121302
65526
127152
52531
135497
65270
10657
155463
96285
84077
73831
142391
146217
162830
101493
108571
28936
10265
133342
110136
5368
113826
98502
47481
101742
146402
44917
42656
11515
98345
57278
74976
96015
104788
156044
158795
124059
22020
98113
29949
15529
28453
144345
141580
155819
156126
136193
156237
155711
32842
143898
120848
35875
110401
30678
167404
45056
95656
44705
69312
159411
2109
65108
155388
132269
92206
35225
104778
128664
120392
82709
18662
54507
127377
109546
36627
73659
54728
145827
8907
86742
71351
41824
132398
17540
84049
120517
108093
9724
139170
42173
53745
71098
57832
38730
72106
99011
24257
140399
2593
55301
114858
25565
34360
162479
124064
146952
48982
140685
131847
71924
73343
134355
10874
49844
84915
111931
89994
104125
149478
725
38407
107484
69145
96400
16403
69156
36183
117957
145233
155277
116200
42709
56523
106121
13618
64866
55961
119494
151098
93150
83663
78195
163362
138047
90513
129633
22451
151539
42625
20651
79215
143882
137087
142620
22581
20281
66533
108070
25286
36155
83878
13038
72531
9344
104911
127470
110521
47294
159943
133311
165626
69085
115548
12466
69124
146114
136338
122948
5002
69000
65476
131458
55085
76611
22517
56932
89580
32672
101830
95731
57920
79044
7322
9161
119082
152167
137604
163807
6419
82672
135862
116498
12442
45381
48972
23978
115616
130458
78456
41911
106599
91729
52161
41115
57096
62539
55013
147241
160782
57638
122052
91320
117159
57596
82097
103515
139485
94836
150760
119514
91097
40390
128162
151924
105281
159076
10214
148543
17798
26756
46473
13521
131489
58862
159642
57603
52452
84807
145013
8848
113196
45897
25038
102194
37400
133786
106037
13091
143413
30192
143723
88694
107369
101994
16009
41494
167261
135719
54126
86523
18248
138019
12764
118341
66060
48211
24674
72104
38275
41739
136485
136608
117179
54199
6505
45566
31500
36284
106735
17055
20609
25670
11866
134370
116812
99662
75602
79752
111610
56575
47328
88152
50643
153694
148556
83522
41097
64150
72299
80444
8534
21694
16106
146336
150468
87039
121979
67137
4454
16130
102290
145615
24999
114517
47299
93902
139558
118401
44027
144721
14623
163181
100998
134890
15883
61199
135008
156205
34886
4323
14453
104482
78373
168553
142210
123697
126063
26181
66517
62571
2443
110556
137160
61242
11778
127314
42851
23683
58922
50962
132126
73591
19618
128844
43830
53694
126320
7886
135733
74532
139442
155212
92745
3970
68974
72159
127870
111884
117897
84299
24045
62746
3267
140194
165550
157805
3125
29974
85729
123595
147462
9160
7826
165418
134717
37207
111742
39490
134855
99072
51553
105932
90627
104953
25193
72955
73805
112518
13396
105775
84294
40265
149993
106927
118436
9766
148175
69334
153408
45702
117043
142366
57921
151355
75566
19595
60062
166539
123212
148317
34651
73479
3718
55283
138636
40931
39019
98639
120116
25293
124028
75874
84504
104529
140535
48801
135180
167009
166978
161215
140778
18583
28046
98545
109776
146978
87857
98852
146586
53952
82385
16103
14979
127332
154467
132086
158476
15316
67116
61126
144031
2776
134223
57857
115238
164546
68928
71904
100275
108296
72332
2551
90983
70479
131060
87746
16583
83077
30949
102414
77538
156622
85507
84945
109216
67196
41295
143362
101073
20927
90080
66692
121665
21835
20664
6394
74486
20409
17517
144769
98676
44608
76736
19755
69604
55653
87640
135073
35056
98396
22163
85753
50318
96824
34044
100257
139275
87552
24179
103673
19520
18524
77974
137933
111658
98919
127920
88116
76062
21440
121
51870
163787
82641
51704
39696
89983
157313
116984
23872
14281
57502
74553
39834
26142
78134
74694
61089
105429
99246
57013
158234
102373
57029
34077
163857
102918
114736
21552
114558
30451
144178
74610
56763
154000
4400
156005
5374
129967
138344
72087
147811
106944
51191
107923
123570
42531
167140
11718
57883
151579
16015
19799
4956
120461
162495
74968
11401
130096
129615
164786
120463
62154
77195
43974
16581
88939
75995
83243
12497
30737
19811
142044
132324
9495
162900
6935
96007
8807
41404
80177
134857
113254
167229
122605
166382
68952
151846
60637
145946
44794
161343
22456
11872
11595
145813
90920
83562
167032
98844
14826
156253
54640
152979
4133
65135
154552
35392
66368
90628
106002
164899
37127
60172
106930
69817
90754
89973
44717
3176
23096
33362
135674
150360
159065
168509
30215
131987
112182
119371
59603
23878
13587
135983
153620
158237
131553
7919
140064
64956
32277
51121
72095
91452
34939
130619
141363
69472
140802
22838
144174
126176
155483
125735
42595
108695
76432
50517
134865
154257
45688
28880
25340
67912
117369
147432
50332
11793
29850
66120
41235
19986
142581
104289
138595
26104
53597
49514
81240
18849
19698
27811
91386
152707
119851
31528
55319
41670
13036
125144
156927
8514
100524
103001
165842
53766
69242
109378
139805
20453
12664
95900
47578
23354
79341
36264
137618
106005
69636
77126
138904
101874
71551
122935
147924
21994
61037
112077
83335
67381
49843
151043
157616
67406
26206
161038
137109
68095
34592
91719
36463
27334
1225
109761
91359
3881
72001
158453
53354
162039
3668
107312
116567
83726
10459
102136
90370
143968
115411
114501
156604
61476
145174
25885
159709
85478
148107
68729
45497
155811
155843
91110
108998
50143
26902
108875
62490
2686
47028
41368
101252
147001
136493
146704
152761
131338
122346
160817
149778
102896
98391
10485
146860
39185
88570
149306
123120
22014
135143
155486
16152
8819
79944
168823
38165
28167
158165
146359
117377
35049
129325
32896
53850
95304
61482
99459
9219
14069
132326
109783
140062
166014
166653
92579
162457
162490
127741
131669
140462
21268
109381
130348
56050
62379
80695
121538
164828
106731
151650
129089
74047
91277
76091
87466
14356
53943
3432
75282
44509
33751
137508
130249
81267
86276
130081
156552
119668
64013
7180
123652
132382
9556
137147
98138
101391
141391
156468
139191
46598
73560
73614
98073
148530
29059
83240
23453
11584
35386
105086
119379
14292
40221
48553
104244
156444
128651
56999
139410
69584
126159
158725
100299
103023
26216
61404
79054
98014
113636
26926
30958
75107
145095
7568
25403
49194
149799
43067
29791
53655
98103
140931
23406
140292
10909
86891
47433
146110
129384
164545
139310
65395
14877
27935
134414
143269
14816
136948
159095
87170
156517
107858
122134
30676
61688
10958
161738
106386
168909
139217
113000
99872
48079
84507
29688
124666
40562
12601
55378
118027
21591
20879
1416
83738
657
6077
23698
164804
129034
103190
46398
38717
143054
104436
10793
163452
157054
92069
153749
150548
63058
63861
13973
75846
55688
97055
123245
17827
164608
96131
27261
70376
57770
93767
27610
49447
83496
161612
101862
146022
163969
80223
69424
44945
19005
126956
90999
107480
34088
7749
47669
62503
163088
56009
22607
106204
96634
2393
70787
144623
14936
148680
161643
75570
87599
101517
99387
99789
79378
51699
122242
117843
33404
157353
45268
101020
4562
136366
128634
126707
38117
5764
109687
30972
94242
46589
64355
88480
122147
116233
124670
15628
104761
157474
93738
15110
117351
79442
165992
149268
94392
28059
69544
39879
106955
34240
17386
146537
151122
133888
60319
154882
124120
152764
31641
127731
165784
103543
93032
34952
7137
18289
39136
51474
84556
145621
7513
135715
133337
118384
53645
165286
130158
138188
95460
84204
106559
82106
12401
116104
108190
85269
119424
136200
17938
89089
143513
75184
6050
32376
38418
109729
133076
73272
39395
97504
17975
130464
119554
60008
117064
76882
137784
84261
69574
44927
94794
78481
8003
155755
27844
99921
150592
150625
56283
48454
132380
166133
104484
152784
63760
92916
152373
36900
24698
37473
127791
107102
62793
88485
144525
40333
75905
140335
123797
141327
103975
148129
105189
154271
110094
84279
7339
34194
59886
100160
60895
107699
20147
65761
24398
28020
37985
126279
107127
43093
77466
144685
132830
64381
115428
89984
43722
59975
148668
40445
39196
168641
5837
97797
113667
140572
67565
102274
91256
94232
148740
13496
22594
142377
105544
13003
110327
51813
160134
85248
154660
122625
54095
100409
20940
113522
107441
144896
33369
130802
158882
116253
160724
10152
166580
46567
29361
8865
103148
131948
74260
138630
74757
23811
39072
161171
49035
4504
64149
134320
41587
15595
150655
85652
157555
14275
7107
90737
138378
26527
125533
104658
77880
53352
161624
62589
26982
70911
145613
93441
159214
137058
147349
130417
164813
59287
110599
38783
66907
85034
40849
147041
84314
72292
39455
48270
116887
58398
84212
23945
108553
84131
80194
49210
78950
61862
132447
115751
159048
155751
27438
141487
45302
151170
163213
79158
144736
115802
8007
111142
60617
74225
69675
160861
91232
97705
145862
87423
4105
97442
111075
105917
64104
142244
76404
70487
93188
146609
131308
20345
122272
41723
160977
10524
10907
5574
134597
39144
129516
59913
158003
67239
23586
142289
44615
80884
3662
55984
101730
99590
106353
152113
126012
103951
45046
81802
18812
59044
75200
163913
85228
159557
162705
23168
140439
91811
135907
15338
57807
79527
168692
141641
122586
85096
19631
77300
115112
28325
100045
166589
20397
108965
40447
8212
22322
152829
72038
111591
150304
96863
46586
154354
79190
65739
53029
70204
160784
128068
430
83950
140483
1312
33026
167421
134536
3664
14743
24597
11056
118054
49541
121867
105554
38079
16618
86686
42829
47900
15280
148875
47395
99179
126449
168444
47002
56984
22193
51323
161396
161102
76523
97495
4713
112645
98229
87204
85990
86752
142202
89644
142112
147656
15439
64001
91986
73622
131665
131290
13432
8347
148683
97331
63032
155062
128945
110162
79591
47749
153444
76081
167369
18356
145445
79474
156370
136404
79604
85732
28617
154893
52481
161778
64549
120390
51439
156886
32156
137852
151952
65553
38787
54392
79134
63883
82233
53870
45114
5783
97944
3939
9824
140563
63968
26812
5516
44157
117082
154186
33382
88386
104669
106522
115902
14489
50407
25911
5256
105522
37173
138036
99938
107567
131000
11847
158662
145490
15904
8042
86972
71885
55677
23845
91752
123013
40859
166678
8773
60125
29363
22052
34928
122016
115979
146010
133446
129789
136668
136832
50834
52397
142943
161667
112418
123554
13408
65210
54270
159732
47164
146711
3643
133243
38222
21534
45716
99719
7787
58840
162690
169154
117481
160902
90537
160554
149184
123155
26092
102967
119158
86199
18079
18790
97720
43236
30735
114227
80089
25498
61163
137961
97948
143648
76674
12329
151086
120828
157402
30497
73335
160141
96002
56148
116767
147611
65524
29598
43479
73320
136610
138741
127696
23990
62047
21681
41314
50943
161
105600
79825
49591
168083
146140
20009
132136
6919
40032
48930
161537
38139
52629
7480
47742
77390
49828
151970
111442
154166
31923
10973
108332
52823
39435
51892
64308
144763
44956
117121
66228
4993
108783
143405
65188
56721
6264
160026
13562
4972
100319
77229
163668
159247
27085
129377
111909
124165
102261
39326
51990
80457
82040
89070
72047
10803
87210
84650
82003
41123
114448
22224
160283
40063
97486
76371
21938
69961
149954
126907
64692
133372
94947
156692
14896
138912
163460
118248
120176
41150
44086
73508
48793
159906
3037
119593
135171
21852
112207
66940
159511
147101
88524
21671
145632
158932
6319
152746
80439
48517
126303
116926
106912
99498
24682
134464
21102
19459
103676
25822
623
9995
128981
70308
75144
55663
47247
136099
88941
160652
94372
101245
78879
106643
130296
8036
132725
144514
38574
23386
3584
2429
84607
155796
43855
108818
32271
6813
95162
52686
108840
96970
149863
90455
104064
154655
72364
103581
102412
27800
139987
59540
93505
19782
86257
123750
117960
157941
34144
134396
98965
133691
20883
138192
87474
18568
116620
75173
136436
43784
11808
144803
119280
166736
4594
25743
1570
56099
91556
35799
155865
44747
2321
8064
37562
52431
18711
34207
48546
157175
114564
4022
143408
102094
54901
133511
85408
78281
126405
59809
23606
104162
138579
40281
230
106675
41833
136871
69593
100952
125715
83974
121217
4372
45538
120214
1553
69367
50444
64983
162758
77851
139307
16357
52210
107530
91473
24595
21396
60802
73061
72228
126647
168655
89446
52999
4850
25154
46822
82760
141600
42332
8019
70286
32740
125530
25368
41594
30935
87455
128462
92375
49100
10023
121288
76754
153968
74872
25816
167349
47237
12077
76537
72496
151325
37922
78200
160131
22856
139132
54000
86892
108850
107812
133877
31085
168195
116527
144205
138427
44797
148369
46491
44386
1802
8067
22601
143779
84758
34553
42194
116358
85363
19458
157837
21896
143911
97760
53742
163381
37330
86907
25628
120922
126369
166229
52718
77172
44610
65746
110227
14863
96759
119175
83159
57859
1628
145605
102284
78771
148483
88517
94545
15324
154828
90321
145474
126103
77652
32118
20516
80371
115341
134617
161289
70531
39261
149286
96164
127160
61850
62536
10522
83445
76623
26879
93587
99532
69862
127955
25044
123168
25666
125519
118586
47785
14528
75306
30398
114541
105654
71767
42027
132627
20872
120455
105725
61207
36450
142816
62355
87520
79684
52565
12583
7464
144456
17179
111708
114180
18498
95370
107981
98203
89543
125414
70547
61553
164473
14731
166201
95051
158243
9815
163852
17311
74373
103217
75848
131188
62439
39318
91164
162975
26041
13528
103420
147132
144453
35595
34539
27803
128035
26377
167171
101446
65894
85621
163163
35459
43025
105723
156851
134566
127582
75070
95797
57062
139758
62775
58954
157669
57222
131831
103062
69257
50743
13377
167503
56195
168055
66212
90836
99562
169306
153423
155598
101656
26654
70519
113357
110774
131521
46145
228
73235
153287
16952
78022
20878
137480
102380
143634
142607
137622
96915
1618
32949
97737
107451
162537
103538
34310
130982
100612
85312
65291
53189
115643
134961
114141
97961
19930
28412
12004
21290
45704
16083
72251
63081
51458
23120
30190
3106
70968
11822
82196
11670
115414
155351
1465
117385
77634
98762
37726
140704
59626
22949
79227
157217
136851
37465
134301
15490
118251
122188
107262
77095
22112
101602
112860
73674
33140
1343
6826
14084
51257
7116
120673
57203
78270
93074
66808
86003
130883
58494
168595
9006
6405
164487
110726
127595
96347
16377
162546
8471
136171
3034
80318
130421
160220
40284
19051
99373
167762
141486
161858
36904
165801
56905
118611
152384
122938
38260
155428
130977
134133
122358
159676
155895
168926
151913
70045
32232
106709
103307
137502
147256
72554
66615
159013
163085
105749
85589
69500
130292
1978
114020
111085
16758
84372
48083
109011
59783
163190
112290
129050
9782
159132
158995
20990
168339
51436
109787
20447
105857
45739
70082
15619
146949
23794
6711
89599
11828
123207
97408
10589
60165
159385
92233
146218
91922
150575
144953
67467
42812
45878
62900
144180
43610
150767
105652
119811
70729
88183
124841
424
41057
150709
94703
1266
133376
37179
79398
131397
109189
57443
77501
48548
18513
144922
133226
163165
141505
21133
27909
143267
99129
106739
155990
64504
151581
75046
76029
45665
57569
58906
151850
120513
19457
54223
99210
85372
150530
42169
164166
51603
67563
116999
17779
61549
101141
157629
106823
79506
119551
87194
60580
3113
10871
118899
121860
160080
57842
62934
119289
8521
78267
68723
131808
98729
56478
151347
44521
83869
166416
102640
77457
62704
329
79814
83369
154478
41077
115579
21788
121509
39987
65848
24021
26644
157577
119328
32073
133208
146337
17690
61604
69064
114949
81748
23242
151774
131428
64538
3742
131725
162273
25662
121166
153756
91761
69600
132415
59884
76698
49280
98969
137867
100387
47755
8482
86979
3916
148972
53129
142536
79188
110188
125783
99680
13451
137313
56453
106437
101581
68394
90573
101147
159697
144074
130855
42333
88139
55412
146881
165928
9887
18799
146991
96938
4847
27507
112736
93448
136656
139931
124577
90602
110495
334
98930
154367
17469
104813
30172
59938
97142
153279
45255
61905
151874
102731
140945
159474
124418
45347
112311
139872
92532
96216
164948
153025
9034
79053
29180
67428
7132
122860
114013
64827
84063
108479
78795
50603
3458
87784
82657
61511
10465
84878
36356
110807
117863
105069
23903
139358
128946
106965
124656
98006
93723
168980
126448
75673
10403
20547
164809
1838
124321
136380
145038
110777
165324
70742
115478
29979
116866
155471
153524
120152
160996
126579
11698
42717
107328
32640
19764
71513
127309
145768
12602
29101
22047
48476
58185
122960
143118
119473
151338
3740
86663
45742
118800
121188
8670
50526
66163
35400
113503
14978
121334
32435
5031
166549
35254
126186
104677
53023
25799
137626
133277
143427
62947
84011
167337
55173
136791
138206
158280
45488
34338
51898
119666
17602
89055
117257
145416
163004
7449
155421
121124
101884
32006
78859
92320
154499
117127
50108
97287
24411
48435
165605
146026
105409
134002
139480
149971
97916
1448
68044
99570
107136
80599
162074
65228
92756
139588
61453
58784
20146
50895
36433
125531
148863
72983
15988
52335
123223
109415
80387
30790
159179
46087
89296
30615
73091
53382
136472
59613
143112
56251
38991
69559
146488
72700
139906
5066
60894
134204
168021
161251
22380
93365
143881
62667
108242
139100
89152
124139
79900
128063
92127
4693
120452
124878
108923
98080
51228
142585
135217
20572
147942
97759
143608
88301
50516
118929
19573
78769
58874
46666
26281
5550
69705
83774
11129
104853
112452
11282
113457
150627
100687
168122
94613
56879
66773
166887
164875
81307
91158
143720
98896
142371
54288
14477
60184
133391
77667
89035
62547
151403
121568
159316
108846
20273
69389
62473
99539
165573
105055
139124
129864
46724
127674
91916
75323
41783
113102
136581
131206
79403
55356
126005
32102
5625
122686
28839
94481
142936
15624
103763
125996
34006
165721
136637
18049
58287
26564
84551
52803
158588
144292
168957
118938
10790
139143
166473
1120
108760
76711
142654
17471
154428
83487
56051
134231
89125
12399
118771
81444
70717
80308
130356
137246
114940
114742
23763
42312
75657
50463
52442
138204
59706
133300
64333
89032
111933
4978
113693
46544
29846
93001
156454
64053
115680
88675
72706
8088
96733
38289
98307
86271
69449
116671
52057
72659
35883
147484
37144
127869
102694
150283
144683
43986
64747
50141
121312
142013
149198
57157
8417
60783
59413
102393
80828
109492
41303
125954
163684
114987
29134
44452
166380
116040
116895
107042
25004
153920
114077
45744
163842
97967
8997
43380
51053
88805
54600
22108
51371
54942
26643
6377
32425
6629
113711
72758
143260
134493
141329
24087
22154
104540
95312
17057
18691
149114
46367
11174
162811
123761
91478
28159
147895
86678
100861
130333
65775
71335
85907
101024
38273
71792
130067
34633
54496
58460
95052
25262
747
84940
154498
112998
71222
45322
79809
160734
91855
62938
63796
30341
81961
150435
151824
8800
10758
39057
18924
115853
132212
64663
87844
42061
100022
80792
99979
150863
933
129171
7770
70288
146340
107867
93257
110912
164369
19269
78326
18620
138866
29221
25120
87343
130073
70151
25630
124612
39725
143062
117628
102522
60671
40524
137617
63523
125334
88311
141100
162954
37866
2322
112036
94659
18979
141439
23626
2966
131751
68782
117939
97119
35724
142642
85287
144284
161205
73998
45520
122916
163768
90423
49854
21381
18758
56015
154863
10333
117992
84022
50772
18168
81534
152148
124141
65309
43928
163798
44051
49916
7133
45573
158684
42091
119738
51644
145544
86139
67675
72258
164282
24915
39557
99080
108515
38584
104179
92499
157986
135559
99851
71619
55374
24707
162319
129399
63348
129193
4093
148955
90193
113883
34926
16912
165952
96856
94045
54465
43460
22211
61630
131697
73617
31308
27362
141732
2578
11394
51045
166045
167760
154840
8080
160690
123824
146846
144591
19534
45591
161384
8667
115382
6741
136175
66348
79436
72373
30286
82292
136155
22403
67824
135561
71192
12448
21266
100628
100151
9230
36716
118102
37430
30514
96384
133802
161595
22894
121546
75362
49789
168391
37358
18895
32606
160277
114256
97013
165945
50770
75280
109340
141042
61619
116952
82903
64078
142544
155416
94189
149947
22206
95672
49741
28917
89331
86750
105692
43149
166178
153206
144890
64374
96721
132120
1746
108208
6897
20050
137674
34999
74840
999
16131
89712
52716
80205
73231
142035
164021
135732
87641
71199
105648
23581
41521
46430
54451
65587
16699
26630
161974
45730
45405
45829
48977
138114
13832
135139
23397
8681
156017
116991
31050
138331
73246
15129
73842
74519
134255
29754
1657
117333
114389
72537
166770
110354
1028
57660
89552
80415
699
134946
54807
62551
72204
165141
46766
43301
13037
107342
138130
155266
120675
48294
109358
136261
156752
111429
18218
38020
8189
22464
67122
105190
109100
12391
159834
66755
163474
75301
150616
6108
21115
122692
16809
166329
137065
125145
60879
32412
66033
162806
143119
123564
40225
160500
124905
168855
59839
38548
22056
133537
3383
19423
159502
162392
122255
11649
119111
18148
151594
108257
12296
44525
168366
20896
112799
147368
25261
121487
134787
79884
97231
110393
61926
76627
91737
161285
137912
153651
104248
96177
32499
69135
161337
56622
104849
