2185
9703
3608
20738
20972
13180
8753
4210
4558
16775
17591
22
734
17006
7552
11969
16943
19920
7860
4506
6646
21629
17964
19365
5432
12335
12161
17357
19378
7068
676
22442
20608
2259
8189
8993
15137
14026
9422
8386
19536
6275
9477
9333
14835
15483
9314
14881
5973
7773
15652
20838
3125
15322
14109
12059
14083
16672
10440
10899
14824
3153
20832
14474
8393
19316
10149
21274
18271
17445
17736
10198
22260
4615
12617
3901
21395
19564
12916
9202
11496
3207
18130
12023
16022
5430
1065
16987
12733
7438
7442
1856
9892
3588
19210
21938
9624
21578
6524
19743
3691
6061
17047
21069
7961
6274
12292
1767
606
8242
1192
13600
6046
20789
21923
20592
13522
18064
2313
9484
22081
7840
20884
6507
21895
180
14977
18073
12342
21820
11119
7776
7174
1868
4725
4825
5750
223
14395
14158
7577
20700
19636
12291
17552
19133
4707
8334
9654
14286
1589
20280
5251
3182
17115
13612
12166
5467
5003
20991
15934
4560
3390
14771
18636
19427
4869
13759
6651
1797
19908
6154
6100
17460
3644
10808
7111
17078
6337
20337
2770
11447
14924
532
17519
21793
7917
6018
22094
14124
6293
2841
14914
4877
14089
9329
7177
4297
12026
6862
22115
5752
4189
20231
21432
18374
20114
4687
21809
14902
3508
854
1857
14371
453
10047
15907
14257
15340
14591
22210
6355
8900
7420
13179
17017
13967
9189
22180
14594
5192
19800
19332
17399
7175
3000
17419
11891
18745
3682
11420
9689
20136
13236
14895
8685
22461
18152
19303
14693
15983
13596
8599
1934
7426
1581
10352
2991
11076
19530
7559
13585
16935
13209
21799
6665
7598
2870
11234
20077
5867
50
4123
17728
14721
3739
19247
9143
21649
9016
19196
20054
2640
1186
15074
6295
14002
12493
1035
10838
10476
13090
5833
5843
13588
15725
19015
308
19319
14551
21006
343
11630
1124
5315
10256
2334
12935
8339
4760
12984
8875
3858
10088
13652
19729
7806
19390
18003
19406
8898
21812
13285
14393
3388
17304
16594
6290
18039
5479
6509
19861
22130
16497
11591
2285
4256
10553
20635
19927
10670
7520
90
18106
4657
16579
13961
12582
14858
10117
14475
101
5657
10265
8226
22136
20570
4128
15948
9144
19688
11297
3545
19873
21948
15122
10858
6427
18724
4673
10377
7154
6288
13955
3001
9922
20251
14605
19097
4338
2129
5017
14974
4440
15985
20065
10228
7401
936
6476
10356
1000
896
8551
21418
21271
16374
16999
16880
22323
15173
12809
14576
4410
15250
17674
20023
16767
9906
12614
1481
2402
19083
19056
1493
15498
16799
21299
12958
15030
5163
15609
509
4772
2999
8062
17345
11062
13390
17475
18055
18728
14052
4120
13198
20431
13001
3385
21316
1451
21026
7801
20801
17872
16045
7596
21618
18389
11450
13444
21796
752
15673
153
11741
11525
16533
9211
18569
16931
7511
6610
12225
18449
17137
14607
10110
4841
1723
7784
3718
20076
19936
6459
12670
19321
8918
19662
13299
17946
22185
10031
5557
21856
18637
22159
14673
6200
20542
21320
5640
7498
21654
3945
14598
22302
3072
6607
9711
3621
19404
2477
21070
1195
11959
284
6523
19556
10325
6632
8225
21687
772
5158
8479
4265
21616
3044
4263
11072
3249
8248
5364
8925
524
481
7054
12288
21692
16086
20939
5560
18859
2315
16985
12559
22456
15099
17031
18802
18484
1053
1024
10312
828
14574
2877
12433
1546
13419
1916
16523
15661
16372
15610
342
2538
12432
9256
19477
12226
4533
13397
12343
19969
6661
21227
7471
2525
7952
20851
14957
9618
20951
19671
2658
11950
14375
9104
18041
20830
10608
12476
16080
326
3550
14287
22279
14837
22001
21375
19810
19709
13415
22450
11332
1326
3966
10082
139
12638
11922
20406
16878
12675
7824
10253
14200
455
3863
17840
12006
11617
19572
13912
21235
9342
3381
12901
708
10619
8359
10386
6921
18383
10682
15097
19408
19708
21515
8616
9428
21597
21354
16774
684
17080
13827
13828
5044
9647
8544
8916
18078
6233
5384
14008
3283
16385
14991
22289
458
10543
1172
11489
6908
12937
15721
8508
14138
22401
18983
17275
15374
22276
13818
17087
1450
10390
19176
15601
6363
9526
18518
3604
6836
16395
6643
7209
13972
13134
21631
22144
10869
6916
21205
2646
21481
10672
13454
17402
7550
16663
1229
2346
17977
16995
11885
8559
85
4204
10028
20383
14374
2034
15331
14236
10609
16454
16224
13240
10144
11957
15023
14584
18837
18612
8697
15351
12647
16083
3254
10676
21207
14996
17159
16225
21620
7558
10478
273
16371
8654
14333
8406
6789
136
14589
3533
2961
3968
1050
15278
12170
12782
18620
4292
21281
563
14087
17246
16925
21639
16942
10572
3311
968
349
15115
840
13813
10415
18947
2248
20374
9878
6734
15901
4350
4353
15740
289
12358
5281
19184
14164
3188
2824
3422
3734
3757
6772
22407
17457
12481
17448
22147
13531
7247
14815
18536
14540
20514
5945
18600
11497
3795
10939
13845
10926
20440
22254
3370
8943
6777
10036
7252
19346
10712
18053
11970
1154
8607
6533
2800
4709
1801
19620
11454
22208
11201
43
15994
16571
14467
3941
9100
11043
5767
4873
21270
13107
12014
17111
19913
842
19340
4777
13361
14184
17211
14051
5306
20187
13229
8921
11282
1239
22317
2578
12755
16155
10436
13265
15560
4248
2810
6415
14719
13698
11055
21509
1648
5338
1876
431
13920
6516
18410
22462
17778
15720
21131
7328
211
21251
8863
19771
1987
12473
2318
15216
4499
8291
19569
5876
12928
12037
6587
8464
11311
13733
5604
20197
16136
14615
11274
11655
12347
21229
19862
9977
2037
4692
1037
10346
15887
6252
16689
8245
15873
4890
15793
5719
5922
4933
4070
3285
12242
11013
18514
10418
8577
16484
6406
8152
19703
6259
7074
17683
2535
1456
8882
17054
5664
22447
18972
4421
1337
20743
1904
389
21607
11205
12705
2740
6511
2304
6314
21621
6345
5058
18511
18473
22366
14359
20092
2227
9110
17258
18929
3870
3899
3885
5248
10752
19667
9229
11185
17366
20227
2022
11186
2684
21208
13278
3274
8793
894
12422
9852
9432
20598
10387
9943
12792
495
8353
2558
