17088
9949
6002
17791
5815
14611
9713
12205
4458
7892
4520
393
5292
4357
17668
20748
2115
286
14647
6298
6005
1003
11028
12923
5030
11064
1079
10249
17339
14349
16587
10459
16895
14842
7627
9983
20413
10909
17169
15362
12239
19176
13168
7289
18869
2562
3554
20107
8506
17236
2114
4462
17059
19484
6389
10304
11189
18220
13561
4805
2483
5180
387
2655
9540
8589
6562
14840
20665
14110
15044
9880
18816
13512
6658
189
16457
10749
7860
3814
15827
8125
7848
19445
8316
8280
15949
7909
18151
8605
21119
18743
13122
14148
2849
3586
18791
1676
7574
20442
4271
2399
7562
16044
17565
18393
12513
7808
12872
70
12177
7307
3622
10894
20167
3328
1152
4233
4671
21217
5856
2576
15940
774
7822
14038
18160
5966
10844
20987
4313
5405
17507
563
14084
17535
17737
11087
3346
398
4477
8822
14604
11672
6419
21314
15702
2035
6683
1370
13985
2500
12445
3343
7166
3653
20553
7938
9250
13764
18868
2870
22006
21169
14131
19252
1575
6504
987
2253
13290
15645
17893
18642
3178
15039
1514
7277
16315
15694
11897
4628
17379
16399
14017
6487
13600
8500
13098
20998
9157
18584
8411
14660
17502
12315
7923
173
20280
12851
3769
2315
18573
20856
5822
19957
13959
5166
842
11968
2657
19772
10174
20191
14445
7147
11720
4093
21123
12067
17974
7853
2038
17028
21286
19186
18888
18031
8638
21649
20643
18802
2311
2071
8936
19657
11473
12793
5318
15047
14016
19890
15219
850
16789
19041
14606
1268
4315
11323
200
2319
10210
135
4246
7252
18684
11671
20964
20139
16809
14267
15165
2059
12516
1765
14676
17482
22311
20607
568
9722
20571
20622
11165
19994
12183
15925
146
17593
17093
11735
6670
5698
19998
19676
14712
20595
15381
9114
15129
7866
4149
17546
4895
599
7867
20616
920
20936
8052
17062
15604
14221
5943
19748
3467
18142
9677
956
17481
22111
6433
14821
3891
7203
6324
17422
17216
21677
19602
10
7993
7293
13918
16740
8598
20932
5833
2218
12677
10588
7108
18643
7603
12774
4843
13492
17942
6146
12721
1573
9321
18304
4890
16722
12051
19209
2217
14773
17996
6779
15768
9574
11043
17523
13615
12929
1785
1199
18866
10523
12071
20988
17321
10878
8187
3570
11379
20308
18974
6269
3963
21444
11987
10603
21793
6773
3469
14056
20065
8472
22338
20161
9576
759
4579
15187
6055
18392
2152
2234
17917
5624
15222
9456
11394
851
5156
6866
11853
4418
2397
3472
20749
20967
602
5354
21868
585
7525
15690
12916
17162
6019
8756
16918
14736
8612
8333
14824
22392
18150
2644
8326
11215
1324
6942
2396
21554
8352
2329
15577
11694
16154
20959
6020
22063
17187
17695
4527
26
6966
21115
5961
13322
3737
3744
10034
4784
15908
953
18654
2338
2820
14873
20671
17142
18527
15487
13425
10998
1831
21869
5409
20147
3485
7023
10337
11410
7813
14955
12088
19637
19349
19177
19455
8250
3969
13364
14999
6770
20881
11921
7987
9310
6401
14915
20907
5936
15386
5760
18623
2588
11737
9593
15659
20957
2404
327
22387
15137
18336
5369
9933
7192
12007
661
18894
19652
17708
7030
12241
15454
13662
20272
11229
22020
14260
18952
13525
12995
10549
15438
2045
2480
4103
6762
21963
7151
17074
17025
3869
21302
1080
4468
21783
14845
12202
22391
5407
19499
6618
17604
9425
7043
1933
19812
2861
21352
18818
17560
17036
10289
16058
18196
7645
15174
19743
19351
17155
22201
11779
4629
19493
15724
7249
6231
16879
16309
4654
3577
8846
11111
16528
6151
21134
12985
14923
3706
6688
7890
21040
17845
15900
11789
7309
22269
1717
17396
8302
2448
8990
14118
13053
18109
5106
20452
11386
20845
18466
6448
8560
6322
12722
18430
7297
652
2455
22256
2730
5413
1226
10404
4770
9699
12909
4863
10680
4497
21550
7916
1351
4296
7063
6708
1567
6629
14971
9820
20982
11650
15208
8547
6300
9195
14888
7610
8870
12622
9104
4698
18863
14721
4191
19158
17991
13802
21300
13457
5548
16411
21593
1072
3782
10009
19367
12349
1248
5933
15107
13440
5595
5882
12125
15315
7542
6297
8384
21874
9547
8656
4496
12017
20100
15885
17864
5522
7323
11721
4583
6359
20105
12930
4486
22150
16964
8152
12325
14725
1330
4673
14391
4531
15081
5896
9511
3240
19816
10282
11946
1296
4242
10063
20866
4281
8284
4882
13070
17034
16088
15982
7125
3281
14597
1864
22369
16955
713
17884
1797
14048
15811
1376
13392
13586
9222
21965
21472
4539
7577
11818
13362
196
18519
17646
3128
16252
792
21653
5877
20745
21281
8067
11507
8335
17497
6468
20652
2746
17442
12200
13506
14369
19164
11236
1143
22073
734
14343
17567
6727
9269
9969
21922
7357
12431
10805
21212
15738
17452
16003
11831
17504
18551
6757
13726
5007
8132
11541
7034
8134
6293
15364
2653
3526
13006
21171
7115
3474
5501
7801
2866
4396
17566
10115
8658
15736
17973
6626
6968
17834
16615
6591
2177
12708
6958
6905
17319
2606
22357
19319
7415
2505
4361
12949
14040
2271
14425
9362
8875
19787
12654
14088
15061
6363
3652
9299
1278
257
18418
19207
6711
6289
2305
18325
4304
21104
11483
22356
11152
3316
6274
8081
18615
11170
7109
14448
1876
1817
17885
7057
3594
18752
1054
13056
2023
14820
12478
6735
18944
10940
19584
15400
19401
21534
4276
6244
8131
20821
18566
2566
4804
7597
2233
6593
5025
17512
10793
20941
8931
5798
2948
9392
936
9558
3968
17298
9408
17601
14472
7154
9235
7021
9466
10073
3417
5324
5339
1437
11022
8824
12382
6350
412
4779
6044
19742
4253
20743
4957
7513
39
6772
1341
2459
9315
6466
3749
938
19357
15297
633
1673
7262
8967
6137
10044
2055
6634
3574
8128
2620
15118
9010
8116
11581
19301
10214
4193
13484
12482
3008
22230
3032
4340
8901
15635
7234
18035
7020
9797
21703
18087
8724
2621
11696
8831
17371
5220
15441
5657
13028
8543
21722
19945
13145
15121
9248
22132
4666
11248
16381
9526
9552
19961
16796
18128
2626
16502
1203
11821
19334
5134
14428
13166
20991
16694
12545
