20027
11994
17360
12113
22080
18049
13407
13647
6825
842
3832
22033
10770
3260
11382
6532
14052
3151
7993
19355
19278
21023
4789
10413
5410
3472
3117
5303
14460
17073
17009
11545
22150
9219
9649
3155
22264
12472
6818
20147
2470
21763
19608
15562
6500
8419
2494
3107
16794
5755
11886
5946
5018
15533
11376
2786
20521
2821
17869
347
9
21426
2955
9044
13236
13746
4268
9231
6129
4556
19164
11338
23
10833
13332
18705
21412
14780
10596
8140
18229
7528
18497
11099
8549
2754
17139
10117
21902
10270
13984
11007
3100
6775
17565
2193
3019
321
17264
5706
17337
11715
8292
6929
16447
776
2774
19314
5644
6066
8406
15691
9574
21618
13212
3185
9134
20894
6256
4111
4406
4351
19552
12300
6106
21174
19765
13056
16739
20224
2969
9985
21394
13656
12968
9656
5453
16648
16764
12874
10196
4539
13881
16403
8916
9515
17985
5425
22062
136
5189
16148
2790
12083
5960
21047
3724
230
1486
10959
21128
2926
13914
4977
6984
11166
5548
5259
14394
425
19893
18266
15830
20516
14138
16340
11820
8605
15407
16095
14001
19884
19991
5927
2290
20681
15861
21742
6750
7421
3212
14973
690
3713
15895
10371
8911
14314
10421
20680
1730
10026
16612
10851
8289
12355
14615
7258
21308
17894
13408
8282
4263
18499
9698
10634
19916
22335
17346
7500
18943
1831
12802
14127
12152
556
17603
12694
17326
8976
21103
1908
5174
4889
13862
7223
21184
14494
13873
9262
14723
15343
5571
1979
22436
17350
20509
11614
2073
5534
12074
5566
1625
8755
9198
470
7558
4869
4440
4882
769
6626
12330
6491
2731
8626
13617
21551
15442
20157
13703
4589
14021
9302
19891
17332
4947
16439
672
6302
10917
4223
7381
10136
15302
10545
10617
15195
10205
7450
18348
10880
5108
19178
16274
11645
2767
1660
4503
10418
4096
21101
19594
15245
22443
7314
12080
19108
8833
181
13931
18862
327
10252
19758
12568
1536
20753
20381
393
10726
22015
22166
13702
1720
20019
15091
13370
2190
1254
20065
6298
13447
3231
20320
6659
18950
3084
17829
9098
1912
7950
21648
14271
12621
13781
12923
3576
3767
10463
13089
21687
3397
15661
2838
6552
6829
8524
2403
5001
20159
12500
11347
3098
820
17069
8176
1352
2954
13916
16083
9598
11735
3616
19349
11186
5499
11890
20398
21942
15018
6436
22079
5793
15707
5488
5161
6671
22266
21336
7653
19359
7481
10534
7962
7905
21265
2610
6334
11894
8876
180
1916
13589
5020
15784
11726
18775
5587
14833
1396
20309
21056
3606
18641
10604
13259
16814
12209
63
5581
10746
15717
21167
22151
20172
6358
8592
2608
17157
10654
12242
2319
1922
8358
7048
3432
11958
13041
11327
16862
12799
13276
20839
1363
2900
15417
4960
9033
1601
1963
19992
8112
9020
3088
13430
21203
19568
18616
9948
20185
15603
16949
6809
9653
16212
16510
18325
14459
3286
20629
5223
16184
13990
16249
11226
8558
3358
8918
5643
18587
15937
9110
257
979
3894
22041
8508
12840
11076
12254
209
7470
21771
10502
9362
12343
6247
11949
9639
6030
1552
4718
20428
5764
21389
2256
4173
10402
18809
10539
18917
11727
12412
19411
8629
15771
4928
28
20387
19538
17683
848
14144
11293
13637
15444
14168
14340
2046
10050
5422
10701
5335
19027
5182
2528
1556
3373
18302
13697
9460
10668
4269
15160
936
14537
10018
14053
10047
6179
22220
21615
9445
17399
16708
17508
21755
14806
3377
2001
13310
15534
19900
15367
20607
21016
7219
3416
2025
8996
19508
18427
3267
18648
15636
4525
21043
11123
5504
18213
13646
13383
1451
1852
14700
14194
11791
2343
4634
1332
5039
10335
14325
12213
16267
14848
6458
6910
3091
15232
13164
14720
6067
490
6678
12852
15209
13220
7612
13018
10665
13622
7598
5072
20526
8281
3761
16391
3207
19507
3445
14269
3450
13428
14959
11747
18965
727
358
1944
20832
6753
2199
276
2622
810
20416
2333
17393
2583
9799
21306
14267
7601
16015
4289
5022
19912
17038
16626
13965
17682
14753
9541
1431
6438
20652
12888
7592
13684
6572
11651
3489
12517
11411
16143
150
5063
4996
18647
12457
7677
12451
12444
4464
18629
9305
17581
18573
2481
21778
2203
15699
16027
3062
11022
11461
13674
541
15859
17647
9424
12308
904
18713
18876
17518
21583
7785
5783
3608
17671
14503
21258
7766
12628
19793
12372
18814
4896
16966
12665
9813
3018
1415
811
12388
5997
45
12625
9947
13969
21493
3885
21422
11220
5444
16097
4162
15207
1070
2045
22006
5354
18617
18702
10409
18126
8512
9539
4418
15633
323
13639
18710
16265
18070
13863
16454
13743
12743
9637
12555
16100
11917
10144
19457
3906
20946
16404
19441
17476
11972
9943
5265
21222
1553
21224
14881
15518
10867
6862
8707
5866
15786
6528
12149
16030
19806
5116
16787
3560
714
11291
2663
21169
12759
2541
1836
10444
8967
10555
15828
9610
8935
6634
4215
12174
15818
11823
15704
8971
5549
5040
141
6954
8878
10699
8342
17391
14682
8672
14384
5207
8071
2224
16183
4402
8084
22052
6882
5241
21656
8928
18577
18179
7221
5149
17024
20411
16565
16691
4982
14853
15365
13610
12506
9241
21476
4183
13345
11807
13848
17653
5630
22096
16022
22353
11252
11676
20115
16034
21098
15650
18468
17527
12733
16872
13667
1551
11357
14643
12248
21337
6713
12575
14946
13047
3991
9727
3874
15803
10249
3703
5875
8264
4379
14282
4877
7106
2386
875
7588
3404
5994
7947
20965
10875
10114
10610
344
1045
1157
2759
19360
14714
9050
4643
22124
16178
12867
8262
20519
709
1974
7755
7505
3263
21969
21505
13064
7568
6018
6723
2238
16235
20979
10607
11665
5206
1898
22304
3982
10110
10942
14956
19690
10578
16761
5219
478
11638
2938
22323
20201
5046
11769
1585
21940
7050
376
13844
9053
3859
19264
21054
17597
21348
6076
19077
10793
19887
9564
407
7165
14611
2844
3746
20701
19648
12856
7224
8485
19742
3442
17007
9835
9545
11430
17686
5975
1925
17131
18474
16261
5066
3807
8598
16838
6649
22379
18256
20279
11056
14195
5602
5722
17220
