14830
13537
21840
17398
12048
6035
12166
2844
9739
9801
17163
100
2773
8120
10313
12017
11164
5528
14525
20271
10457
1472
5402
18346
20178
16327
6685
9982
16901
12462
18743
16971
9241
14758
15084
9066
10221
18819
16230
13300
13000
11304
3889
5965
14234
9225
9898
13108
9906
17055
16120
12724
21218
2298
10488
11990
16531
6996
99
14481
13235
18054
2111
19922
5393
19348
20450
17834
1859
22141
12062
7012
7121
17964
11695
8471
21978
14548
4454
13178
17580
17105
5712
17677
13465
5352
16238
824
22456
13335
4589
1947
14353
3408
22066
6288
6750
15929
8224
20218
11514
18525
5662
7614
20603
5942
9866
10633
17210
11661
18416
19080
19092
8163
6882
21138
12839
13969
11746
7747
17933
22028
2486
18095
16206
15138
19053
21124
12390
13423
11606
12317
15690
14902
9796
17340
269
22439
6753
19723
16544
17720
14773
13453
21539
21033
22055
7411
6363
6059
7954
10831
16686
10
20919
1435
8131
18085
16176
7857
4134
364
1032
22329
11578
530
19690
20755
11224
16453
5879
21365
13855
4686
17366
6743
14477
3442
9417
7923
20385
11715
22296
9667
112
1244
2068
14076
4763
14043
18264
10523
9419
10869
3154
6941
940
19948
12134
6067
17480
17114
6119
13520
7528
7029
11307
18904
8327
19002
3705
3546
10132
10750
8984
10996
13138
20326
10751
10772
22058
4911
7294
20361
7149
6395
15042
10660
15204
10685
14032
13368
1559
11259
16857
14885
14682
11022
8945
14390
7057
19808
19361
14857
20957
1358
16762
5944
9885
22120
9874
16879
7844
13297
21421
6557
6312
436
6504
21914
6669
2594
2011
2976
19011
14986
6443
9142
13481
3234
22267
16309
12027
19899
4295
15654
13232
2466
9278
5867
8535
15263
13152
6319
1276
17107
1705
10611
18813
4383
19285
8975
9185
9295
4657
18545
13253
16641
19275
11956
1242
7768
15966
18344
22162
7522
5632
4497
10588
18546
8236
16219
6538
17893
5887
17030
8167
13569
12655
7829
19251
8855
15499
8487
1359
8265
13476
1823
5792
5859
6779
8024
3667
10533
5211
9341
3575
5001
16159
4055
13511
4197
3353
20400
9913
12431
732
52
9340
6730
15065
18241
4882
20390
11857
6147
20443
13011
5185
14906
16711
16013
6646
3680
13199
14401
9717
21550
19850
7492
1613
8210
174
3439
9688
16177
3676
2213
11107
486
14875
13746
21976
8846
22438
13278
5441
1159
1956
17892
3786
15561
11474
21858
5193
20111
12858
9607
13881
12836
6293
828
17007
7151
19704
15855
10978
1922
4170
10725
18561
19035
9119
7167
4711
22365
14654
109
22389
15987
19911
21991
20263
7723
17925
13916
15695
6034
20197
11124
12551
6183
12189
4456
13322
9214
4137
1256
17869
18780
9543
632
21653
1868
13386
647
1768
5842
19315
18591
17378
11296
5902
7951
6834
94
7015
5435
111
17050
13658
14691
18569
19037
4063
9220
670
18937
17024
3424
16792
10382
11889
3812
4701
7630
20259
18634
21177
20522
10671
7753
17981
14425
19904
6115
8293
5787
17728
4060
11672
13892
1118
22354
4139
20734
3407
13999
7009
19354
18334
22265
18100
13781
4863
16625
6800
4597
5862
8276
21805
1786
22121
18985
5070
11019
6444
12186
4223
8415
8015
7449
12709
20788
16210
16643
19441
18078
9146
21937
17733
9046
7772
464
11115
11975
16226
16136
16199
6510
3384
2711
19576
64
11370
1173
1560
17734
1673
3
6966
17620
13922
1068
1914
2521
12302
16215
8537
7373
16705
19068
19569
13203
7403
17610
13909
19168
13286
4002
7261
13667
9031
8043
6601
22272
5470
759
19475
11039
7440
1291
5466
12399
16161
8871
10521
13907
18573
14436
18524
11410
3869
14588
19758
17693
2176
13782
7547
18356
350
19589
14760
9621
21019
21745
8058
6963
16753
13176
11113
6578
6194
20679
472
13341
705
15422
15224
18621
1374
9060
14309
13369
2550
3073
21243
12542
21161
3474
18762
4260
5298
12668
18592
5693
3388
18764
20100
19157
12807
19443
3936
6486
6480
21442
7083
717
20972
5450
7668
16449
6032
2605
1107
10059
18919
11988
3096
7401
16963
6623
21306
19152
3549
9122
18073
6844
12214
5600
17450
11622
15453
14585
4688
19511
17848
19185
8797
2656
16122
17445
6018
10928
7171
8947
15321
1894
14121
13212
18861
10960
12844
14686
4592
3392
2859
20960
3611
15292
20563
3259
16606
379
10493
22383
9176
12580
6218
11005
7932
7054
13693
16873
5343
18035
7205
7675
19019
18973
5683
21553
17064
17416
9117
14088
7799
16583
15618
12510
22069
17695
924
7218
3678
9714
1152
7828
5748
7865
19846
10156
17203
15342
17002
13034
15502
20502
1685
9026
21126
2670
6210
20226
750
4775
16190
3133
2847
7372
22040
3210
18413
11775
19182
14221
9231
13792
8243
5168
12177
16887
22096
13002
655
14764
2531
7956
9486
10834
8988
16491
3841
4344
16487
14270
13289
18377
18070
13544
20589
6718
13846
17795
14977
17697
6611
5163
20580
13014
13098
14893
14532
5897
17051
166
12607
19638
14617
15519
7795
20120
16223
2125
18169
9141
5547
17950
15619
9116
16960
10437
19191
9521
20087
1267
12377
1615
6913
7439
9891
2571
16630
9217
118
15420
16427
8297
18977
1638
17615
20253
17665
8417
16221
19216
8742
11408
20976
9601
1206
16942
8424
5473
16128
3326
9697
14262
13145
11839
1109
3561
13508
10606
5104
7117
22011
13631
16239
17488
397
4996
11904
21783
20061
9639
22321
10094
7392
12918
2135
18172
18662
15898
16359
4737
18782
4084
15266
4515
14732
18430
4042
21782
18787
2969
6114
10259
16132
12868
16234
7230
13870
6060
17414
7328
17231
8952
16291
9797
8928
4984
21350
18889
16557
15857
3994
4325
10908
16975
17885
104
6706
19025
9421
3847
6525
10534
2302
18114
18486
6168
7033
2873
87
911
16627
8458
13827
12153
15506
19525
6657
1476
3925
14850
18466
8623
5164
3102
15885
5703
8503
295
5341
6313
6008
13260
11736
199
16577
2503
18888
2311
19816
20169
4535
6423
8581
17812
3468
1061
21721
18177
7949
20308
11112
11763
4549
14376
13690
17678
9429
16514
986
8076
6370
380
17215
