20026
7758
6255
19334
6045
17753
2385
6292
18305
15490
1713
11305
12119
11276
9795
1670
12680
19946
13792
6361
19568
6186
5319
4746
7845
11157
13909
1756
845
13352
19214
16637
12800
15220
5373
3110
22091
9731
7102
17938
19631
14102
6852
8980
9105
1565
5655
9915
5283
2453
16362
9826
21282
13789
8703
15928
14863
16440
6258
6662
9505
7642
593
20587
14595
8747
4451
12624
21104
688
7467
11056
14176
7367
1063
15191
683
18539
10949
17730
15226
6675
12638
7078
18861
15362
20646
13110
4098
17732
7111
16153
4348
8893
13268
15598
345
13765
1579
12053
4194
19179
12139
18623
290
10139
6308
15053
22362
185
20653
460
15611
21600
4321
9108
17693
5058
6120
1946
4132
16625
11548
7532
6504
4278
14193
1290
19686
5911
3438
16626
20170
10610
8452
9815
21223
6613
20647
19021
15329
22051
14777
7023
7864
19225
6416
20808
3602
626
1004
174
98
4689
517
1920
20755
13953
13030
2657
5862
8291
20920
19588
5833
2744
9652
14623
2686
10988
13795
262
7833
2534
10136
13725
6883
10840
6039
9219
1662
209
17060
14722
19258
16951
21329
8961
8863
16492
12686
12698
17183
9127
1003
9286
4954
16863
14882
9741
4100
19481
21622
18363
19730
10814
405
22226
2586
3422
13042
16026
6642
13321
9303
7846
12600
16375
8884
3476
13259
1910
1622
5771
9663
2236
11934
9211
13576
10111
4061
170
5327
21239
4994
8666
6337
13064
19035
18584
10663
4923
3674
4065
20505
18420
18034
9009
17534
18727
246
1408
7442
13457
2003
13914
20042
12134
709
20805
342
16703
5785
21477
5136
22380
4531
6254
20540
1750
5905
12500
4143
5619
13634
4487
2029
9966
12861
13189
2979
17692
3074
19184
11372
16095
19023
14509
1255
10094
3020
21923
1037
6098
11331
1491
16642
9992
21140
9891
6739
11315
5247
12175
19336
11299
7184
12169
4324
16117
3925
21938
8000
6207
19721
5694
5216
15619
4405
4032
1651
2497
2880
1090
8788
1250
5908
13323
19667
19627
18281
20948
19513
17266
15841
11258
12202
22187
2469
13702
9818
2049
7577
9970
15247
5716
9934
8145
11534
5558
11970
6822
9254
5597
13942
334
21828
11068
21525
6800
11142
4210
10426
3483
19326
1314
12631
6171
10562
15100
14212
2553
17681
21194
6214
19795
14743
16479
22190
328
6536
5415
5444
13816
19014
280
5769
19443
7570
7307
16988
19474
7534
14987
14664
12794
17599
12210
238
14783
7276
15739
9012
11085
16805
20099
11390
11498
17355
19001
17987
417
17733
20512
12080
4806
17380
421
7063
14280
5400
2512
4646
15332
5909
8016
3977
21091
3844
16261
21774
2907
1301
5234
8155
4767
9174
12888
20104
18905
3150
17466
10057
749
14941
13185
14225
22252
18163
3941
1980
21345
9951
7633
9949
8176
9672
17110
14643
17779
7163
13810
17462
15620
13497
2911
6944
12470
15534
7349
14135
7531
3728
12563
16317
5795
9235
20416
2752
3318
11661
12043
22356
14586
14401
349
1279
17323
3707
7237
18036
13359
11867
7971
19015
4953
15295
14472
18902
1848
5618
18429
6806
18659
18522
19135
1318
4861
13994
208
11817
17369
5385
3914
3289
1874
18508
22197
5356
7033
8557
4091
17377
13261
17915
11997
13582
9470
22363
14197
12915
17127
20835
13884
19295
20450
8484
18870
3970
11557
16660
7656
20838
112
2283
5104
5280
3596
14113
9872
2369
4386
2431
15701
11006
11691
3127
8125
1856
18773
11242
15787
18803
9606
842
6693
3667
9381
1159
9283
15997
21144
11259
19236
14194
22181
16753
15932
21066
6487
14924
590
6712
16430
12049
9126
3805
2685
17255
4499
13926
6983
5703
14297
12952
3216
7919
1386
125
20789
8962
9292
19901
9562
10672
7777
10387
17146
1765
3570
11618
8294
15010
16250
2825
2655
6018
13407
16566
13677
9754
2715
9756
108
18777
12525
3784
18780
1641
14993
15266
8992
6281
7013
16143
4662
17343
12197
21008
2321
761
22118
8328
2677
14048
4222
4534
5212
18025
9618
12958
4244
451
21702
3107
4129
7493
11198
16598
7000
10197
4926
21337
2794
21554
9558
19902
2588
6567
9490
10961
18622
20627
17379
3551
11307
8140
16004
15002
19843
20412
1956
20826
7612
13649
16340
19136
16109
5004
931
9226
19812
10355
9113
14073
6757
21866
18408
4896
21490
6878
13663
14741
10278
13906
4515
15855
9865
14445
17615
16680
664
3226
6085
5170
4347
10842
9922
11584
7812
11870
3311
22276
10738
18653
16776
19867
2834
14604
19366
8559
17624
20131
11310
13431
8087
19198
18198
6850
5941
20884
9783
4760
6009
20186
7293
12810
4120
6102
65
1780
2945
14539
72
7754
21621
8035
1377
18988
7213
16035
16811
269
21508
7144
822
5730
17196
21446
17461
21443
18145
10912
1627
20813
14513
9899
13594
11113
18694
17151
12289
14567
16487
14774
21969
10348
4834
14301
19984
9823
17785
7588
13878
19196
12098
9028
3285
18824
20612
20579
1528
9392
6044
1259
10939
2546
8683
9697
2897
8605
3113
16861
20853
5474
16859
350
864
14678
9656
6413
10415
3060
13484
16425
5542
17504
9317
10250
16068
3980
13998
7283
18580
14384
2181
1764
15771
17324
21887
14091
9845
20665
22188
7387
17562
17010
10049
7784
16008
2906
20439
20911
20035
5277
1233
18783
9747
10764
721
5589
7302
11912
7426
2719
13449
2009
7650
16052
10023
20625
21355
3906
14467
7271
16209
19660
962
11114
3124
15719
19259
12467
2429
11853
15948
4841
17451
2452
2354
12940
18268
3460
14028
10406
21309
12233
14414
20580
16191
3355
17438
5805
18462
18260
8551
15560
217
10674
7692
6059
4559
18744
257
16688
17910
3006
1792
21067
8804
10983
18972
3913
20746
21174
17572
11283
6469
7877
5482
22141
2133
20308
13729
1334
13541
8164
16434
6166
20419
10041
17156
20398
22047
10504
21025
19227
15243
7298
13130
3419
18987
21613
6932
10588
9809
18859
21968
1546
15856
3051
21276
5540
8585
3972
19844
19972
13456
12040
15395
7997
10613
554
11243
10526
9695
5129
4696
15140
19084
297
857
10886
3495
12577
18190
8109
3786
2120
