179384
301659
807975
520388
1304189
266771
1095481
718799
1366577
635923
83000
61969
1137162
1807
256885
24651
656464
1031700
120694
1193144
108047
1024739
1064620
203767
1625864
1052941
1552007
1568550
950714
87075
1469242
556228
1551832
799356
880811
450501
1484244
110268
1627680
791871
118495
230803
755681
949797
1212402
658457
1275250
708856
904869
129659
195143
293203
649934
20338
536876
1289884
522136
463065
15183
1494143
300110
1257420
43527
1037260
1418422
332124
557184
251079
191574
1027771
891898
935685
273641
758088
293889
681053
1271099
316466
1210237
452332
63416
180458
930817
216031
562597
229135
140979
1031192
907804
957654
17307
1247222
1023167
990169
839423
316436
1307002
296212
1483639
496258
848500
653746
462826
700080
577703
1110236
49479
886377
1338348
240188
1316778
1138946
98249
887034
542346
403243
982016
1246014
1177167
318237
649279
316596
186749
1543071
413448
1352630
1258627
439404
780378
194723
491049
858554
38234
207013
1234382
275438
450734
482044
544152
1254867
398518
749738
1544730
139012
1269917
526283
678567
1321793
806768
363461
1113747
436523
1250219
953445
722057
611388
272325
348298
1141738
261861
637253
109697
96373
683026
1046686
1482023
605245
1275860
866947
193860
967387
33411
178218
1443530
1015396
330754
1314962
39810
393004
44696
55236
538972
445314
1567001
301701
71793
913205
192167
1203720
1452448
1106889
869510
1410697
702693
231186
1084131
1437374
432368
892075
430665
406503
1031222
314191
1093632
840654
1093886
553645
1369558
1485711
750867
834712
1625100
1204245
1051767
1552620
1366396
908739
238920
673621
1380960
825727
206914
419744
376517
508723
580878
521656
480214
1212435
1542875
1305082
108785
812973
564611
358397
1304544
565936
794495
799138
319548
1485928
746207
1169847
439113
894436
916421
1537761
1376924
1360465
1238407
915967
880803
500731
264600
840605
1342885
381960
553475
540027
1009510
922143
239882
315954
1075343
88281
841386
178019
1533865
655010
71196
970443
886902
413600
540866
797031
1046292
1249697
889589
190197
1382802
619583
314540
1504763
1139822
204123
1566721
859767
1371044
590115
444792
776268
334353
1123733
794984
1318062
1019589
1444890
1169652
816927
883605
1093587
31828
458310
1156227
231310
30046
996857
358464
1007186
516844
1301418
913854
2171
672769
1311674
1101809
80163
859530
574748
3459
221623
1128065
158827
1307775
1064152
1333362
119401
1082317
836894
925610
210669
1152245
858502
827741
131338
304916
325102
1588947
448878
1163898
1095043
500892
648657
1082302
473055
1213715
1316297
27271
472378
1062804
567136
317962
452493
687955
6739
341836
1059784
255298
860074
596090
560684
530314
785908
962933
991200
974770
1174676
95920
33523
1182023
1391656
1153742
903249
36887
572362
782160
1416167
628975
617761
771756
256132
76214
1038505
231171
1299966
663752
464947
125988
69285
188911
347988
1361353
1103460
1049252
778025
696361
979632
747319
202246
303266
553725
1423590
571445
226761
871211
1455753
355538
562627
80253
568849
412777
651834
2284
752685
690392
258479
1047579
1128235
1106583
755981
191731
1346286
146959
466932
1182250
415759
544935
1300254
1544665
1260077
179847
193241
630628
86838
1419714
912970
485990
1345568
865973
42060
546292
1430751
604620
45091
1323336
38308
191998
770523
408397
1596559
134194
565186
717466
1232865
989225
766781
507229
423452
790664
188900
238044
1524121
1580543
1537178
1158507
1041729
865289
307426
604493
996444
511541
1304405
173238
1017314
595586
1610558
945605
77808
865799
839157
64559
552406
848321
1235186
280367
471537
158311
281759
1202775
1405329
1348598
133276
354356
1610168
447270
1047439
1183887
737281
280098
565997
1525001
697676
438696
1193074
1605964
29920
1347118
282707
79614
445430
645381
1388141
238065
4471
695927
687366
1380371
491292
150316
752269
1094956
317831
1188094
469741
1305504
459271
986083
1205513
244227
823367
749680
1315814
798586
1366364
283264
1371743
1216557
1290986
78290
1056813
1490269
849540
311814
926676
489491
574873
157246
214876
112995
671437
840285
1025768
582775
841350
29728
719253
36593
727452
88751
539545
375533
443670
1533674
755344
421004
899871
458153
544781
502386
946414
592894
1110882
1133265
567523
415720
1403658
409201
90834
316574
244051
912599
270002
105556
609177
716
541651
151432
718511
247127
1631643
1464404
994166
332868
1365160
810751
1382210
1616279
220699
124052
1627498
37359
578886
140097
933565
811605
979439
407809
663015
538482
198919
134677
1464760
529576
926229
932876
837426
1515702
466142
109296
387557
460200
700403
1002264
229474
1185567
936783
1187351
1451836
299696
187673
85057
607363
785843
545161
529197
764160
562264
577556
1153322
1037437
1409427
784104
1190699
72434
94051
1497210
1505272
1053588
1034655
1211735
475693
578429
196697
503132
1417716
167433
923923
769714
1132218
1434640
537439
336706
245767
906723
534342
1179192
54282
636273
1025031
534108
683721
620558
207723
737679
1096022
1335438
195713
878391
515577
3978
1388203
95812
584227
1631442
1305882
1043101
1600362
398328
1041528
1187870
1244413
321598
1379840
712758
876599
1317030
666028
578735
443292
1106972
199433
202126
62275
859197
260733
1285966
1482470
934205
1225538
284695
920
775176
1091736
115780
246696
1369533
535930
51024
756445
1140114
512258
557766
1250170
1584894
334364
33896
1521296
932367
561657
747402
655242
30485
627057
576756
1122703
672818
398131
1382658
1342678
712632
291461
1117511
225873
799846
186791
1502335
398123
1261105
672684
651986
1351051
305779
1260096
1502751
45957
3975
113031
643681
346076
1524646
107039
1132183
830278
331053
647345
285024
1562598
908148
913329
1292899
559890
47150
327912
399713
996193
439907
195972
270822
1478157
478337
1139880
431268
624710
749870
1289758
79072
566413
184577
740307
1230260
974095
743136
837887
1076078
1203525
1355707
796749
963449
402301
273061
144542
770954
799640
384738
1042054
1141985
843443
912027
1463136
398699
961753
1372353
103730
1475272
324000
1409075
590433
248348
35270
1494695
664455
732955
468846
340995
168848
400096
173178
131060
1064522
448034
685502
895467
1382094
165124
828602
135720
378283
311478
251750
419286
741106
1323084
466454
295128
1119196
1125385
1501948
473035
802744
1459631
687680
1397100
1108962
1433629
1016193
573410
265525
85242
44137
1035076
1014227
1414352
37517
292191
515895
699044
19577
181100
1337895
1070594
131635
363891
719041
1586843
467983
1078112
572398
985524
493268
573211
1365788
1444767
740416
752476
180663
1448202
663962
146171
1098824
1537399
552011
210214
740342
979942
186313
965805
726233
1338820
959786
217395
224383
790956
1068080
1011736
449270
220198
934202
801436
392684
525191
843393
562676
471650
1060337
98732
1216525
36916
958532
1580864
1197404
1045036
135713
436577
186548
585015
119690
1429900
45597
386201
1034861
293633
295735
401965
783786
949392
920962
318680
412127
969747
387258
1442783
325389
1037112
767726
1487147
1077687
983007
1589254
677671
1263715
591985
863303
239170
862622
168562
1328982
728724
955770
674137
1201377
1423359
596059
968653
443149
892274
559873
1291202
1629323
986176
1630644
1152976
754815
375053
184464
966100
1496942
898595
938386
727455
1509512
215971
1039732
643101
907334
1277055
145749
186809
297602
948668
709404
148546
593532
1242698
1342716
1536087
115689
1545223
1067423
145458
364764
747020
696418
1200654
1135806
1513121
1377420
1055833
605145
285982
1016237
1427382
828781
486865
605735
665149
1169670
759733
1491177
1238519
1389891
693584
1386662
343906
76480
479252
1127200
530525
702405
1066265
1540509
1437870
1229110
347906
682706
575408
831081
1239848
813273
787397
1425887
513018
1245780
1247104
1246031
194770
134605
1285772
120263
1376486
251957
865304
597396
1421106
58794
803413
450157
210148
981724
1224934
1101212
539834
1097382
981275
1115564
856584
881740
607719
1454193
1511156
1261247
715698
207255
1103361
760774
1431378
555862
124138
584213
1325470
901013
1299866
1045485
471091
119727
1533036
91189
97416
754254
1225322
454481
1492394
431693
788255
877654
1308438
967356
1253915
222315
277094
989667
1247642
780026
120948
659002
1033110
349445
181471
802475
1626157
471708
70778
1337487
1124436
67280
942421
235609
1182942
744108
521862
1033713
154234
1085085
302659
338087
290023
993628
1125820
931507
1181795
733228
566041
698743
1340940
1283175
1613546
40167
1149509
1572886
1379006
101405
6768
1551071
1269876
646663
805579
29916
764031
562108
1629273
466488
337745
446591
1170293
140764
662272
31922
753103
1488752
55959
125232
232418
334044
72136
747997
89471
3816
1005545
478236
1184709
1149515
99549
1321287
1248981
1513323
191725
1189992
423238
800533
1224687
1324007
416171
155330
1292607
119517
1401934
671458
677381
1251463
570396
806989
1381491
1387241
782896
951821
233015
1384563
237651
1549853
634122
661322
12302
679500
1202130
1122207
1517630
1409177
131335
839799
219198
707685
53505
1614246
453221
1429016
866679
24330
599323
756560
182969
806565
1049171
794848
527221
975019
687742
992142
845958
1298911
640846
1162904
1294193
627398
186331
166046
1367372
54766
310917
161927
885444
899735
881274
752624
1317161
1073311
1390367
900366
517437
83449
1104738
893181
824138
1047518
1099895
350652
935408
1054666
1615870
159319
623865
1252714
1223242
344353
516305
924060
625058
1546901
315774
1364225
1165282
77661
1199597
200879
306247
1610928
1531518
517730
425771
865651
1168819
1422710
466626
1071884
412521
1608924
640688
1512031
587404
645831
349282
363722
329919
1308884
438728
513895
583311
660953
1374759
816526
110289
414380
298275
1154939
492404
143709
972646
1267455
1076638
678988
942002
1075142
455389
541293
1425451
430998
499988
1369744
199483
1475734
1242719
464872
615180
1035853
1153166
896603
1557342
1319485
1066585
465463
386479
1344590
924269
297161
509390
595584
97597
914865
793253
260251
897986
112678
501309
1393477
1274596
1392942
836361
262382
1247686
550299
208103
1436544
737349
74963
493415
828110
104070
513517
510140
1167405
913158
448690
528763
495865
66028
1082059
37653
930446
1014885
887734
739409
1023074
82376
752227
566473
612334
36088
44833
465052
808390
1552420
926502
1292625
931753
292095
281986
1216559
196751
805203
287479
483435
448573
821347
1288563
150161
651133
1121495
58968
1008109
177787
456520
994377
848594
584850
1153151
267800
43634
943614
527785
622984
809194
1355923
501874
437536
1456224
102611
418368
414252
669686
12266
565946
423201
540722
222384
1187674
656863
1462179
167752
873154
1452273
1260748
571841
1058755
1393068
970071
1021661
459532
950809
1561607
994806
539833
1108491
1408404
932298
777690
1361461
87086
521957
58640
847556
1593522
59585
1020392
1609294
1200404
1086577
905920
1242389
427611
67214
683456
763358
1424768
255680
873435
443862
522786
1422781
1311432
797425
392219
735104
1046596
18030
1405131
358527
1451097
1410923
1378509
475793
343041
473554
143806
303422
1340975
1387182
174875
1512215
1369301
802221
1027850
600227
272170
396757
612979
21987
199064
1557372
1381019
1504632
633345
707645
385877
1006586
837989
733350
1387143
1152676
843304
1232336
1124075
85990
1541139
30898
139787
118901
1205692
946893
661106
715523
683317
1033941
723957
373239
823242
1082160
138452
1330203
1493024
771029
1271324
673473
1171819
547060
701040
625170
717011
695420
607308
1140952
1254009
152814
1179191
739330
542204
1265378
776349
767816
705463
939328
674743
983449
334156
720791
950793
501780
1354293
517359
1039219
474488
1555074
984155
946591
1038448
627118
826454
871536
792381
492121
110842
185813
340225
785817
474820
933413
598092
1243615
305834
1170520
1293619
1019816
1083229
652430
1104536
142513
101071
1467065
69115
614714
750568
898085
1195104
459561
1246670
85728
464780
101437
1445850
451737
676658
1177374
258963
354848
1046473
1022136
316245
750240
1344317
1410536
172331
845756
1631384
710429
1436846
1153853
843286
356722
413157
925227
403371
874906
809644
171378
59412
666461
476298
313
1328468
208118
1054930
1048443
499749
1044924
807027
969428
1016622
588030
132958
512465
1201191
1609993
1185431
344646
172244
114030
334854
1131947
516017
679122
595097
48676
400095
1142552
1187309
381267
813654
782248
1092675
27146
1425030
1067099
390472
932789
383977
1356966
289454
1626748
870386
744770
924072
973774
654170
34581
505592
221556
24637
970562
274768
194150
450325
539495
1229696
1445244
1041579
271644
1072974
760856
720280
211222
1098348
179575
1249524
1373509
95008
522343
208697
932657
1284379
1020380
815797
901348
800163
716494
1598594
873227
233484
1453817
564247
58916
799167
1410118
319506
1054349
1080270
1237738
534561
1519145
70773
1238534
1191202
765200
933731
256014
918839
1022288
57649
605630
238509
478303
493898
325758
717842
731301
1145137
318667
9333
1299471
1263329
52868
71103
1314362
1176450
364182
278990
1203979
1078702
1027322
782994
928642
1114520
1287718
980892
1251314
238843
18051
1027155
424346
1322529
886905
1370414
363246
690754
228518
904215
401467
1040123
243992
166667
990071
1066166
1313295
8554
367260
317767
215462
708265
1431969
1079612
50906
505967
228010
685524
974687
1164576
6064
303127
559777
371869
630412
608432
247687
284538
731763
895754
1006640
557432
703813
62831
477138
1115633
393187
1601242
1326675
234403
1533515
876835
292204
545430
1532192
113969
531392
457836
180911
185708
1081017
392172
861678
857837
98287
189396
521072
1276776
823614
699360
1058370
1349368
40294
979221
1057056
702920
203628
908252
348167
367087
192669
1282606
1043636
1026144
1200029
279644
1556260
1541880
250711
210018
990336
1237805
1322304
1197773
738424
928293
1179568
24355
85940
1020910
1090067
423737
283565
866929
1275064
1421440
244771
363014
1117254
1435779
643429
656808
699991
17638
1164040
821327
779493
944838
1270395
1537436
708184
493783
492138
897198
468750
73857
478683
1617027
1492270
105872
793998
445263
801327
1212484
192596
19306
165077
900716
1603644
1222145
997265
1329960
95480
183753
539022
1077516
886023
202037
1513762
989809
1037407
1072439
1212880
485795
882651
615678
665111
1297658
41131
818958
1307687
449238
322120
336693
1250532
1429507
1219019
607012
244155
1509205
1245813
133476
1554967
1150436
65379
1000892
1169832
307842
1267806
260741
427100
791875
402279
90904
475095
401428
1235914
215050
203675
78015
158136
56896
262258
1120036
867987
291340
518350
1562188
1076011
1335726
433962
1153493
1027167
1258133
819084
1577766
975308
1466315
99548
344927
416384
928907
1049601
3708
917882
615723
698886
1014795
561724
1327456
1559614
1513932
666881
1019152
1409748
443575
155487
905487
776684
265612
1418108
787490
608679
1566624
385346
804905
1454438
128408
1500182
208895
558940
529591
924969
415771
1154218
1026521
656550
652636
330404
1571218
457601
394789
30317
452753
208965
722326
122050
1480823
35297
413320
1110678
1559021
981048
1533702
1139369
670099
1483209
776119
941030
218150
319698
1291320
1213832
1110588
365167
877937
764259
526186
1455435
590658
1450190
624425
1039642
126055
1019105
1508474
1202790
593483
1320006
875745
222057
713685
61441
411918
1159088
479978
1415437
1289799
867015
1117233
375929
1523024
1088892
759846
409606
392767
530118
1506265
1470657
999150
556635
1422374
634951
1336495
1384877
650303
182378
38639
969316
798772
937490
598263
1542047
974270
608820
1011685
701541
870626
421816
1167299
61295
1154120
1116345
570659
553489
950428
115881
1131462
349228
1324274
1369247
567989
266882
186995
615537
743252
1215570
788132
792544
953345
1124257
16869
1072853
343517
1085827
46392
608466
715327
1315401
426380
1036839
1335933
670116
429395
934395
688879
823583
1398904
172997
973881
556230
1127434
97113
1123791
1518265
984579
599552
1000545
408702
1118918
488917
1264030
425960
1308515
1131938
598501
1567924
963881
1598266
1480802
64549
2913
1571702
899617
854842
656920
546763
513434
611093
694047
413755
861363
699348
839147
996345
250841
1300902
1371612
1136972
1192712
346848
1340031
337380
648999
526707
376166
1116434
539831
422329
370773
634256
913886
735817
1336667
1197691
1142621
8760
563497
208293
527211
1407000
1111793
909984
28763
583232
8501
356349
1099827
852792
404245
1412051
888639
205581
129554
1182585
497008
636020
812094
432862
846643
449444
1434821
782310
696532
538334
715904
787058
1621037
1117120
1370520
512762
446480
142722
215117
490673
169635
807809
405593
1058374
317189
947843
1417802
198722
128690
570238
1364033
958302
1046707
234276
695636
1194492
337155
1227132
1107696
253094
1045007
549263
703882
489524
138059
1600003
383895
497309
174420
1158179
692128
419835
707374
849890
467222
1297593
1023317
1105603
1490679
68261
1165676
970158
796253
399585
32177
608589
991704
719054
180361
1391828
839300
1547197
949011
712987
575950
1317719
667516
1358423
148774
287325
410629
1424191
851882
1270154
835952
834673
648470
75176
655709
29578
664982
501998
107012
42909
134646
865818
120880
1624227
847981
1306639
122543
722818
535598
1492376
406438
1068247
142183
92009
67975
656228
744056
920926
1353803
651904
428549
752112
286929
852267
179238
591785
722749
1551970
880098
496831
592094
955110
245639
1232259
1135592
1629247
985535
110782
1202588
95982
1113513
1192330
795461
112595
1086013
589067
289453
611041
1112779
1503531
178989
75647
1487815
137329
994871
89324
668292
769385
428127
23201
295602
642237
288456
1436881
185623
1420308
855707
714480
884899
473505
605197
1136968
101684
728802
1050997
121380
564444
1189776
360036
1523477
394249
1560299
327272
1142141
1543975
392269
1093030
467091
188678
31343
780237
170481
356451
830353
1419347
1001279
19013
1477504
73629
835041
896148
900324
1355375
960896
193108
672409
1025922
1172357
370223
82499
645230
543258
499175
1273347
1023959
45354
316877
949762
699951
1573956
516726
493713
314912
1069646
442978
1162861
1418150
1433684
1137359
222704
593161
1448047
109219
1477697
615488
262692
1362239
52219
1094310
802669
1191193
390520
1299057
186979
664299
571720
1075390
574774
441016
1208847
832935
1100392
1400046
997493
619528
1107621
1070365
740158
647781
324459
1064138
1452513
613575
1142743
1277198
1421111
484626
397511
392792
1472594
1112054
278960
291716
1409878
43782
639037
1188723
23595
996498
250026
831481
1376170
980237
891767
1089552
505616
809948
744536
1091327
909890
270413
1458534
1428986
1087766
244963
983270
72003
1068039
1376675
631366
1526362
89640
48706
657154
497173
1251123
1021933
434523
263260
384822
52436
968985
1275957
885735
211325
952157
185699
1426895
1248748
697714
1581022
566882
236819
1197357
1012912
510864
329042
52222
865294
49505
632068
598390
613606
339389
21556
1337367
1411038
908409
339505
1044564
283117
313709
1425784
1186141
1230030
1079424
393783
228931
1119940
628020
251025
472271
317966
730518
970282
1239360
147904
940085
691766
1360569
1411700
756118
786126
1481939
911089
955526
1411628
1237440
34053
1162855
943239
1087307
1158918
1518436
1023083
803054
409970
317427
28895
1315258
1076457
727845
69959
1297525
1387098
1326678
1111219
1253117
431711
823316
746951
716167
374886
748107
181553
665024
186760
1400855
1259929
1583105
146951
943341
1338801
479114
98552
1402904
1246602
876244
19419
690473
475196
204499
768758
1248044
153686
901121
634509
1058956
604589
414845
315476
634644
134716
1263532
3019
1336278
858328
86580
1183324
61845
1216040
933764
386052
121649
335776
1027122
1480270
328625
916381
1242985
394851
777180
200951
1014940
124716
948183
689260
143002
1495377
720199
249373
1420463
655289
1594429
177385
468266
97297
976592
568769
1071589
820967
76428
360033
451688
1232807
1016020
736805
1004298
999069
274553
305038
743362
616474
946488
338333
832162
1564646
929595
949724
730258
1319232
1405247
1269166
175390
802054
999064
321537
993807
504090
1203918
727245
552097
1604742
430693
1289547
458195
785576
1284504
1192579
872942
250157
436296
240888
1162003
1030477
75281
411113
945814
416079
1262414
595128
1590709
937051
304087
1111400
1294642
467929
838400
51262
664431
542266
970606
758093
644596
151599
52089
1542288
1316657
1491266
388313
35033
758634
680089
304845
817262
339059
1413532
1306336
1294092
451518
250384
1358003
368994
26778
860732
1157276
394477
80630
462544
636186
369825
734657
491405
1172427
843077
1101815
775476
880013
650765
352113
400513
1290756
1301308
1439463
447316
1505780
1555051
1383612
1046984
1183253
261520
1421897
705025
225589
315120
1462506
694537
917206
151073
484709
1271175
65944
626535
398053
305474
668495
122259
958939
1246919
470947
999628
515575
610497
444293
137926
1596677
1237715
1191279
417375
964570
786365
14971
1573660
587648
227206
835443
1462692
18808
977452
490532
991771
799763
344568
1066678
1277837
346395
702845
1080026
38421
1295056
996827
1035403
218940
1148788
78378
85435
1436420
1392555
1352937
213121
983090
2461
956235
1461127
456760
1502684
1463836
1126892
38743
1268576
1270592
1084396
1155699
829691
1365942
436412
642816
163415
533342
1172386
1372574
556591
102575
230751
1314189
1368092
748161
1509266
30721
696515
656982
840823
1377307
490836
870590
1220137
276442
145664
191485
428270
1614584
1379469
1144689
99825
1259113
4213
785471
259379
855149
372375
992425
974224
1173975
437744
1132948
816849
905941
242688
1112219
368274
1314972
1458705
1068824
116720
825500
1042591
1361061
1018283
197147
794872
1277262
203386
1053354
1336928
622449
706954
51974
1314049
11044
81492
544827
1074932
48860
540071
142543
1342339
840389
1606793
61384
1213342
1251304
205661
1214893
1059521
1407938
168917
144744
45393
208075
605724
836749
126984
89144
224415
76914
64700
156278
848491
1366147
1137870
642037
324350
1087032
309630
1184849
755765
1549256
1157989
1105233
889018
1088013
744583
1375070
371444
1345605
1032077
1423307
350737
1134026
256688
57693
445165
922085
1047013
757506
610959
293496
33818
927511
1152787
371776
1371233
94948
1057275
225926
842163
295777
402779
799298
601900
438776
298745
129423
342044
520018
1438066
1403765
1065342
531228
1077616
566039
167310
653515
727035
583723
350210
3368
1135749
1142100
1128891
437720
1095763
543597
840276
515060
559286
1342453
275051
6593
1402942
469538
1353384
26194
700324
870699
615955
1555869
573257
375560
679768
1444512
520044
608838
266904
405122
1157070
528067
1567270
1034067
950159
1198395
199123
721600
628826
958920
723262
661403
763223
31956
1543623
810581
1596124
477412
529912
623649
450052
930989
851984
945261
296334
1460977
570205
614357
871522
1147727
891218
494643
185349
906696
89093
1198023
941591
845682
1341330
797802
483070
27015
1348639
1489751
541113
116829
694133
649189
122864
138951
662135
443417
236069
1466397
547944
860877
625507
63219
1120092
67960
36234
144311
1404199
690093
556921
1259245
379813
85168
48962
909517
767574
631450
636324
368351
1598870
65188
1019070
796744
323283
372834
771497
190851
1409652
1220059
60325
412999
741747
958270
530114
556481
1534149
185901
400505
978224
1263572
342571
731346
642575
76217
349831
537514
1035662
418503
1113795
56317
1211662
1365049
1587562
7659
1416258
1252783
839968
232894
1297098
9879
52525
948348
712974
1098918
425411
1187811
811103
530264
563024
500068
1182068
137318
245109
1392077
1326945
607002
113496
1228189
1155366
1173284
1454965
670747
1282054
1262350
466273
354329
20254
906795
456094
785490
637907
620322
190083
103993
94981
432454
1544934
1511328
366619
38567
1130710
1073818
1152874
692160
895283
390206
87422
1301362
1002560
1499933
271977
384693
1432845
29991
222860
1072210
1320404
576613
1046690
1510575
679542
999213
1397809
290621
753072
749605
142916
509698
84673
904576
1498829
251419
4056
524896
772394
515851
1195974
954545
796395
598274
1420745
710867
481140
840434
515808
588537
719648
469981
275674
384213
521877
146132
455260
1177817
1134598
113239
1526632
859091
588361
596866
1196196
758567
550679
493648
610890
350105
689903
924193
1240546
165924
603860
831918
713572
1450237
1415993
347023
51515
1624523
1053246
1513610
8810
1526715
1172457
1328607
32713
1191734
1580359
816265
46182
1458070
841528
158906
745934
383517
1493054
533374
271291
975462
601662
727297
21999
235661
133786
353033
45778
657658
134609
434264
1617412
460166
192053
56934
541228
350889
1561958
1102683
221550
555483
819484
298828
525519
1361328
1001946
1216455
15488
1347564
876951
549633
322106
1208138
459058
799042
119453
1214517
283983
483073
1158363
1586009
288224
1552124
167789
1204998
117548
524280
954823
451891
397191
44826
494826
477183
175181
1164701
1564492
1077803
1154401
709239
873065
1204068
1206910
478708
230244
243377
1618836
836680
299777
1200260
359936
811881
586044
755609
906290
1152537
617014
547357
1188064
127415
1084010
1567491
1026101
987638
1597611
110785
930933
1042950
787196
712480
117938
1111741
267074
402938
956335
1104361
1032094
520430
1336004
853561
1022321
607320
720571
28939
66218
1318961
160657
654560
369627
102727
974903
1098118
672321
66249
676921
158129
1422142
441371
279866
900868
561808
1083131
593180
1092412
467081
80426
481839
1177087
1028418
315218
1074766
1357181
420852
3896
1054126
1058422
321891
1127719
228095
337993
1098843
988084
509473
282558
31480
476145
121125
1576636
987494
189895
1303128
1612677
1091282
1252762
1568392
952242
1178274
1610458
1100063
533720
19335
580318
988785
458223
1226505
1133040
1299402
1559789
1273768
51686
25191
1275739
911820
1286788
176482
834912
1390094
1099341
793970
1026398
367673
181687
254732
348771
495906
1255829
287436
1181864
926474
118388
303911
307213
222269
171706
740003
165990
581016
54486
490267
1385744
22715
467701
937954
905115
1245096
876328
296563
590425
624466
802673
1055403
928040
607034
251362
652348
1213041
557001
716737
263968
621620
241446
714960
1562368
1365261
312355
1069870
54977
58920
1282521
351854
327882
988655
203548
958909
150970
63655
1365875
1348651
437321
1271401
704271
659483
879152
1467665
1345419
1398885
527090
1575534
20143
729604
386182
1205516
111738
1206254
457733
382274
76551
1173931
1364747
800638
147773
340625
268747
1221906
313948
1138963
748402
719061
928649
86953
620807
423510
907543
477973
536656
792868
1026769
1027951
831796
957752
1433796
1396030
1127701
1383401
750944
432833
214162
701967
759900
629112
733513
561907
333190
627234
39107
461694
119260
79345
889866
306804
348998
248844
225332
1224008
334558
776385
137860
1241322
1094142
1264210
349676
1182287
1393290
267037
793099
1248947
14881
1236423
1057225
1214535
1106172
1010256
712869
1264702
1155407
14386
27327
367254
1382994
852874
199285
406044
975668
1263082
521814
688479
702739
665652
910854
1290608
1230884
1202586
799748
1135320
319594
740431
586760
600470
51729
696564
690983
1353636
305142
1412399
1509244
1481052
451485
635340
351653
926087
1450876
1603061
14007
1218269
14866
1298376
269646
965328
1291945
553253
396249
1436471
711250
556743
187904
1328282
1250351
890889
230519
1011790
967328
890567
1178592
1449241
3635
245593
1396710
1464446
1024001
13793
453053
59248
539593
284162
14640
252829
281262
976055
845037
1512106
1241824
110699
989918
995766
106307
1095922
759740
460095
1071385
25576
1159583
1289196
908683
1069444
982271
118483
193076
1213723
681618
1399322
1224888
970264
1602196
443320
454037
789445
470195
733021
266118
894023
259247
132898
447139
862029
140797
1032209
739243
208950
17096
797348
1246379
1040216
1408183
1103465
461319
351304
742487
427905
89597
192770
826305
779211
629200
1621817
333901
1368716
382682
820078
1303804
179615
1067325
481865
563292
1187240
820723
1264466
380897
506366
837881
959724
1152453
581357
987417
1317274
1484498
516277
505928
1034910
1004179
765223
207203
1012004
973278
93947
1104069
944464
1048753
1416675
364820
1161125
1133119
166693
392741
953898
1425090
507490
631725
645441
522994
380830
1374356
89642
541766
713403
1255838
1367763
267192
1105920
670354
187533
220206
468654
1065191
1530338
15645
1173860
307642
558910
383535
882628
611474
1017699
82873
842676
1487362
430149
1331302
834307
174390
744336
799315
62870
51143
1335656
69312
188850
540758
397807
623365
669763
571276
1083564
225088
741839
324853
41850
1210636
155675
557685
238259
836423
590471
400222
1201331
1046712
810501
673293
26241
1351910
1098674
706684
774152
1422288
672668
635018
165517
435407
74518
600343
1092213
1167814
1243753
228686
747739
958707
1265429
176122
158101
482867
1210322
546765
308509
1038985
1093423
708273
384235
287147
227001
1304283
1086984
874476
441913
1373216
126795
291245
938425
622291
804344
587996
84287
864923
1054745
1230085
439684
74173
251909
180022
1590833
191193
422501
1193227
1344216
81556
1391708
732520
509431
163858
704101
303575
201807
200257
1461428
313830
1015218
460142
676450
1486068
911282
1541314
762392
1547729
528017
1215786
1116596
1194942
605816
1302877
165690
1179841
1150508
845919
42407
652827
318664
615396
946981
1077641
1586621
982982
251254
1333139
1011539
1402583
70039
139074
141148
997238
169495
267917
1203845
686979
292731
457729
1029922
824346
1584261
341691
156466
1286999
366688
350042
554271
1389004
1381624
998649
1023516
247932
1108751
1396170
685619
242586
689023
574110
175147
282768
1425548
1048216
850722
857530
1215555
1232031
222243
1567792
1146582
539391
267395
345421
243428
1300349
415091
610412
1527578
212306
1301461
505326
1063198
1306897
282088
776556
654576
268704
249816
755733
366967
832272
476710
113008
375907
497035
564691
469247
774081
749594
856200
514816
1400834
839371
215225
329811
1473728
836863
49170
227850
193951
1574221
996560
119743
534975
709510
93794
435369
117335
624589
512144
527377
671093
1202120
1099314
447216
1421921
396874
1006672
468916
811272
88042
363533
163437
89154
1343575
404010
1566441
192308
1149535
1538526
105486
874943
57130
1573904
625419
50255
129983
1497962
535158
89923
247032
978616
1540233
1023482
250717
956806
460666
39234
117271
645940
161233
1224257
864063
957854
1050803
1021883
657968
1034743
756603
658369
821274
140000
1144686
1183642
296150
302633
286719
1614806
188761
938568
1596592
574063
1097418
806121
1155793
1477664
1139492
261771
1119000
1333712
1592625
996087
670033
80914
1057518
1425001
1245715
639346
713352
767312
903447
831573
1027356
477853
156192
423471
1332917
1217564
173074
1298205
303944
548419
692364
467153
1152913
412525
5190
1384482
292483
626207
698521
1372501
46166
500198
1332138
1268575
196934
347303
123333
363239
840724
1249806
1402345
666514
1501235
685942
104347
1479615
686851
1012311
1315617
660356
1194713
1008904
32645
1285605
3000
363557
859351
1378545
805453
595182
1049285
34092
1628097
959188
7595
1499787
1299970
1230982
403299
1034791
18859
152
843207
113588
1115027
384198
994221
1155946
907078
1546204
1441187
774754
750207
850626
247041
348381
1173024
529390
290318
95325
150414
1335543
1416300
1510885
317431
1019681
152360
1028010
496923
757366
988590
1546100
1276056
1599590
81782
643916
1506527
1089669
787205
1364844
642413
442138
1611216
1059739
939875
994476
91684
1021006
661438
1004075
941223
259139
802698
666419
1114250
48685
981887
15442
6560
608656
1508553
1106034
1181368
1102441
467009
954540
194633
1071097
21022
966830
598735
803041
274665
693709
901159
404453
729918
989289
626466
1023432
717260
1593949
324799
1408302
895218
416504
1596117
1339800
1149960
651191
800239
772188
530718
523623
1384355
385356
675158
853370
192339
1231640
372576
773330
1604930
1163683
878929
53825
624789
914993
391041
703823
793926
518642
112540
17612
169998
366165
217353
1158479
1530199
965173
1448031
371653
1133341
826867
1063576
373672
1547366
842948
53571
1152259
757516
989175
136940
1074883
221727
608562
903773
1022196
915800
840819
1081663
433355
170783
16042
432510
1409165
1076571
169418
864458
1215346
1286382
812851
240673
425319
543508
1446555
276234
521767
649179
847503
493378
1296078
1176119
562358
16852
1199342
561277
53265
821877
852951
1167460
481703
474132
1120824
1503636
312795
107575
948863
583655
401543
163283
195583
905435
1133559
94019
125747
546107
1172133
29244
577540
873558
1171152
777485
7683
543907
176783
178860
1129871
1597374
925625
41098
525431
696012
1315528
710931
577682
728153
1288523
1014572
1219362
800167
787169
986624
631270
979501
900531
1136353
67235
374565
542762
1369785
779743
616937
873776
58399
688209
422943
111449
92271
233415
361940
522186
641993
380110
1011778
120567
724217
445520
1326077
696767
893644
159072
1501703
147016
1234665
1194990
304082
366191
516089
1253083
534681
311543
121686
414120
510726
193899
1574665
711831
126188
838594
456712
1084292
1434607
375894
623718
1587205
561315
1287646
793554
65058
1351911
925421
816635
394564
1245971
524156
690592
498912
640188
1029343
14
373145
216023
1168236
1020773
642012
453588
128173
190421
176896
1103806
324773
57067
722791
3675
413431
1036547
1052369
146759
1379633
1374324
275585
284502
825956
445710
1038042
1304892
232415
873236
1581333
265770
736895
136788
637916
1456714
843076
1163495
150554
292499
536281
964519
353645
1193949
1393511
653937
724285
1166747
1565476
153315
1445552
357692
1314743
38835
1013191
172101
717810
475542
1208483
1127194
1109675
1046156
135594
624757
967369
150566
127985
989853
966341
825219
598834
1238261
649360
458960
702655
596149
17662
25304
263996
1032665
1051453
1172846
324359
223159
1001381
738148
576766
128300
97569
338927
719716
670763
426510
557323
624089
915815
1193745
912372
174517
1113664
157431
1014855
571037
1312909
1038820
1386839
139335
305959
526112
1063556
1431682
986473
279731
254225
220868
794743
3524
1065616
660801
411394
653446
1025042
523903
788626
196198
83835
299200
649112
645328
509863
1090193
722068
445341
61251
1164942
1408630
637033
152691
164136
1425409
1118951
1245339
514100
368181
1390653
243608
467887
752998
297339
464031
457564
614838
767152
1043511
1586937
1295782
208112
191337
1611509
932301
736316
1156170
940375
23247
419894
1368558
1322604
1024331
9520
1409506
553782
422335
1518947
893166
490145
394294
832745
843244
658470
1525073
1553746
934616
1245965
180117
1527129
875031
201253
613072
426564
604519
475345
1312100
253924
1561739
386674
330144
161891
317587
999775
114062
1285998
982052
1190108
632725
1329026
1286279
1090984
669652
340645
716600
394668
1544822
674174
745728
89654
845429
762382
1269168
1547645
902908
1058014
1197335
1482948
546125
462212
289492
101414
355774
876037
94023
954401
458929
51138
671712
1410517
784671
755926
420086
1522898
695381
981882
110729
660605
119439
854730
95844
551816
494167
23647
563328
533235
1407910
735647
644679
707485
108948
1367946
157191
551689
1185002
163846
12648
352059
952577
29294
1007453
1607364
884961
602254
1009916
617962
715707
1000355
1320561
1555438
303221
1143227
826812
1134166
1063148
1032825
1569658
1579932
541096
1212116
726469
1032127
178205
743477
275872
482495
95160
383259
541042
420061
1093181
684927
1560713
328442
1063293
18029
248147
970334
216650
681630
1316867
1378599
318500
955012
121646
366504
383045
820675
1260155
654669
740621
549690
1119397
1244357
1433480
1210494
242370
749762
1069288
562700
56099
1584958
1258746
747270
454110
10369
97647
401504
496871
1447897
404365
1129003
786380
936515
683692
946119
732374
958513
1570181
986114
850283
367451
447989
8777
140275
1272147
237274
456905
1611169
802234
58091
887447
1613825
269798
981027
1305758
244837
500627
1165199
77945
990011
1353448
54398
450104
1270578
832375
1617317
275886
54415
1007704
846905
199132
1164988
33531
178947
1261541
1292626
456652
1509684
638570
858717
576536
1161522
798146
1061272
894702
551715
489859
623210
24071
801533
1431510
1366708
609161
758949
610521
1582192
1266803
1399538
602297
1443857
701065
391340
1128579
1238133
863606
363324
1576777
485128
580152
1069024
156720
1013117
321992
1495071
153626
137279
1171567
139668
628796
1304684
64415
376510
117902
1028555
794241
1049686
661960
602940
1402848
1256824
690900
162517
996593
749205
1389764
744073
184403
158935
1557109
178487
843070
1299932
788294
467731
1208036
1081400
767407
1075687
800011
331672
424735
179421
714984
1114167
765714
1350507
311787
99762
24427
605495
191027
465706
387170
281441
418985
1578004
215735
1091903
666274
31865
719169
877216
755287
1072038
196975
208214
1430986
325259
986168
1422687
1410740
1084400
572600
176425
369531
784143
943035
1027920
390896
258423
1498660
310425
465692
527872
80357
833837
830432
1288842
1409264
122300
558261
253927
1416422
992884
1163463
1223802
695992
1066111
1069847
803862
1453414
398790
1365075
907142
19826
838948
795082
793369
1589069
491387
918374
878710
728122
206081
958344
884122
225566
1018409
85877
954370
532055
1273196
746226
1351529
767232
1155842
426852
780072
1470403
516173
24068
191263
1151264
532527
1314778
1465138
1417961
538428
1256403
1059175
1087974
409263
1419120
998653
1484898
451917
509982
430940
323609
627817
1467320
1481470
35595
498655
1335173
625325
343799
831271
1416002
342780
262799
230443
1276789
629189
484720
46347
267328
1553887
1576794
483819
1602064
304455
757541
491628
1125542
264329
362175
1439856
1357018
248684
594080
347354
100149
84630
297587
1057152
483614
915496
561048
272331
1287339
756449
1548509
952449
496124
1236483
226311
703041
1178412
1153858
468461
106460
196584
1628668
1592770
724987
295938
779440
1233897
1624120
733981
1433630
605760
789124
537417
358988
331281
1277281
361766
122607
1475618
568611
1316237
804622
1260037
104552
953361
1311788
66265
386187
354443
477335
566186
527371
87941
637315
1229743
975705
862873
1371851
195912
1388984
463196
1375069
545558
690549
886229
256901
1557300
293717
1190151
548547
140220
904132
1475697
687903
194510
237729
1164580
504471
499236
972472
43679
43248
256103
1001290
332222
368805
560267
730052
53137
931067
471260
495793
1243889
860231
1237794
914281
263702
1408732
934778
1341973
502076
1182110
1083734
207902
957256
1168904
1448982
101454
568544
4897
973878
217638
1572459
401968
1121916
869873
1028042
1080393
735248
356449
1193503
1289460
614962
707261
1007063
1355171
1303749
604224
924812
850125
411308
1373356
1528551
1160505
380033
97327
525438
568792
165564
1255369
466339
642121
55940
289574
403482
864138
1115546
434549
266598
213390
471589
1055430
490029
256295
923421
795593
353473
556855
1585367
199228
1188132
456940
620953
887324
486597
90184
344903
1484730
871138
589791
782584
111560
537915
51501
1131594
897005
373197
371516
831853
1082548
719940
605016
450557
207602
995169
592843
988901
1117894
1043535
315970
288732
1211486
919113
1580682
560701
1529798
1113757
1399661
1165997
312368
1371317
231255
476139
1296086
1395831
133996
938079
46059
1568992
1476408
677785
719463
422216
1337308
897214
204347
1018308
1194552
1296110
623512
1567381
681315
1335405
966970
195219
965355
67342
1199638
99246
1041494
435796
294150
375005
1070570
208578
1409448
1101848
118858
854517
664318
231328
893787
574697
687826
75001
459125
1273209
1270685
27718
1169373
13867
1292889
842716
487865
1100614
686259
620744
1067078
62550
1385962
167024
715906
1375943
558555
861838
105256
228138
400373
955013
814626
826925
699423
327116
464571
922284
902201
765987
1033396
171939
1527885
858504
1265988
1468746
1131514
1212355
359051
1170453
617573
781253
150491
1003940
1462950
153560
553312
875610
57354
374685
619265
68815
208196
992069
1277816
361432
584275
883149
10717
467914
1625247
693030
1591797
761497
1476316
101150
1321053
1045122
259229
1367642
322431
786661
1321368
770925
680669
121625
622161
1279834
375977
481804
990928
736989
1569005
709796
210187
374147
6018
273769
876054
1228059
1404550
1087133
594839
449469
283291
1294059
610711
742929
1628485
1304658
1084756
320908
1496700
726649
611143
37291
1036091
47244
182241
1171158
1073357
570323
934170
1126858
347879
319344
487976
1340067
1043289
1014094
82725
90867
668176
1055071
757280
536179
481107
937134
976741
281870
747212
702698
444363
1317402
1381307
659864
1083201
618052
520673
1242508
1262642
1061465
1484767
1034464
617276
1227274
1259183
593913
462418
1073747
450376
489002
1068706
1539773
811207
229374
183646
283746
281601
1460453
1263834
433583
647565
485306
1300985
707127
593300
80768
1008104
304469
1609473
840400
907505
890509
1487921
1286299
378909
839941
718191
725770
701447
1220991
1019769
211916
1038125
1413960
593669
1196386
81690
316464
762315
20213
523910
1228803
958355
1192777
138658
808481
1394671
5331
1278714
782573
1353857
784812
775143
1181075
190356
297285
23171
608257
167297
1131257
565160
304013
1033150
40980
1006294
250216
223129
419342
175488
118258
1216904
1217242
632884
1051127
412200
512650
401165
241235
547676
1215130
693687
140983
298973
605603
806430
222903
1386093
689424
1347001
126073
730943
860142
1152686
1196917
1387464
702283
986202
592298
1041724
368326
849593
44961
4362
1244099
927863
1285041
843363
117142
702439
366874
447798
985449
2590
438525
318477
979525
532023
1084687
1414318
1367326
1078159
997102
1261408
850292
28578
656885
436290
726142
1159422
1285095
852333
1428292
1599524
1511545
954934
672062
258154
689938
1033894
1032701
288170
1354622
1537745
851505
365232
133867
835773
93283
714679
1089863
63683
976684
1556174
1049291
5985
945715
32962
1310829
29326
445607
1353230
814910
577996
378395
1282896
1310816
1601287
1289278
614768
331171
1024574
457537
81022
1332886
980171
613180
1153668
604006
1477914
134370
207750
145245
1614467
1315237
297
48015
1080240
1280651
1596141
1263619
1150550
742682
467031
1109131
801008
18380
1240445
989048
527133
963241
744032
1496234
1019758
309408
1026404
1084571
525958
1477437
96559
813373
98221
983289
179913
533141
160269
859911
1430809
798127
88167
17035
26066
222198
1321026
89901
1232966
216126
1194150
829959
1043956
583216
706322
1182301
1085531
356977
63948
1186783
470761
1251613
1198577
515735
149919
1426341
1476015
975115
1299783
1123073
751456
152808
1110760
19485
470901
394916
188200
552177
495075
170121
913869
112433
849156
817107
25241
1232742
1516729
708501
1193555
1106460
148937
1341934
1079531
645731
1585453
689709
887298
1258680
742533
259804
602646
904078
1141529
558444
1324277
1376754
988695
669429
893498
693274
1149929
755777
775294
75206
770680
1253926
1315304
129709
1441536
720617
1049074
600226
1145793
1374944
514402
711045
665073
614172
671778
840830
1560831
1429158
23418
865906
552455
548471
512285
806951
29403
497570
1023659
685878
1100699
926971
1566760
769820
1624901
890800
634180
868220
711485
1328210
1497195
1104874
1489048
455410
870533
672463
1053969
154654
534149
957388
622144
20988
1495322
1178345
1110797
187460
842438
1484910
1102090
1221852
637371
1103647
1591772
1570450
955562
1090838
1327784
1172882
1191035
843090
682318
1549169
228855
40603
1104747
1177125
661710
480145
351126
372071
154554
443595
1286331
751322
1143869
23428
744417
1236248
515247
46344
375008
556820
314923
6089
1531515
367610
332014
430432
578904
315194
473549
696888
95533
690618
1078928
1260195
78442
400173
771587
443241
877682
682774
207874
1033783
1395649
1455695
696807
621435
302920
484995
214193
1067317
114316
953750
430852
293493
377209
1223562
1267491
924016
103494
915599
439987
103975
1099116
1458471
144247
1151756
567933
922641
812479
1455485
55048
210455
1171348
1077528
1207015
419978
975211
783253
890442
798486
1425560
1265343
651873
45639
746601
1374528
1275508
1498248
910156
995392
1067254
876257
934580
93910
769569
903163
1276987
926176
861106
1050791
1270129
1530919
684184
821054
973179
631252
273287
270829
184537
625412
278554
1281399
957611
1052868
784448
979226
1428008
943078
259501
714317
961945
468388
96527
455289
958886
821246
1164611
140513
1328761
1603286
875373
1391523
539397
1104610
1097021
502733
1293275
517759
843035
975228
854742
23133
1481999
671197
565461
189774
246440
564186
1268970
50242
715774
849548
1492450
604003
629902
1600995
617684
1457323
1105907
622660
922899
1034881
843721
228452
559759
1012919
319873
769275
1019298
1384623
1572636
1370405
904994
1009385
1299272
747153
1455032
791094
339073
523617
196775
1203531
220669
124747
81426
1008968
306571
1579946
1033300
943941
987088
488159
536004
324753
3211
1215485
1096181
88808
607633
238879
1131549
1570854
386092
379681
535588
438905
100313
1182453
1052791
29754
793742
1112463
968214
864057
579351
499467
953987
1035382
1212162
520864
600613
1000622
294369
1311775
1098750
1612898
1562082
818795
674856
325889
248761
1306182
394892
1220598
982303
480710
178162
1175943
504010
1031371
919741
563748
1033620
1099982
1595295
343706
921569
462686
1441504
678461
370164
1242983
335879
1011610
24489
799929
109742
1398814
1087078
444830
346075
288564
240857
523839
506903
122528
275943
159721
918936
5036
218589
1483922
180247
1146655
1507593
1004446
515701
1083821
965938
343528
1063696
1195540
929488
693007
1310024
311730
979595
297232
1458205
220400
26525
554602
907491
569968
776044
1166317
352636
1130994
1474094
1210105
297457
652558
86945
480735
905059
109630
470687
1293905
1135283
807271
523530
1321320
1359423
1028889
818470
647637
1295864
4207
307350
939353
1142829
636661
945186
1481916
252594
451516
1515686
257958
1295851
901991
175245
1044574
446748
665890
1598134
1529954
880929
1268188
886487
178801
39447
922195
12473
681334
1477909
373665
1575687
167103
378673
579006
207374
1363680
981291
1412611
1120485
570849
859856
411202
356952
311916
162362
205590
529792
245722
1108672
577472
227447
928581
955142
157149
5409
513791
1228392
1581328
458747
1132767
789940
1204917
201183
1103936
1108307
1149908
252363
34459
789229
1357680
504710
300333
263621
1213798
781503
1051655
320858
1281177
709628
1220561
282422
1273493
8510
1244976
1138451
439664
115175
539905
800361
328055
844813
582412
1483780
904422
673457
1229669
396738
580309
1569783
69223
501786
1231255
180001
759849
1268299
1129755
1454118
1302048
1366350
1201247
53373
928865
29887
482092
336139
232724
673935
7521
483094
1481298
1381886
839903
1303705
559720
1306900
1543493
111383
885871
566742
1538202
294558
991343
180377
517092
879946
463924
775645
1218085
1143747
274218
1172524
1605499
1090655
137037
701181
1075179
1012079
871266
837056
444857
1073227
784872
1156405
1089517
513221
1420643
1462879
928975
1433013
734222
361346
1564268
293893
512647
304329
194138
131059
951496
241935
1303980
660556
132321
1164640
1520078
178240
1057908
696642
840618
1311495
1602143
821128
242262
331027
260479
1178477
1195495
576274
1546400
701162
544623
784766
710435
1180516
265444
813783
377309
563095
1401145
1623845
1569485
287178
344459
999056
1479946
469896
209209
597240
1428874
681875
1061388
1316957
529231
532235
893241
126182
193163
53491
861631
433256
608404
955444
1244408
1417669
808796
73177
1007546
1275785
1188850
583399
1215589
412893
125679
247587
1346309
49559
1329024
1306299
732844
1562798
218490
424661
326041
709311
1453652
525829
224206
843375
438019
1263248
1138168
840436
125636
423082
1038720
175890
244503
110193
261464
1313642
474343
466726
46969
763776
587795
870995
52852
772993
275552
593333
820821
839156
532051
598237
1234436
79692
918549
1511601
5600
831657
1546123
1027241
359420
810660
281265
1560449
622502
131637
1411070
343251
1433583
812036
396772
124980
683215
1465331
1445797
309932
102212
603845
27391
692114
861246
1166675
1407251
803536
1532547
957810
834965
1318166
1588929
1271891
878022
886646
355349
189528
123604
891892
1141246
1005812
710227
690587
782682
754939
1386165
399668
928378
625872
724550
1158118
341580
1070471
393281
1259971
1566637
1032455
761883
481824
635563
184759
451696
1099915
198833
1112169
946261
800971
982386
270273
909935
149426
766980
530887
126002
263221
370879
687331
193545
642063
387871
237440
1100020
486090
1513739
872709
341365
889284
1379824
154521
1117056
138464
1407950
1442371
275313
734216
474795
456797
1070351
361989
906808
1443355
408778
755384
299120
922011
220402
1304164
1517290
828203
1536774
1336494
53425
1280060
596835
1592479
564584
354265
145236
740799
1467544
240681
827746
1464784
1043016
1316308
485465
66960
65186
1134520
709416
711406
90963
1119882
1304327
647433
396283
1282498
449897
1438446
1293697
541679
714949
761636
123345
58229
469510
1209600
1536720
1450770
1598234
593775
991699
596117
1306995
1082081
1275573
662828
731339
466310
413500
937919
68754
1004370
594103
932925
1062294
1033378
52486
998209
170316
93060
518462
318427
554328
459620
355241
309602
580676
67501
667399
1614725
656177
642496
125487
1144481
499702
193411
40166
1142675
1577698
685622
1216513
52717
184106
930759
1473608
446838
505458
526797
103837
218585
1039554
1208677
1250573
523749
234318
464168
61679
698435
145765
1374276
660151
893188
652413
1194166
283348
1429937
1129965
372961
1497053
1043469
655520
1392976
31720
1138092
1514402
943193
52788
1168612
847089
747694
311492
587937
1001302
183813
1200025
582193
1032320
747413
1524454
416101
1588408
565000
270544
792350
1188503
1519109
426027
373293
919685
835015
4029
1403617
10417
171698
1326355
317128
1183003
875529
212045
621561
216561
547504
1094408
1338572
632328
435107
31770
601630
1362751
816156
1250458
306672
850683
642851
831424
1103010
257230
354821
1481087
1355595
1209351
1017109
1094679
1424474
959001
139266
47473
1537464
1083554
713248
853687
1287060
383398
1537457
221014
1199197
544581
1194813
233375
180852
151246
1234120
333470
583762
928823
806412
217046
1379875
1358790
1100840
555830
1052608
1218218
1299096
831226
1386280
400277
354104
293965
184168
317815
156074
1236480
613971
111705
472380
1075215
1289845
1297782
652194
781774
198142
789670
1076578
170954
550133
908496
432331
613449
916190
475418
689601
1574927
1426095
437614
970392
423236
711293
921189
132951
1193632
1058451
883455
495785
678170
1150270
823162
1159587
496961
1377073
967645
442064
721197
236976
204542
1304125
737305
873642
357059
637463
1355248
525373
1054526
1101812
601896
108982
72781
648640
1261268
1235025
977866
1429942
799137
7807
524035
1301310
167444
188251
474356
1459848
70574
1572405
1425689
770852
1597438
239928
618469
991859
22402
1542565
794375
241280
199927
625543
717741
4239
615758
1577683
1270383
730969
349610
988853
1181697
1338062
528702
63756
530548
1507164
1018742
1346513
311022
219014
1190345
1097085
292132
997873
1456482
492346
258651
559771
2292
505941
869015
311607
714439
992256
910788
98751
1164925
783771
350553
493518
139894
1275029
360693
180844
970839
56959
107738
1386580
65976
930594
845556
355727
1074900
826679
1237703
548305
1485200
200127
689813
551854
776104
1162499
311938
1203626
1592967
961914
5011
1207046
1110951
122995
488088
1606507
628920
1436893
1025727
1360646
1220634
994872
650453
466353
885460
480743
379530
353093
1442887
73796
922995
1044727
1067903
795667
191392
307469
641476
1396828
594959
226814
1235239
363601
644089
1111798
843239
1248969
344044
1473957
1105693
502051
556707
932965
446624
806175
244486
1619718
115527
1086455
920202
1314148
1507254
1288311
886543
423844
1265325
359326
948343
727590
202442
644454
670851
179308
936605
1377442
354173
1303037
180099
742773
152387
990269
33928
1217288
710326
618579
1109100
497327
1524911
638160
1478181
92105
287779
730038
811508
57959
153232
855303
1566801
1536747
659350
1300358
1599209
547151
1085548
87393
1415828
1187978
905719
1147149
211440
429662
1274293
1384777
942176
93298
1105341
653225
764773
1620374
1041182
512718
319596
495787
545324
200555
566427
906465
1385
1087031
573047
37244
899955
747400
26013
1094294
515105
839633
521574
1105044
1494633
1436233
963462
517508
1118577
967361
140011
1522112
729472
1328417
146689
1219348
65849
1482946
1181813
1329083
341475
287737
1565801
1396331
87416
1357006
988340
583307
1154933
768615
1093863
842326
718661
240103
184408
1270643
622855
224715
814931
1389698
513569
535997
1493244
1335181
531039
1393638
101123
460255
450885
688564
745178
1459499
675217
1536799
474123
112517
810388
204565
1199739
155952
891015
523873
390039
993056
912766
1164361
1242072
1104580
393566
1298019
354875
1237077
1448985
402144
1064591
853206
1454172
1473837
480206
1059018
1478619
1347972
1336810
1152798
1322168
324198
572077
75192
726938
857260
363898
1184235
267185
893260
1446136
1402121
1170682
1565310
1184102
769612
874137
69691
633967
662507
1093478
990406
1163998
570135
1480162
1291851
576579
1555094
621868
221681
882989
75360
1122255
15113
856642
206802
170824
145128
670319
325687
448715
385635
708274
299313
916153
549567
467027
1257697
1099108
721759
1291006
184732
954018
1091640
1049265
1216016
823467
1547227
440556
434646
1230633
1533169
361927
1485991
1176300
309811
1121564
120589
72582
547368
1603128
654360
169800
1050964
1532264
156585
130967
253240
355439
461039
290634
182392
1525558
379456
259318
1221792
949770
383210
347928
1401790
787932
496404
901750
213723
651638
340132
575235
108086
24388
989482
1388975
221495
106253
501557
1201641
1419064
1606150
181002
609986
959287
378926
1040277
487542
884786
1491371
123911
512980
1604229
1508316
944735
351167
291417
996725
535951
799867
19981
910468
562405
1296979
1566399
165621
1200995
732882
116626
261370
309394
94242
597878
798339
9988
384162
669295
311381
922048
631823
174890
713599
570017
575184
443465
647232
1135040
758195
25397
328797
423767
872882
6210
1508719
51551
1280626
488990
147116
1330121
1484482
1161200
212826
201620
1561604
890787
561321
342791
460623
284290
628423
1365220
974308
1566726
1486075
1450273
406249
1011504
1416220
1452148
1174833
1193384
1099381
323162
1534058
1493882
846406
59366
185199
258616
1523930
323689
372596
168454
171492
230817
1154607
1422428
117621
876679
343097
1173585
1359658
284271
442162
815334
1127860
1309811
1030792
420092
395508
969985
839158
206589
300238
1243218
595655
377952
1371543
978778
188807
625725
291789
118708
1111689
135285
996563
437462
543929
1576211
29668
538236
519562
1560818
969132
1264473
1208154
1271968
1369333
624176
1423467
207975
923162
763930
1145191
1608517
1049340
772321
837794
1039308
641600
96385
1291593
376451
709703
1142206
1248918
274284
1016053
239598
1472394
1490008
455285
11101
819607
491306
954658
827128
1311499
698469
1330649
881573
1103830
1241573
1129474
16150
620609
1592335
108886
