324004
110631
1141364
1352188
198197
682982
777393
372907
1353331
1401988
126741
943632
904539
1392439
50992
38166
1430076
1300734
1592108
854468
469502
1319459
461676
552207
883590
157844
221713
414458
103324
783037
1073264
293036
1462770
347807
1223003
205922
12786
1083247
1287308
1604971
752925
283854
1040867
506576
918398
1371625
402340
139012
475827
193478
410645
1599937
567787
1565106
1034539
903417
831022
1170821
70090
173072
1534311
1286948
288544
617439
221677
954188
559003
1110479
1330392
200580
1193210
744068
723311
369095
1078068
857897
1098980
562276
475115
506938
1144090
260006
806870
1490159
41388
1067066
672428
113064
1574738
619018
575288
1401218
387419
819163
130402
591879
709604
325833
541867
758236
387664
1192752
1597670
1276185
569337
575698
982897
869295
1334438
177070
722347
420499
745388
1552961
1046460
1469638
1081679
1207622
516247
1241902
81072
567505
370287
757931
763353
754066
812335
248376
719951
1250417
698902
374904
1492051
1273944
1253690
21657
1489590
355767
1439945
1538646
788933
238783
646380
562154
569620
464186
1385608
1080814
559150
1373465
734863
1267658
481161
1168433
1311256
717345
960435
350198
616845
669561
571008
506611
1527221
569578
1246159
1435633
864274
395217
1226765
392295
138651
1112062
1611465
848516
302094
1319859
333493
1442136
1095430
1495358
661451
315353
353204
466748
388021
691623
28877
589599
655347
1192300
195504
593467
1411458
625503
886065
80358
845990
755326
570970
1026042
620494
531668
240731
1071869
1313088
638555
1357223
82358
1240635
825756
206996
1273645
596048
1335586
449310
1332764
124974
699357
597260
1338063
365093
454917
890661
227571
1106227
1020426
930331
152625
1408392
1228744
345187
876369
1425052
1079708
286413
777307
878113
1096420
1326128
539243
223555
1382095
278661
577243
1033804
170251
678789
1287956
991395
581411
1156191
597332
466941
1591338
43532
1005489
1531829
1482210
561048
369540
892361
120984
342626
1323391
182963
346620
238705
903797
1559334
465386
476538
357710
411229
1566568
944420
924781
552323
740846
82266
1541695
52852
1536224
324935
71392
322659
221487
971060
1353841
686792
1198118
300883
984194
1330871
535014
1555669
1416480
497395
1056541
484815
1176594
673834
143780
1440836
843728
653629
1547576
845607
1141160
309849
479339
1048434
1430665
368525
536338
1068102
477467
704422
262430
1208336
2409
981981
201177
59563
1015233
1488857
932891
541153
278720
519400
1221455
983946
1025797
694836
939078
481919
1138721
734442
1583775
285266
1507348
392624
1339762
126382
345209
566120
1522819
942806
389099
855334
1148452
1272807
881251
32780
1352247
705512
1561346
1424211
14228
1576449
491736
894061
916206
1124983
213819
1136337
150637
216677
1055926
22608
675856
757894
1288282
1222071
207176
404863
194307
219542
18026
1626330
411380
259862
214218
698814
132553
1297054
1517067
771925
451331
218190
236830
1191342
384499
696518
1298672
672843
1179564
287566
1331562
311150
1116428
473637
185553
523194
823290
596378
831441
982337
1319972
92369
863668
1555016
1406316
1462449
797279
670896
1172816
1630438
358972
1435828
782794
25544
911337
807867
485697
1264169
1004024
1077208
715987
124418
826852
1247144
220522
608776
581012
1138185
78545
1627816
354675
317306
454222
904547
1215518
505048
182038
619164
1302241
867346
1013189
842644
233897
330189
1321526
41765
1530424
382703
887525
289219
441653
1318732
564002
302830
875275
842945
1285805
342896
1264271
319940
1191115
1514821
164340
135043
567246
1289700
94532
829596
1052260
406910
1503997
1431505
163763
258588
753208
500598
547441
12888
1173896
673662
1135584
1402745
330671
835257
444540
813606
612266
1049961
412378
1517061
291284
608239
148775
1084001
779317
1620770
1271467
521136
240888
545898
975811
1155368
221551
282952
1017216
507075
31116
873370
436711
729619
648710
595779
363456
842686
1106502
458972
870221
882343
828670
999235
727565
493979
354472
1022919
652996
645172
766912
1603173
984472
1002934
890320
1616319
240615
880835
276446
885965
719522
998921
632853
774515
625087
345607
298628
768163
1204354
220396
169760
904474
762867
1095613
1403850
4046
508582
93206
1270024
208819
204928
589622
1616436
1223919
1309924
797181
145150
1101693
644002
1013346
1492036
722027
831384
356109
864679
959091
589087
1609349
1457185
1269186
34987
728018
649172
347716
106034
799312
824574
268285
91450
1116567
793246
1054870
1515449
798175
1205783
1268016
1037366
6172
1023981
424788
16764
290600
1130485
211083
1014721
1476776
174293
247744
336603
478641
553746
289012
1281380
1406584
210405
1111048
815139
1463366
672863
1483042
1086400
1056714
108381
45663
671005
1448559
1278691
1167088
1301666
225398
106152
134904
699798
180719
1558575
1454927
566244
1503882
850969
1017224
940748
209984
610564
927025
240363
1218769
1152516
703189
1323496
119866
759223
445748
641373
338618
757589
101018
1611333
1074795
1407520
905671
512359
1157988
267656
1044734
437847
750689
888194
1401333
99319
1241571
126411
693666
374323
1005618
91127
791561
1050243
1353875
1215509
215333
479012
1515649
843218
1574275
553546
262285
951233
1373369
1602858
504699
62113
1118567
487783
948989
228303
957085
1244879
561857
1274286
450512
966885
1445864
124649
1564742
764454
671864
10576
1175184
592277
320600
543016
180718
233973
215822
1037356
684508
714228
892251
1360799
787588
392157
668836
244900
1030426
1326831
1033852
372770
321097
141587
1129364
438991
811447
576807
97237
105112
1310872
537428
135120
689976
1354789
872280
1071877
826457
1024437
438180
1515229
501198
455743
1321394
919668
881431
1540825
226812
1030621
424407
520401
1398576
47172
420047
723538
754207
245214
1133731
1626221
1224721
269945
1107944
900048
854795
1123053
1331257
307268
700901
1267780
164628
351898
1311783
143026
599984
1269070
633621
1177381
284218
37283
781848
1191247
697734
825223
520288
1560806
1144552
968558
1577177
1132011
1098885
447797
287963
1260757
900500
930373
20999
938566
1250215
1017527
131706
294389
1465358
1048402
1024841
704750
802363
216125
1228231
658178
187181
1003580
438880
1186589
94609
745877
496004
670917
267308
997195
863215
1178712
556405
1447204
748107
620808
161563
1395180
1499055
1302308
1363097
1164758
906292
160573
1130503
1226599
1052133
611705
506783
331807
732937
1306869
945089
1338310
1330819
623262
831874
1189711
829802
683330
468028
418767
301646
542532
74838
1356567
183220
1266271
742149
640670
985311
837236
1428149
937241
882048
470438
483575
93574
1435347
887432
1145760
828831
762150
1224869
50001
1068107
278460
1216224
1303415
882560
1214040
250717
259515
1173523
1370131
182239
846596
1224837
645665
1539628
1260567
28498
461897
767853
620952
987653
185883
759841
473088
1366800
667115
1251944
474303
187494
1410120
508520
1421590
42449
1441490
273
103007
984137
84373
594635
461635
1523158
1142941
1212818
1079448
812409
143010
1447015
1385681
273769
924944
281717
956559
1499802
1621891
621047
1106344
345728
1519950
152855
736674
946929
900440
560459
1074263
17432
1384657
766750
204083
779980
1403267
192321
629135
1214326
1077686
784419
522419
1438451
1415157
580697
150267
1035862
318466
823565
1081899
70560
339531
176956
646639
1406260
597457
1005659
1444303
968586
971854
1405561
1265604
456811
409386
1186736
331233
809922
618177
524058
1361327
1104656
393309
1310589
536638
210315
568147
296926
138119
1018229
714014
1044618
676730
552985
1054044
284517
392557
790091
891179
443401
561082
549739
10803
1259806
532131
764489
1290922
760290
787897
161541
1173829
268388
639492
1128035
4745
767896
656679
500074
870184
412248
1408281
648449
399151
677840
1354408
299479
432961
919301
1124866
382828
1037096
15830
10685
1359123
1148841
917114
195306
1256412
113140
20151
162521
799976
229763
250042
101399
761507
275082
676408
758263
1261940
183687
287008
925962
1258350
1207336
626587
676304
1215906
909057
1248277
650359
435017
1449548
1071189
760401
821784
1555015
1284151
1093329
454848
1393138
646094
166178
722994
1616708
1245313
650459
970872
1359142
1578831
270425
645434
462505
630681
552120
927675
140745
1220325
371534
669295
619476
1215701
64597
894407
1401128
1393303
299865
1291105
212763
729290
322689
269656
1159169
1215623
1442604
502441
1592986
291650
464866
724575
737981
263736
979915
1492942
906038
259397
877202
12657
1214521
588900
861688
1000740
49162
379371
1158853
72412
314056
1355013
77871
583144
918985
451427
1435811
1419265
1358794
1301617
434927
74937
1278052
1086455
334554
129782
148268
180620
709729
456564
1204803
365198
1064291
909155
835581
221115
399770
531855
871010
500613
616313
173757
1177404
668555
1094036
1305201
1271779
1014986
21891
794374
1139435
680937
1336273
330195
1088614
399343
192019
1017611
572902
105802
917129
175734
1427126
933221
1368621
521334
1540053
1055497
202536
1065285
838093
723725
88337
1179205
822119
866465
564384
595212
1016085
755214
250986
620219
687307
1020764
703909
212903
967377
837289
206103
1490827
185677
731383
1219085
90347
1222881
1454796
553158
782854
142043
312401
519543
463365
176380
732736
888859
998828
126638
1136392
1560303
546911
1474065
517741
557237
681505
766278
278624
1235789
661601
250495
494733
1185720
502939
1478726
1068253
95533
782303
571962
409296
1133443
1532256
1023927
41280
492861
552782
1180890
287614
219221
1437920
842780
695178
169481
423076
1513785
572312
1195890
1162167
900343
28026
360579
1405990
1618233
1213141
355569
412738
296575
1038379
547071
730794
584258
1593545
1202424
858226
1478448
500913
957951
324701
625996
438296
1092152
134102
374000
221271
1083421
898561
811035
484531
578484
1532048
104177
689683
578964
1022691
800211
46943
871868
1419581
299156
1470695
835843
700226
1072450
746076
1364528
1595974
1354513
1260277
580146
263438
458933
46122
299040
250772
393589
780674
1263591
723063
139481
1131081
568628
1312361
1008059
1103060
733555
1278810
1442606
1455933
300922
99248
1254543
887980
231946
1071990
68403
1156420
1561727
1109599
795043
70732
26980
699432
1166368
96074
1473723
1113746
1495877
507662
1155792
1143647
102560
855798
83207
289073
1191289
982953
1151066
956695
1069479
527000
890055
1218711
1228423
481335
828604
752958
51134
401104
834406
595162
274878
429774
1575640
627669
1298844
590308
1328061
508126
1083497
900284
321159
1540623
1210750
568942
831746
934648
1144750
1612533
946743
823606
25532
808836
858434
1387024
755048
1396295
612415
645965
977656
1021157
487295
136102
544090
897835
418478
1369590
105581
1525659
588845
698217
1156935
403833
693530
1299098
857829
221132
1113462
751921
426517
485816
651131
76386
773241
513640
499580
1298393
983057
527786
1416393
396965
578009
1154975
413174
51066
1173080
443392
774345
434930
1318815
1191125
179478
611411
945255
1590503
862448
1363360
1262898
630995
1178466
66629
461740
1208886
1343900
45999
339056
42029
738807
355615
618521
523100
1139110
1218633
121650
686618
328582
536857
1232642
869319
547439
1570030
893888
321546
451031
97800
301827
1124679
57284
1515062
118856
1082551
405169
741898
161557
505927
220624
242609
1341695
947791
632401
337596
345632
809580
123440
105777
783562
523980
1394977
1105183
914185
1329325
1388157
1499434
564226
657063
702338
1421766
694698
1017322
152582
872507
230302
436333
1596294
1485437
1082363
1462353
1246172
1343485
250558
1097749
12457
1325325
822602
356834
1249377
253754
187001
1503667
1215126
130829
366514
512556
446313
780027
471916
1434491
1093015
1459601
893317
774369
255645
826191
235939
562630
428387
1620506
558603
840501
853533
685673
608836
964632
1237305
457753
1164523
1414129
92023
25429
765471
1081968
226713
270884
1387278
203967
382782
1564377
432166
1310084
1165085
1234845
340395
245360
518940
261919
677211
559303
135846
1326902
1142404
828950
1447378
296405
976275
210502
463194
1528741
943054
1629520
30769
1130446
1299585
1317460
1349254
72191
583455
1143606
1410277
1611089
50374
384256
1600765
426211
376383
971062
1040917
1133842
246367
1356804
1097673
897982
287756
311080
697651
1023347
1270338
694448
326546
103724
1053404
719215
1095188
578891
4130
900815
399521
304786
134568
865454
858207
1368546
906750
1429899
350910
468576
869099
784664
1477429
329257
718154
1339333
123903
1568928
736710
1602484
1153594
199698
735292
1080740
1440393
854114
840461
846652
860893
1148599
98677
228901
1154190
984423
8598
744442
449512
1054246
894711
1388472
949941
181119
53733
321391
847845
96293
871162
708680
1594537
1058548
408588
821094
782916
599316
375242
1061614
1454599
1325712
1269959
827966
374461
578194
461377
634112
949818
278464
94859
1262766
816661
214588
982947
502087
1001860
460930
200381
339224
718544
812989
585818
1323158
1321079
614964
1252491
76529
1236721
381433
304191
1182585
33691
333753
1270537
1127195
1512161
35157
1139371
264086
17686
1588581
621629
635726
1252781
1619930
329264
291558
712470
841310
422882
692253
188858
1632297
370275
5497
336343
565440
447710
230865
547404
1424456
1510609
548847
1579867
470102
757775
1115003
214381
806332
1430912
844356
834012
357037
1191196
33567
567570
1185274
1150410
412082
1447476
1220121
912691
234327
861580
1403261
1370747
390640
650813
908081
463587
1123692
1248439
689993
207231
317403
1066571
476563
397738
263397
267878
732055
577910
1527932
1236019
406059
767921
662267
694275
1051403
1008057
55765
574599
117151
1023751
1189491
1468372
854740
801752
664546
1050440
54665
69585
1241369
855960
649200
610787
745562
239380
536664
1268059
1085142
60329
11379
667918
1594124
214030
1217446
976534
433228
233137
774351
1414756
594167
297383
1247274
1406139
521389
1206024
1122698
817151
1071371
1300913
1619929
305986
113281
981541
376752
1541232
1034744
1121669
770382
1177534
807873
391827
1212860
456450
11115
1567749
959806
578183
410541
657906
1623764
1435533
884798
154219
361909
1557134
1330239
619322
1093727
768413
218397
1580336
940198
312541
226227
561620
211116
520389
1065300
752035
544710
981500
1021979
36002
330279
1306513
988072
1031215
567325
26642
878694
445451
1065594
483273
648232
1148308
791009
28602
1299233
332525
800770
173839
990941
544413
255543
296846
1239891
1292098
1549155
224335
624232
388711
736767
204607
1391609
284363
1036736
901135
1243093
829640
650953
269684
364243
268957
1485787
305012
820148
483284
395941
1163814
1019774
593454
1632304
1169771
60025
1136169
284697
1306718
98460
386464
82447
273107
1425822
44160
624142
1343310
1029890
323812
132880
771643
121494
670703
1111263
30640
627195
914095
292408
11655
1118775
540659
1601086
1270715
96355
1274043
86518
1051383
420553
900489
297552
1302998
1354141
744523
350158
1317412
1282207
1022241
421539
729668
715200
695266
980798
847198
1382466
1238533
372251
1064709
29610
1355558
349009
40986
988521
1324186
1249185
1557563
1517922
1207064
163758
459312
714628
395923
813551
1050685
1148426
1542950
1468329
1125280
1297716
1452929
1075786
212860
459023
837042
834038
873329
1131517
1302997
558617
1042417
65930
866233
374757
20995
831177
828350
803732
1444432
898290
1581922
1615976
731465
1073865
913027
1082485
1372299
422202
284543
353148
882456
1811
721784
1210328
554456
341632
766829
786667
1002273
1374276
1440929
709425
1382117
1536252
1191854
215584
378164
603190
1225419
180764
1530224
195414
18267
1509702
119466
976585
1228054
239128
985527
488357
649786
949945
403049
1052174
997615
1548146
574151
150449
313889
534487
341715
1148371
243907
287480
405888
455894
967622
242447
339018
174882
407618
1066816
1146711
678369
59329
638684
466504
651975
1342483
1253297
942212
80827
96490
84384
1611651
1012239
100049
1056196
702229
950697
1262556
1242527
964410
684534
437499
511411
1409444
948874
247299
427833
201804
880458
1135126
202622
282768
417461
206647
163803
1301657
362046
732516
656563
1230789
605197
312040
65195
1314539
1172339
1432833
844669
1448980
1261144
890952
866616
268519
126847
1200645
697500
1126596
1468764
393426
1134160
29241
744130
1271597
286810
636959
102618
667775
169080
1581119
640831
799914
736221
1093913
151319
1006468
1298965
224032
1121113
936811
13214
889744
766973
143131
841125
129124
404753
1087633
302033
440506
1539382
523969
724293
5348
364731
423415
34723
492982
714443
854179
1260360
721221
438406
906297
769184
50403
567091
105191
80382
696029
541129
897403
668915
814060
585307
764194
283694
855725
834080
193428
293130
86396
815808
162992
249085
1211209
1030303
487449
1231052
894792
1041318
1061394
315692
1011844
1102749
830649
905785
492467
612045
1250431
211876
1370857
841541
185341
805125
335783
831825
857980
1529478
1433230
465642
1455451
808370
130334
484604
871089
686173
360472
9753
1233325
542280
508638
382931
1011289
600004
1361304
1311310
1265429
458284
1376482
1326369
571359
284816
939633
1523970
190220
669428
579699
954841
581762
1521474
213300
954208
1071503
744772
627218
321852
301675
603873
325081
1217649
1099926
1283926
235603
1582796
613892
299113
144422
46421
1519509
812428
440636
519458
312354
664304
1020209
967889
392214
762416
1184263
1265420
570801
794281
1059345
467643
870807
1459923
1175848
926537
1308051
1467203
433862
1213509
190672
438147
80852
94112
211257
1257461
552369
978872
1291257
1423533
186425
1007720
1356794
1061447
300620
1334265
210849
529955
1410507
341425
831726
459199
188519
1307790
895838
1074251
819822
1351410
1398586
157443
458759
479773
362167
1332204
1520984
738149
1467366
1335126
227527
664958
1214455
1473890
605096
816522
1054662
842142
957423
465846
683930
388187
180119
1337915
344524
328876
598288
248498
1524409
1445943
332608
471839
132742
60655
131876
1359795
450911
1038610
141259
798288
1396585
813436
924492
694825
1145015
1009461
992356
1446490
7980
179762
1254647
443933
1527496
1421264
207346
1110262
144713
1526475
209020
1327183
1285497
806638
656749
1589888
930449
445961
828293
980607
131879
544041
423821
1539315
1088941
269179
1174550
699598
278362
632613
958377
926951
598410
709045
901565
1480241
1610681
1313576
893801
1133568
402888
669056
1505758
116710
372998
97535
98480
417647
146153
1216645
978559
211884
1478762
1413555
920697
465462
905588
1411160
1446213
140982
15941
1100081
828589
1020320
843937
995546
143715
1484189
26055
1122794
521937
832927
313635
657386
1587928
347319
1425864
424167
366046
259267
469793
665108
1616748
327035
941710
352342
1299242
506966
862835
1246570
1492941
613057
911262
1285596
955913
978867
1297429
807257
485711
105682
964121
359669
1040286
1227236
482518
1219901
158202
1191056
1448391
512138
535295
2845
417039
836138
1085862
13582
1316381
469517
319613
980876
1056901
723751
261792
67502
499873
198067
1253154
927124
267167
791397
1345108
1525641
720096
919878
101677
1411267
1122333
156048
305344
181434
317453
1416005
433961
277052
1316610
775390
1209999
282169
621291
472565
884297
996753
1116770
249397
1538052
1559164
1362601
326814
769845
1496188
275833
655395
1558383
1404435
1576457
1045517
1527952
42860
1318118
896397
1146601
1116285
799169
1537549
942530
124201
417027
1035199
1083826
404725
1162965
89019
1539881
45784
577058
274434
1283328
197753
656880
854148
705458
1134970
781287
243074
31904
1478271
781652
659189
1073244
118705
316359
1008729
401018
727637
322657
266641
1053442
814091
51538
106544
731386
621587
1026861
1282095
537166
1073637
1422820
200015
1503475
525059
389818
502905
215819
966634
1251723
821233
702018
240351
612463
21829
532555
1075803
390197
1497072
622835
516140
47285
1576296
213901
536365
1025681
867897
1020533
925348
468943
652832
601364
1400734
851566
1550570
932135
875357
1003045
550439
327053
293448
76202
10235
8948
21410
943516
1202324
1466351
107530
1264885
1607095
1101947
885862
149373
746084
1149248
884609
1002889
564867
843837
938145
194096
592199
1514688
651868
1412099
1119305
446976
361307
566577
622831
127337
588551
773473
1596914
348000
611600
497035
1546645
498177
968969
1089828
412070
227192
1121086
1604980
970029
723504
583651
1165546
619539
1221287
779041
1449191
488776
1189593
980882
927880
363550
931743
370546
863963
1511051
262652
719114
882077
581286
1242076
234710
982248
267487
566360
1303493
1156931
1369069
728043
294815
802321
32043
157928
826062
1274466
1211401
1598594
202002
392577
1530953
1275011
538013
761414
1170578
767784
294329
325983
304134
9759
1108045
717765
841272
481464
810085
1618917
542055
110195
995295
855850
1141732
647134
622409
816954
517985
1091321
1223978
427403
239911
1034994
961336
598310
1475386
406195
1513608
871470
565091
75161
497551
887080
1207885
1360250
218399
46502
1085532
1120777
138975
1347266
1495666
907221
438361
1035908
43140
241632
981854
1166405
790071
206263
122939
963829
32053
520002
686893
231274
739650
614479
674472
674844
613909
387442
823622
1053143
1155760
495312
911078
86899
1452618
1620173
1363917
766438
413377
657094
22370
875934
829787
1038339
1211733
1129438
975791
177672
286063
834664
470942
458761
789930
279146
512594
644553
456577
904227
163306
753210
1211194
1466959
1013310
1360048
506006
915993
1147762
1512542
969531
727037
1385889
502286
48648
1087946
1226006
1030200
1437143
1591145
432297
1493709
1429983
574839
822490
266528
409408
873923
312044
387511
558915
5770
105000
554088
896512
1292089
1093066
982600
833484
657842
1145654
377571
1586801
523785
1091910
741005
628924
1090530
1126501
925673
1012837
457843
1085226
822883
1205570
149398
638405
1562642
4064
789990
1421774
1051089
536490
1081054
1091018
1284822
1374112
256138
87277
781789
1472992
1340440
1477837
1262035
588912
1628377
1000072
674639
1551025
662764
383293
682757
583057
811722
979162
291656
1013923
608258
75521
448227
923013
160493
237802
779087
142876
779795
559774
274842
797088
1001084
984388
712108
710516
978498
153237
1266056
1352853
48949
1130947
321965
348556
558198
412779
800435
1043632
1581222
588453
1188228
430501
1092977
69678
1155022
625249
945351
40924
110357
799771
26314
968498
1214011
1107998
285201
1402442
672375
1358133
813754
1547260
1369367
1317703
928064
1248231
613606
535237
754191
1104190
890038
948886
1302825
270630
941340
400276
772832
378458
1038374
691137
68835
836406
652692
1077111
989351
584964
669704
1531923
1153485
1114696
1353830
549035
1065991
1337814
1196914
88907
113763
1435696
825729
1414413
156025
1430457
1580121
1383028
503075
920863
62117
1314804
638347
1335148
139257
1353158
1067165
251211
1615553
1427399
710867
1130923
921283
546060
187343
718094
262253
979705
498112
635443
363263
208024
1376081
1238623
247735
1268197
310111
7222
109116
233319
1430737
644972
1285949
812038
1078850
714041
817855
244325
749732
585337
911054
906933
1221783
268867
1322898
1307421
483454
17759
382096
139797
96966
1019426
665218
99165
30879
731904
591512
481591
599993
611217
1183322
1336592
192793
76580
702868
466459
319590
666394
454814
383482
1354474
89672
629072
359741
1322820
318920
146404
1290989
956790
479349
1303913
689405
265181
83545
181768
289072
1244289
645343
257691
1009280
157873
1219059
1284284
683136
988280
689836
515467
1073588
1231058
1456805
1120774
714185
408969
1179286
153037
407769
77029
326563
836963
665716
1226949
565648
717828
76055
864109
1012630
459926
1223645
917556
1585499
911219
307367
101493
523424
806962
90767
1607023
1266150
1404486
1038910
358250
270167
1372202
708715
104060
649492
1569604
1189810
814657
275508
382550
1538638
714671
510552
452265
533283
929318
997105
1276325
1204283
1176677
1391088
57579
1400813
1459787
251450
714127
1044128
622964
244706
1422705
217865
1306747
952366
62091
823176
364185
98574
930000
1285789
973778
1604241
759645
1561690
429152
75113
546317
312163
941462
1100530
91792
1263654
1449106
10433
74525
929141
496909
844141
756387
1131871
577724
231846
1503767
389925
1303537
929241
192196
547288
788508
526691
685230
521326
540525
1227713
798612
430026
542278
1518552
719381
149757
812080
956245
268058
290000
1583027
119932
1495372
433364
30969
608637
470264
226198
1450977
757713
1277202
923541
326783
1236060
1421528
1507519
499456
594986
209753
1394095
1197850
463772
1289801
1278476
521974
310535
1060125
221977
107432
988706
892272
652716
1206809
1318246
810626
674632
1495590
956134
1469325
779310
412404
1377238
537827
56173
1559311
1022555
206035
9757
1450234
600318
796471
110011
708509
978314
1077549
558722
264744
1302667
1065786
464441
788122
1148337
1139207
668992
485935
460690
275860
233357
24018
507785
939558
967161
643264
557101
315217
611286
1062597
1305117
1044681
920469
148778
5420
483643
1285090
169945
1237841
1115484
624307
483912
1139400
505396
1306358
902116
995765
594649
753294
858768
8603
1256098
332331
955164
1239629
811724
508541
1235594
545201
624174
97818
418644
1004601
337420
792345
1295485
1017983
1006538
687609
75799
970163
540363
100293
253108
392373
1402429
1456735
513087
381891
937289
864762
601090
1216024
1233591
1242533
1591769
1557980
1075223
971769
316533
109525
123409
617666
1398825
564417
120925
513627
1267664
1190491
677596
932026
563019
1024095
157841
577111
372630
1379414
1271261
417746
1483728
656616
762090
842037
336019
43204
46552
765925
703000
984463
223359
482638
515864
1097188
28563
526261
540357
468510
1400336
246952
834100
1130883
1208221
419808
506814
700128
536944
814990
265386
1028224
748675
272403
1345858
494225
740383
1114225
897880
1250986
388510
888170
1217048
525100
974670
910884
165658
698172
866209
1140177
135547
90659
587581
1452149
633587
246369
1136405
1291480
556474
1429357
1278857
661530
1247197
114642
519806
906726
434575
712581
269237
119630
845248
214537
1344203
931197
951034
849597
36279
1051939
769908
1177613
358695
814189
1192727
178714
345783
1585464
1061697
1330956
527663
88210
954875
556006
738404
721519
1427060
36207
324821
818199
334489
1202130
825621
389221
568342
299326
477661
1444589
288984
115216
1248927
1579889
65961
932366
1111551
481771
618574
964539
1216258
1160392
1087770
1106699
696089
109460
23601
1083788
675397
1075220
1561386
609229
852090
608300
519344
259898
1617015
1206948
1522381
829146
1597662
248115
187144
804836
1448925
744634
1268550
393299
80589
629525
1424234
842119
1185719
904251
98660
1209546
495107
1351556
1036754
1337057
552239
981859
764716
825378
970882
115991
1388875
177179
728840
580732
1123145
447805
1372697
169064
664161
684754
149427
463111
1455580
1047340
338425
1195559
711658
1435093
490067
1304439
704136
881877
587434
551358
186581
867852
673924
772353
693161
635685
986089
504278
972080
313151
200765
138438
1373721
777345
531903
275380
53272
745160
656726
1143824
734623
503930
252940
1575156
1504648
1136800
700194
159834
66314
260687
608110
1351493
872912
1158058
430867
638779
1094194
1154423
931506
74402
960774
509477
485670
1591144
55805
555802
988779
1052027
193617
187550
890284
165175
855688
1155058
402115
1393286
790606
1332432
933373
992125
1619334
187271
166021
1260508
917397
193934
108146
1562579
1144849
1410701
1285573
1081875
1068030
539134
1625279
871822
365638
348751
1424815
1017980
918756
660040
311241
560831
659173
178937
1215676
47597
287069
452557
610284
980887
279661
754656
38417
1310414
699488
810316
957894
1535634
1171733
564362
668869
1519242
768593
1022467
793224
1288670
421651
778512
7188
1037075
431760
8317
1374660
1333422
1015346
1353848
709790
704667
1180863
371180
285751
800717
186966
612302
454303
83795
31473
1055576
739912
1478826
756408
584738
980135
785591
242576
411663
853601
1182612
1409610
1081641
784402
1113173
1210625
423998
1120162
689794
805325
1364194
540027
940290
1107628
1104095
653138
1464915
256587
653256
463902
555295
450777
1143543
553727
472197
552474
558733
1552354
311306
279558
1035084
3499
692502
693139
164797
1464564
1306571
833613
1369460
282861
414346
917431
1201174
844333
652139
521754
1565195
934826
760879
1193352
632622
361757
1011967
1226416
1164997
1552620
563377
589598
236626
874058
577785
514742
671480
1481920
247290
1170174
1275165
635310
5812
1252959
1399132
1266175
36465
613662
1457961
1366174
742602
533775
1420634
415702
1068236
987716
699540
1426015
386095
411047
366510
188027
129362
1073276
206191
721155
1213767
847201
1423723
1501828
806204
270742
1116726
365223
690933
1048146
303183
649717
43122
204634
921395
572594
1500849
672398
761209
385195
521325
495383
1152053
562214
657722
864847
1521595
1324052
607904
389746
1212053
1291264
1430992
540365
749900
1389355
714331
431579
782705
1102353
303524
866903
450733
1478348
158212
479294
1287107
460682
1304068
986296
972640
793573
758297
903281
813172
1577873
244419
1143891
71084
561815
1323916
450245
1046661
676103
680433
726131
1561408
291152
859683
164254
1314986
794148
1065156
1407801
1192174
738581
31283
177164
685603
525008
241588
121298
1517247
660689
80018
1352893
518816
1454689
903005
55755
755200
570977
278935
615614
78765
1252360
364075
729272
454968
1138036
1156677
691350
169048
846899
1326834
16644
796006
275108
1187909
568629
473764
1005591
578495
94421
1260250
190429
183906
104723
1589975
307957
1085249
342429
783625
1412638
658857
1380073
1443690
1033652
861218
239758
1381306
1171352
1053898
1246224
1593046
25601
238402
510017
696228
632290
454149
460001
770240
606564
1238090
209523
975445
640737
566948
1069379
1172364
330233
46310
883703
107320
372786
423388
1374024
220590
180673
455778
734384
1119955
818084
1611005
1362246
430719
446247
1023077
1007888
1105059
645755
1292043
273728
1536377
1535903
1070385
46336
761358
22580
762642
946126
1326122
222954
713704
715571
1598746
765885
1537049
1069568
588142
694378
892001
345306
1484333
613820
816331
1287518
656723
1024417
511451
1159164
577806
202009
614818
491901
771059
1116465
413902
1535281
708374
1439252
703073
754936
1395602
470610
737067
856756
621207
250361
1570552
441822
1152602
747468
1623008
717434
795153
839591
401660
1428487
1419957
529090
889493
680407
299324
878968
986218
432330
1297578
963280
1367942
90269
760091
1179813
1240449
119859
1184859
1506637
1000527
289393
475663
917553
84731
1044896
601051
592031
155538
326423
983137
226100
57576
343802
1611934
635153
113658
635996
794826
1190051
31838
1315459
956976
388772
587435
879040
1110921
515138
358525
300872
82097
1310345
334265
73562
1004123
1022705
79716
978246
60510
799556
1569739
920107
212267
285642
654610
1446245
1330820
896679
543614
831325
1065078
315093
1100957
839428
31240
89241
1418227
15745
1507571
1159259
864846
1427782
60901
243370
329508
1104032
301417
1019821
1036571
71393
439622
766993
513483
950672
28389
1613819
1150157
1621081
658260
276448
1349460
981221
115888
6477
101430
512118
1531666
77668
1597585
694108
1362719
1462722
1029484
434972
783836
157445
1102045
1534538
612053
863447
810304
1139204
301477
347033
1002197
522483
636210
1132
1361711
1414857
592776
680208
859217
538247
848007
270945
457217
301437
1292249
1227902
548965
1112830
148551
702301
1352184
658467
873151
1503027
477264
217077
1298506
1121665
123211
231214
997944
680947
712205
205475
10565
247775
1033150
1604449
761912
48934
165626
1087054
927760
860013
847861
803882
474705
335273
506029
930591
1097929
445594
931515
1468347
218536
438541
347945
1185177
742440
1147718
1154348
882031
491667
951213
464247
321984
561043
1105594
1013010
1255086
20511
190214
847487
495501
1153296
156955
1222627
1209047
1214813
426568
1210720
340774
1151718
1034615
70861
437636
437962
336421
1477853
601013
251903
1014058
130365
1059336
602555
1158520
830462
1567314
302418
1251115
1450628
789630
813906
371328
1106315
1550672
845524
292459
824161
853174
160858
1454527
1193947
113687
1004212
1352690
966333
627578
1080155
1208965
389366
575684
1255078
56514
500021
1219505
677094
212398
534622
1236656
498510
1444410
756569
1404329
35425
267537
693748
854229
996563
557937
1551548
1049443
928358
637184
682094
919255
1539688
870335
919665
1194837
469177
282257
1017272
1587987
116826
341177
544934
337902
512316
308294
1626387
639366
1190200
1391389
742361
120453
547097
232987
572997
23052
447035
1043722
837292
740574
1565363
1406016
443128
740984
1141945
330409
1443999
1410569
106201
1612787
906532
669747
278532
1287784
514527
978845
118338
1395795
993595
1460305
343530
1069066
465628
663236
1416639
1063172
816706
14789
107371
285132
1454471
1171356
410371
160010
120907
1370830
343737
483638
61668
8065
1311891
1015016
1000563
522267
1340061
1273672
254890
1315890
969349
960249
1557556
1063395
300981
1436910
1595889
944593
1207848
498642
1154643
724920
1278995
1064063
406016
948473
378231
1195984
1123986
988152
853788
1121746
1165210
589717
358064
1617555
645544
369030
846992
445843
1041525
398269
199444
39811
217605
547873
211748
854558
308668
128502
174274
63725
1390220
37495
1028400
33637
1216448
105261
1380716
618038
534842
1060591
357650
841347
62089
893433
2092
1234398
1370437
10617
1037681
215784
14244
1620779
1359090
70902
1209016
412227
1359446
48749
574271
483598
1309530
763474
966580
591937
1384196
38865
988241
647930
1499913
583155
688788
1052170
1449494
1294325
115833
1195558
1096044
982317
421667
89408
307168
990847
338470
103137
330363
1045479
156730
1170585
1141992
1357249
220917
874028
304312
720864
1510367
525499
952851
628880
1233429
310103
1265613
275501
1507378
660407
498051
651403
617650
248481
333639
594385
130319
1395192
83455
1405437
171664
764292
297515
42454
298585
127840
367309
1137440
608206
1012210
86494
1034256
1282988
948497
1231432
730243
898393
1570511
454588
30947
1359241
4774
1268855
524164
1449741
1433556
595784
121809
868005
1016818
621452
1471699
1011159
675121
732614
176528
16096
1142781
300205
1583168
40838
281991
1514709
1347296
1596693
231189
739554
460356
725928
1625436
15970
1105079
767458
1338372
953387
154288
516992
567736
817191
271735
1173173
374124
1480980
1364842
711877
548870
1413234
1184116
777566
1204088
454851
349375
1456184
856117
35537
634554
173897
21408
510132
34501
1578182
1086878
735268
1406231
386205
27979
1014796
1557868
963507
903548
657467
1094291
1381060
115512
1375546
879628
335749
271068
364071
1520742
141515
934704
1408530
860910
1026311
1436933
749403
981329
141359
92409
851427
1360921
1152784
1194128
1514982
61155
1307016
1068231
1381490
27943
19541
1545482
1474429
128028
721217
513981
919660
1585434
216143
1309017
996236
509882
816525
227777
109636
1300904
950536
345578
29837
312623
606265
1118739
957216
1343498
1105347
937456
11806
163262
1431620
527203
1545842
547947
827581
1360785
773187
486977
1006627
809931
1290124
270775
1076724
860237
804340
1537002
358685
199255
12579
502337
18198
516597
1111401
577261
1115799
1105902
1275938
1025961
352195
209607
1435883
507523
352234
338259
136839
917339
415340
1200305
934539
23366
281553
163911
615801
1373990
1214054
734895
355540
338001
513713
1045423
123701
785344
1281701
117493
414138
1350130
68925
988888
710330
1050904
881566
618866
429621
1548326
820802
760623
264634
390722
407663
764885
328844
1555926
766058
451853
903551
1171782
1349310
467038
698848
1018916
1226999
153914
1030336
402886
911891
15861
304265
168394
386028
588629
92146
1268091
677815
555521
796514
1264972
441999
1450594
1217294
1070400
755252
505978
39228
698273
418396
120820
44256
458075
681090
383083
268083
216485
1064129
1263098
1391707
1161541
490289
1047162
1055927
545747
203366
656943
1050258
1365062
673095
647748
239763
951357
1275195
1428096
816223
29001
485083
752794
1100169
393008
1092875
507900
612529
1019284
1048677
1530587
1360878
907267
818021
243016
230815
1092031
870784
904260
51045
38258
460150
1323617
990425
1599472
438970
1038841
1504436
130636
1045087
656162
1108907
729682
1382687
70096
467471
1350003
1073632
841714
1274016
23920
177852
1206882
143961
353230
1141923
440695
1242027
953647
67295
886548
720164
194134
1250362
1453145
1169333
742449
15147
318576
395268
485501
123575
1297942
197903
282208
578153
1356767
1573880
1140243
430045
637330
273514
402202
1461259
358671
1455584
416727
1305696
321053
307667
307650
1197061
4847
329748
60723
832165
747988
1218451
773951
1187143
1523741
770482
954901
548826
1495344
872524
709493
480829
1505180
433129
1086262
189059
248956
759391
646628
630671
1044851
1430545
274244
298842
283488
40819
536770
832189
1883
868889
1463111
672338
229378
966456
549756
1433940
807887
843930
116081
1262106
678908
765499
543877
749477
408691
335515
294892
1033613
207617
822792
1186582
436374
541260
920873
33141
965935
533764
271297
643270
1065225
544156
165647
1057447
350350
1150912
748129
150856
917305
1168318
1395223
966473
960432
78581
776973
1566188
973360
518358
101138
210936
412998
992001
38731
1370016
374640
990998
1617121
858458
1027184
300181
1056183
541599
154999
631904
1021716
191677
964848
1474599
550366
1305746
1364131
1239565
1069819
872930
830563
1183336
719350
409651
1548221
412791
1072728
1456361
286951
151355
1007321
503718
1448009
871387
1123991
48121
188087
112835
1264994
1098042
271107
1441697
1309757
184344
925256
739039
328732
1309131
725755
590203
1496870
1350689
621135
1208130
369137
1097323
651396
505414
18113
952783
187850
907808
1014944
673346
1052743
566838
871722
1376105
976759
84376
1181261
517316
1007103
321373
1482155
1311462
421912
942499
473237
784086
832896
28357
1339748
1292844
672669
1089849
310733
1406461
1380712
306319
1353928
978455
574953
550242
1341750
1295478
1107134
9015
157137
1471392
1082585
1504581
1604354
983699
1565131
1014596
13341
1264523
898028
1267644
226
1520144
1039201
1243548
616499
248119
1148490
309613
196990
818606
854926
145835
172760
453543
409604
323894
1594011
142148
958690
1296105
305615
759734
902853
204477
1303414
898687
1400910
532050
350774
962441
847142
620454
747032
8110
562895
325041
1592585
207680
673491
865438
319986
610678
745849
1302833
451276
466212
1043646
590775
415585
1139342
231003
1436456
410763
1567678
505004
844715
382530
1190579
59678
481473
1352811
201430
102148
141758
1256419
94003
8730
133119
1224104
1477385
181160
447193
398811
322988
1153574
764560
1020055
433063
208121
461981
637170
1163799
66508
1427436
422216
327937
531460
815301
978359
701037
1573429
624178
1431791
272424
307423
472693
1005514
1341011
801127
794057
1214324
1105726
1217405
1380105
695211
602293
58557
444812
1378997
796169
853120
930386
889026
1214762
1292581
147845
1124533
297439
963226
705369
798814
651113
758155
1007835
578030
276898
186497
752660
1250285
237193
124522
998660
286456
1338505
39052
892787
417014
269240
76801
423822
1534804
905472
1134867
336515
899625
934223
904557
1329309
364533
617217
782588
1030943
901397
12287
537823
11304
587753
135537
411821
754149
775643
190502
868969
1284562
920185
169690
765846
131647
1521286
1333091
971141
1316905
165199
173010
802384
354950
438870
286543
662990
384873
602523
1354863
511306
1163839
1167039
342652
95342
1271576
840084
394458
650584
671822
550207
1614963
864673
481050
418904
363466
719785
1005736
1175766
104290
56529
709436
570350
66516
670897
152767
486501
912897
831203
517852
1157068
767247
301527
592765
201307
361826
655780
530537
445176
822137
379917
839145
1085114
608941
829230
1626479
991782
1020318
271414
1307243
464302
985704
952548
1164723
945529
755101
764914
651484
1495549
839863
594978
68855
680821
148604
965403
757226
285583
877007
768691
208817
819834
567109
576954
687961
865226
651897
42942
572708
235647
1548808
636183
167951
664406
1086631
1079969
1432274
1498605
1257806
257086
98851
1121519
500437
994567
652205
923380
19352
1150054
544365
1293481
1423715
906283
1158188
1151078
171463
710274
520654
1369691
579864
324360
1267417
472095
1290180
1571517
399215
1244166
1554315
577652
825348
1295271
133808
315882
899827
1185643
321600
179315
1368832
496119
1516990
478168
214436
912495
1138753
1269324
926114
1300403
985175
512247
253838
869944
996785
693162
349334
25782
1319178
1089804
1087952
982396
1000049
1062064
934629
453855
866992
871827
509890
611717
989107
469049
33159
1070909
1296904
1293094
1334515
378023
631837
791371
140583
13307
1243881
589863
1580126
1466809
1109957
1148603
768368
947771
227844
339905
922703
708865
256453
1031441
1399783
568035
890972
551780
748846
600754
418918
1312129
704575
940147
554083
1554381
437270
930378
1059680
1038213
75130
280166
1559451
80631
366959
207568
585851
1133861
1178636
269199
1503478
1336768
41430
1222459
1162318
1154982
1042290
450813
700974
1276158
699264
1302730
766454
497958
61782
860976
1496940
844082
787519
1161457
193690
905817
505295
775014
1589598
1066088
81364
194496
1207617
279472
319013
1397313
760117
24414
388179
864189
1305384
652001
248320
1391664
545460
1432284
481687
1548340
497781
843414
23413
144349
1294280
528801
412210
756185
44891
785345
310645
332090
98654
1335554
1201965
1094472
655548
315196
168916
1134092
950987
1292860
982391
583574
772697
47258
739713
949655
160868
1210787
252380
1411642
334337
558096
445416
1126588
21842
728943
393621
1457217
804280
1375639
549551
649577
652348
313790
539482
1582737
600762
808554
212099
28302
266873
281084
442070
79430
319713
825359
1175020
770436
1117229
1318055
373321
1200330
1156032
490282
529855
1510362
985571
257475
1082471
1530572
800093
1257589
250661
211885
264463
130040
1520967
539653
1296046
466123
923175
1439444
1390950
553096
161605
615280
1350145
670397
83898
997332
680809
241028
169415
1035413
672380
296187
328805
940663
396699
272865
679977
610550
1482424
1126226
1362505
241927
839152
810654
839960
1204006
558426
315934
1484497
809136
258945
928669
183060
450648
584435
1211795
689016
898503
603651
1136460
712514
812684
71050
288139
1052061
1482763
818106
585991
650594
1504245
174136
1220501
829128
858713
443959
1134365
1616644
1442921
1035403
747815
1389985
1025884
908752
441229
436779
745753
1070944
38575
1392849
582236
338651
1106434
1281916
736283
1420527
1297349
832095
1340935
1299765
85116
584056
1453522
854329
24286
498221
614048
405666
335161
962363
153518
832964
461607
1311273
1182204
1033156
527411
567682
452770
1284442
683249
1400413
312145
1285361
1011899
1015613
244085
1304365
543534
856405
546439
765304
1362395
27792
804465
372405
58797
291647
42914
157633
384171
1463010
170079
158186
51108
1039380
582996
1561958
642976
910592
1488923
497195
1503783
396546
1053425
309169
799545
996237
229516
810187
822573
646339
903421
1577405
443612
1511143
746611
629911
967295
648683
27397
1546814
242728
1328974
1214329
571470
331096
88014
320189
654277
205516
787322
269372
459469
937590
426727
305224
991113
362191
863539
386213
1024373
639590
667161
721218
1132773
930061
171168
957499
371078
716082
154639
744944
88731
1241030
897915
669303
558433
856665
378420
1200904
459484
164414
415846
540031
1460520
1020431
1072426
3697
401409
1044313
111358
508925
155834
1123903
1145204
1405648
555945
1245935
142737
836016
1597468
366440
896325
773687
181762
1107237
974170
293587
674146
762676
380579
861627
246810
1306210
592134
321480
1201224
855071
437431
1540814
1344970
1081984
1288654
287936
847729
64270
165815
1189092
1321115
876238
745367
1594625
690029
536720
1495055
1464005
1074975
1029330
1627845
1527815
443206
982796
732319
1189743
171224
355936
1308319
10631
1260595
200539
641461
1083738
918360
85258
929308
763730
1298448
1082828
958177
390083
1118453
186780
381509
1193414
456714
764042
37205
486080
487599
1344148
813531
971406
1563682
581448
303516
351383
788825
722603
1254604
926310
1211250
1280756
574611
914019
204717
608935
1338238
786914
670543
284200
511838
1001979
506010
399886
538733
1625259
881810
1084924
915934
882379
1243913
498166
1510114
1362424
377795
258031
859514
502836
983591
126061
1610680
657431
204795
379126
373418
888205
999383
1204219
898950
18969
309683
693236
297683
54617
332587
967857
765788
1359934
1359033
1195549
1230815
918841
1500845
45601
265787
982059
1303831
1525458
1346800
1263787
361958
248381
999956
250366
857178
1372200
1376796
1478043
1245629
29305
382628
912037
924546
227568
1260369
802811
1104412
154140
931243
655212
609911
324009
119978
1221990
2060
127173
679130
1214508
119628
439275
1552932
954194
658376
110323
1575393
368258
855002
423713
162982
100923
806596
164380
1026965
1166320
1175080
478211
1102205
223469
1233451
158726
1023975
1120973
540486
8336
123464
1212920
526846
12037
1345279
642771
1166297
1407414
467497
468685
1137142
1577767
621336
622338
861013
997252
1095697
337640
1380626
886310
31299
1488829
641152
307148
1486777
1154485
1010934
1081712
242309
1389478
832876
535652
1129263
307753
240718
301060
1168699
228945
1248790
524573
1114718
90980
1121180
1173426
923259
976503
1555000
1398715
568751
1297307
590293
1051262
365267
552092
1423029
874479
537494
461656
255226
470587
666249
81690
295244
274777
248573
1556453
167627
117705
37978
1067253
1163472
26633
659147
531844
698136
288028
966947
681701
281139
190008
372015
61414
929908
125937
1009745
26293
1376929
157471
921181
591797
39783
86320
427342
913146
540219
565235
553161
1278069
953513
24526
331050
932789
728436
23044
414541
514584
1532930
755221
1206178
1531413
1188533
842266
1599648
1241142
589526
1385275
277964
34335
1293300
1386157
1024790
860531
813066
995741
43028
126437
873974
634266
1103821
647777
766617
78637
1006235
1271349
597474
629512
1567366
846036
214004
1335183
1243070
1445995
749592
131021
239339
263177
755498
201250
600404
191860
1256402
1148249
1411828
549626
483624
350126
1216966
958147
666774
1451698
342701
1038086
1582114
107256
434389
1347474
1142810
1058683
509473
1534170
1418670
1291149
370416
1077841
269096
1478601
575553
461138
581388
1520485
692086
461786
941193
1480911
743390
528726
307884
314952
1502716
792651
379171
1093466
997156
866051
21909
1474881
1168030
895229
1607103
1542799
1168896
337668
192443
1401596
1368051
822856
1327593
1165346
920050
386868
794965
669406
982359
1177420
623790
510378
645012
199950
424467
828742
796050
45260
1308704
210265
48057
702882
389976
652414
101270
1163657
1023717
1607855
396444
675900
110134
331453
531627
351654
1579865
621083
950444
153865
793304
1493249
1163621
405735
1562637
1540629
53152
666869
442068
1164905
1403051
612523
714426
108884
549320
323101
403070
995048
886434
1089010
927780
1122721
606588
872116
883614
1207930
720689
1066622
1149046
82634
1092431
131823
551613
1364527
600494
943209
508781
1609738
668502
948138
1114801
921311
852341
804278
36385
917274
1406901
105394
1588726
458852
854042
1528532
831297
721417
429983
1047862
999302
1250053
99395
1323084
59224
1493971
412991
111409
1584013
683357
1374603
57236
112618
395800
867440
740718
545732
1269825
727040
785023
248505
112200
620203
977219
994016
713525
1330226
989714
1439882
214880
1562115
1601722
733577
1208608
588355
1484612
1322306
638442
516668
1212376
229483
1087108
178026
392860
417384
312946
53565
269510
775013
966044
491087
1225975
632432
589630
1204543
85428
330055
18801
932037
746633
1077256
1207330
690558
992583
131188
985998
336004
609655
1544342
836469
1525322
416373
1008888
763643
783207
781960
1051373
190827
665022
518141
293533
386682
147798
424417
990989
672564
1143407
1000109
1131063
877072
1347594
1308299
109007
183677
1364180
1397539
1298929
303564
628619
286548
35558
350654
1318789
894330
787144
1033095
1014863
1073491
800036
1271011
968854
1165520
427113
1237192
632850
1384857
128593
851825
328171
1607173
388557
1321907
318045
749767
565207
225153
274696
1189714
318364
33065
1034809
952473
1059838
614358
333900
511846
1299454
545526
42292
133657
1221267
973371
209774
335807
340214
1315021
1034245
946431
74614
1105452
726565
1392646
1120785
68859
939028
598711
218517
561941
361880
244172
976439
1467007
656802
1313607
624830
1492030
556940
611002
1320783
389813
1455588
264801
654800
674736
805515
1337182
1083425
1365317
406718
985640
980678
1225305
839032
475716
1610687
346357
555803
1219541
776593
668592
1165691
1391886
383370
240453
1505679
1201429
360291
1022062
178909
433012
815786
1938
585031
1583165
1113705
762860
1541638
185136
359762
121166
26343
1034219
1022189
1177987
1575041
535988
177770
1253530
619771
254391
416473
985210
1106659
418030
415101
1371455
211509
759033
1021036
1181632
104296
1177026
16694
8580
1215651
1017572
675864
313042
731120
1223606
338292
148244
778104
538138
1401688
210696
1306669
1516648
704495
1341767
1027513
663007
314658
628227
662718
1242431
1242081
148821
762995
727318
1437031
52050
1196322
561420
339206
1014288
1271150
90718
1216767
1431748
907083
349827
1077073
1398108
34861
696107
1181737
1270791
974633
817240
472527
769157
498926
1299418
462179
995257
355933
708412
1331185
1129639
996160
1239359
783996
1326890
599675
1620760
316775
750340
1406151
1140396
748018
944050
284134
104494
1326244
129804
548048
932726
20255
658711
969154
1226314
376721
727653
1502781
46856
1051219
183282
1171865
86934
749983
351770
1048427
445000
2783
1608186
417437
228554
139270
1038769
137440
208732
1531469
141530
905963
9802
697297
1206772
541929
977904
1152940
857212
90373
1316194
1157897
62658
540877
1172507
85143
853664
646341
495997
496815
625244
320681
528321
445432
733430
1269157
1031877
670843
1360886
874098
159930
529459
122735
255063
892637
708181
1482243
632101
1132935
377444
458272
966779
253074
916863
1162050
247415
774820
615655
1167680
1008827
45387
1226237
1400600
1469478
620087
1268023
567552
481627
1006722
1229035
1114474
462934
1577160
6854
511570
617772
1577071
1464877
521238
146481
945471
132323
247136
1067801
60689
105007
104501
994708
1467496
680703
131863
946408
683446
288895
1204323
130082
622978
544313
1295936
885176
1148806
328335
677284
1172072
1606259
696653
1044258
724322
1204043
771722
284942
1471589
1170293
699455
409237
1203525
107287
669047
705624
1507779
1284318
600740
486545
640767
484159
614149
332191
1092242
1517303
129591
440895
1279619
629959
23764
1092985
1013117
1099906
1082478
1149363
714969
947290
1303039
1064760
1411427
806557
1554218
362506
639798
1132524
79354
1031140
1548049
989365
836226
728216
848471
1350207
716073
190070
1309518
756313
400838
954524
401807
433000
90325
286449
96171
257556
1504523
317652
456076
862091
505265
743716
903593
38566
980588
879599
582745
332812
148676
198228
98434
1008254
1250863
1032103
74828
1048060
1598724
1472902
717798
31180
793046
68130
80240
1112751
528825
42556
114245
1134667
1410429
288255
872387
269294
1246790
790044
159934
1181553
814965
530093
551933
25950
60101
875477
782554
639876
772817
377246
83670
628272
1036379
1334630
277693
453921
475703
515640
411801
525407
829259
556419
1407180
680687
757490
705890
188515
1356279
447327
1049066
1018844
1073067
325697
1234557
262606
705843
485002
1263716
1129753
323037
1303032
56479
1397170
257105
1134815
1057564
1183777
410902
786959
733178
1025658
349268
631093
779877
665555
1064491
1214884
203016
533610
1158038
594233
1627650
96538
945129
143482
93270
232153
1229843
757402
830425
593462
586519
504153
629913
1421861
681372
1017045
778286
512339
49394
753073
1166246
157303
1470227
913742
1356573
563389
1099139
742732
52559
178818
186950
71508
1423357
756706
239978
1207404
327780
1478988
251495
1198767
1075139
218975
860864
678402
90720
579591
829637
641370
1173201
437262
135831
1213119
287525
1167210
1342540
37090
978277
103871
659947
880435
1004740
1125702
1287483
1122668
1192233
1576488
273312
25913
393134
926401
710010
484785
1285986
674507
878946
560384
637436
456224
57208
1312214
96395
727899
1095368
496738
197791
1094322
986979
746113
656323
1097789
199196
770466
514627
1058441
1240552
1362867
167238
331873
746442
579201
1059274
177446
626554
1109052
34693
560341
416130
1136736
1086562
1313094
1348162
50207
1267186
670215
575694
1027716
1051924
1551283
34040
1602365
1101863
70443
926379
1109254
283726
398428
901816
437307
266555
475814
1172153
743671
453658
992500
107124
475682
321101
1267697
1349899
495983
542307
829251
1333672
915433
404727
1123605
680594
1147286
647251
397927
1251821
36998
1153619
809961
778697
572458
121369
766148
1140362
913218
233308
234500
322636
253896
1353394
232463
118926
1017955
58718
1212816
788727
606907
666824
1186612
673592
1226647
108334
1010226
684544
212784
742101
418027
333959
817097
1543799
55954
782980
486275
585566
730861
436835
1153448
1062498
543640
1389101
616044
985933
1269561
853750
740951
199119
441787
134429
1428729
292631
995842
754980
956054
123057
1353949
1102835
895015
1383789
903413
1262767
997242
1419389
437562
658838
1101071
458785
1321555
388989
1487798
633258
1136297
731750
742344
1533899
201858
628437
1135026
850346
1240914
685158
608081
42229
683224
855979
80376
903190
590933
838118
618830
812955
1089823
409746
1063334
1511771
552050
56011
186690
1367048
1192702
332967
218083
304801
943265
217125
1505362
908738
1218307
413961
423514
126088
442587
1309513
316684
79591
397548
180608
1334988
132717
1627764
121193
502320
892633
956083
1376579
79470
753873
617288
276087
604131
419722
1134014
1139131
1389316
747020
1274869
765070
178409
689449
786639
291965
435254
757456
465437
1282040
184245
555442
298571
192899
723448
591525
351566
290285
345352
687082
1412332
440444
439975
1523944
810837
1161331
465700
412855
650560
677587
1220677
512054
1323195
1471997
535838
946896
154354
1233643
1590876
624054
1096717
1461226
648286
20963
1422069
1618606
1583109
1461676
946661
772425
55574
1092629
293525
260171
1070722
1362107
795577
252709
69284
621956
546478
145751
1190570
48920
24488
233712
292121
654807
645844
603216
467426
80245
95158
809052
1142269
49900
1037948
371397
1468247
391157
1151739
340302
941481
304334
1279967
1631811
221934
678884
1419078
1106958
545653
789726
811057
1536969
1529924
1591614
1044972
1191744
1235135
1435920
918098
1069974
814939
1548096
1035442
556835
1377562
1183405
61611
475455
1503300
1029129
1016402
563781
1172963
865537
433194
1135774
302486
561479
770862
558454
810262
1176708
1141323
814068
1157220
1215632
460172
150567
1164236
301503
1526007
344079
288509
1462674
1171197
954793
36625
53359
743254
1105639
54847
303755
875490
1207083
1344684
447926
230833
1217995
1200836
657316
1158064
53649
1028723
983908
302920
250642
1455017
1400213
145769
767936
593191
665255
596478
634211
839276
348168
627090
427240
744893
1255212
63353
390171
1234283
1181506
984917
281198
917633
548302
549992
765279
314576
1567390
885170
103583
