626783
1036395
1260670
363212
26622
317010
846562
1255583
1611980
107211
1376502
1137804
98588
284958
1528678
556726
300555
1106358
552196
248000
964346
1400406
677834
80702
254672
824470
1094144
634226
1111654
1360606
225821
255209
26755
903730
1143628
841435
333098
882205
284307
117484
684822
1213346
1629003
1452002
204947
45401
461343
670422
192503
1217175
490206
1379793
698833
1413914
1144946
403987
747164
1298640
957568
1352165
1244897
1008428
1087631
89121
1340228
338310
471815
277516
859586
1422921
143840
688418
857321
1343591
245056
932375
241115
1350219
643836
751769
1611668
800611
682795
988397
864321
1072348
864481
440446
558855
312355
819749
873767
315335
910413
1301906
1493016
110665
1322222
328482
1519333
1052422
1006657
56171
468984
252422
1425168
302895
1610465
919310
1268103
1289345
644490
159478
191436
495932
602055
1322809
361117
1008113
718637
546606
882647
678236
54421
1328235
315268
1347449
1409376
510238
997717
926552
1172050
276157
1127989
361379
1053229
861778
1260969
458696
934942
1280151
261683
1476073
1065011
731832
1391485
610820
773513
1201498
1112667
131409
164179
810598
1226050
1253965
1276129
152238
1392616
980679
1390076
922251
689013
861454
146219
967316
881588
1236533
1024498
115728
526885
76208
574959
328166
1335932
1053583
759450
977379
747246
878839
308156
789271
1373909
513828
283868
250503
670085
1422496
1239006
1200958
1281691
704068
548308
631897
145470
528607
101428
930705
925659
1329483
426313
950631
1018734
1433480
378990
637634
111644
1104172
1292906
844241
1430630
1351332
289393
217465
958025
946200
1631607
411548
266902
779457
742354
566189
545656
315400
1007602
1205016
445866
978648
1121206
521217
183414
67583
1352548
1212100
1098090
264505
1154658
380242
437633
181033
428490
975989
1234026
451475
676887
176630
69700
1533594
1096263
1159784
257765
78127
210810
1063675
992203
1114554
315208
155000
432248
1478785
1077180
907060
873928
62954
1005890
883338
605584
1352496
700936
570693
457749
116655
741499
9999
879512
866168
909484
85689
671106
198749
845917
123765
883613
756447
345698
393340
918736
195447
342401
230536
1280315
829621
497602
1457447
660454
87419
1412166
528611
64413
1104066
1365953
839090
1064596
907738
1136362
821972
563198
1586132
1414766
1000919
1025751
628477
684649
1021833
988878
1051230
613480
1105832
1629169
927553
1176493
752422
84364
392694
703880
314953
234925
335955
855722
1437601
347782
1306128
676300
979579
1278812
881030
825173
488322
409248
1173717
1004807
958231
1297872
946323
1423642
1162867
1360444
1279672
394534
20848
529880
630924
32994
53681
1271707
669930
1421541
1169449
1129948
853784
145549
1354497
1281623
618941
183081
469505
160155
1402048
797156
1462416
126388
991139
1068412
787695
1310305
150295
1237828
903381
90076
956345
523331
802583
916046
760471
762815
78513
511489
620716
1119665
797697
923425
1141999
1627872
132548
491026
776339
892436
586505
1495444
501013
794655
800238
1331653
280131
1589974
103987
1547278
309873
440727
155437
914606
659265
725808
848629
1235697
1354354
644487
319288
215941
760869
774911
1328983
844278
492045
203859
1506230
931686
1270938
908028
1555121
1357773
544245
193621
1010108
136592
629081
802069
994051
999722
1025305
395943
793502
1029343
230635
753623
1375033
1557443
1446064
982307
126826
288142
990224
1522224
781690
1253295
1335162
535082
1141693
1137660
911507
549043
1127733
362636
183283
946199
314393
140200
394931
832300
928545
335161
765556
282567
540899
17909
221699
523038
130943
675924
1214095
975729
1379059
1590106
787466
638058
966538
361875
912440
1093765
796131
822541
306166
815682
1124867
90943
1474995
1184391
132819
824192
7778
1263324
516906
1114701
1386936
313683
842332
597414
371350
1027689
1249835
294848
1555394
610078
1569585
1463417
514135
296220
455088
549355
36921
1300131
402869
88425
174994
1580353
665924
1130425
672926
390312
515763
1325543
725404
85356
246984
1057429
862484
553954
513386
958280
691391
1414488
723849
202591
1031749
1390183
1157139
1120741
109633
1462716
884058
756039
1018420
273886
1173025
574653
1581559
1116229
776422
465808
1254896
1314367
711347
1129420
1225849
1004452
497531
868675
786548
291942
178368
1619548
371775
1276188
947104
491526
34293
137129
693709
1281720
1090230
1540632
412426
1428930
420103
654241
66743
1330990
410908
745268
745994
1545876
297070
361233
945945
485464
1129152
1042313
41464
921603
789552
793064
1087788
1314811
848934
730190
1453597
655258
792264
1486800
47762
478994
1132322
1397257
1602365
640161
857014
232202
825572
1198561
1621685
1109030
1042354
1205018
92619
64747
635475
610261
956541
1466568
1630586
25494
280525
82523
627648
1033265
1139540
676816
1341450
1124498
243105
851931
1109357
1351392
502135
797129
985096
524517
864745
873857
296742
1491609
1017472
848516
306984
1343052
1112434
1223409
195396
438477
782741
1139332
937503
1356863
1387011
630822
276197
342184
61429
118754
647036
845525
1070210
747787
320560
811090
438181
193178
302255
88041
186966
298840
162974
1553326
961576
422042
1160557
625879
1605475
600782
1457366
1045767
1056329
537054
191076
911624
840390
1115192
1105186
76193
37196
851127
138355
10133
149780
1093876
718171
305657
685950
1163575
1262570
225167
210932
473395
1286344
769687
353976
177717
302054
192202
899196
810139
195974
1180638
549675
600556
1580836
597968
212676
720325
163657
589753
933335
1504623
403321
1151263
353592
730978
1368717
1335630
570495
393762
844214
290929
1405799
590483
615196
1326802
385454
776667
1479052
1075031
120113
712871
579423
817799
676580
1019995
1118121
1240937
431594
962860
1216311
1361814
996120
137600
1242675
1069928
1139992
986966
737295
441840
88457
1269974
616416
1460566
1105844
1093086
83656
1000474
1544037
1150747
174178
358072
416728
665198
837493
240173
771979
1077341
532042
1091011
538299
1615433
311700
500607
1480403
786250
1275305
796218
521373
242022
1455797
926297
654664
1345344
47859
7581
180247
504310
1471757
147209
959791
421141
595795
1272819
965159
226286
904950
736936
1189651
1429644
428685
798853
237190
630960
1319760
1159120
805992
1426789
1354280
188250
1563000
42526
338022
1060598
597530
1128716
783531
1387669
249041
240478
541073
952080
877021
1490198
1340100
498880
903983
365040
1087290
69254
668237
884643
1298251
720364
721639
983197
415552
1364778
340053
466150
251895
1373157
463716
364309
1471658
516987
181299
578331
684328
908317
1545694
1229390
1433591
1352615
707498
196662
1132114
1117834
519725
382672
1067003
25373
314094
1206676
770374
1454168
340723
1053194
1577769
1292000
370772
405082
484884
889912
601155
189607
942765
864796
306259
818451
512810
163738
1424602
584078
440139
116667
556334
1057267
193686
849972
1184564
198040
605014
188166
1417992
1117409
120646
779974
219398
449741
1067204
839891
545437
540048
586626
1316415
29266
875646
374683
1288544
237593
155038
517276
368490
579618
777654
294001
1473355
1170725
913173
449435
81902
1305395
341569
746122
1078481
756792
636348
1457260
1583143
836008
253772
1519599
267242
935784
1261291
593937
1340273
1124946
294597
35094
628392
1075326
1057220
274883
85337
1210016
131237
424933
1107771
377647
462194
1149714
262427
861402
630270
996015
379664
369889
1082744
564579
972709
1459326
484879
955008
525340
902603
470182
456996
984460
59377
461907
1394127
953386
1341515
942369
1107091
242549
650657
1120383
341104
392170
33853
1250221
469151
928795
682905
128743
405359
525646
1245085
1027398
36782
413206
42630
1011875
1018221
258957
239997
134383
1265291
563252
393652
715266
189364
988672
368543
190558
1181029
1288623
507422
197955
1006422
650103
848551
613830
786758
515496
886582
485298
623342
900274
1275002
1044985
421952
91637
1187127
363532
1187427
1372416
1051161
1387096
1045592
445909
976631
224296
343666
395450
1179021
688722
1050799
1204204
324153
934171
1111927
1230299
173437
130029
721550
1573789
567835
815474
372928
127472
916791
821309
789733
91328
84608
256779
304936
1553190
779578
628540
1121279
500705
629607
1184876
472502
1165050
740854
1314151
322046
440092
1044953
1134651
735792
1204688
372962
1327913
797748
748661
1209155
1457081
1263508
263656
11392
1337757
1377464
272973
194741
34264
1002304
1064764
810806
566054
1302755
1306025
1488901
148240
630920
252703
1476115
166845
884437
1323214
669684
721788
834807
275662
1533927
1611807
415794
565282
593084
734416
905988
268578
499478
20871
1589857
432159
120110
253002
1059444
1291172
1486496
1374119
764303
534264
932106
1185880
1251020
74399
76235
1100758
763342
1563729
55797
196423
855054
369438
1469458
666023
926077
36864
1293703
1213686
1239852
1049611
141984
141
1327894
393519
1255273
1231003
1354909
1022945
1444418
45583
158119
1024116
1033722
860846
492607
1061373
755317
57224
763501
624323
503069
1057859
1277048
1336598
727389
399340
1086693
797468
1371162
478633
223431
849086
963301
41863
716592
686763
844993
199450
843273
494216
228388
1043046
971522
369983
11436
315433
189135
428201
948635
68026
40579
624119
332465
1541270
820127
312944
1404560
1079263
748133
44436
366749
1383797
131672
778795
1069830
883572
1378387
105185
1051583
360077
547884
97517
1170631
718046
626027
999524
48083
1241156
916654
32063
1240089
1621667
279640
1174701
1573614
1578489
1349976
1320984
981608
423742
727124
1369390
300660
891663
425208
1378346
530619
1060190
890768
1392398
991966
868071
129325
1237576
75888
806806
51131
823848
171695
917033
956816
956070
1276326
96828
811463
556998
378729
604483
448997
1606418
766601
1053903
370190
461193
130389
663253
272871
1453765
1120746
395087
93093
378311
1292468
917953
909314
1400310
202704
730272
544480
609710
718876
1605302
1229819
11534
308262
1402484
62324
1254626
1387582
1287093
72464
1333075
1531023
59634
1354176
1330507
1283402
848246
709346
1237241
318012
164208
994932
1163712
1177412
335066
263961
338465
754826
236154
1180117
922584
976735
485922
933654
240551
964676
596431
646847
680148
678276
1322228
1051621
942034
407743
164711
1368728
1222679
1296982
231758
1324673
1056485
769476
1208369
760898
1151781
1047455
175959
166250
756844
1511598
90937
1346950
1485667
19171
588567
117305
1381743
1002234
1121162
982085
511729
983689
1182441
62001
886197
1168387
281622
382098
1556740
1354752
734393
455971
1587941
512183
1209660
1616245
415140
148352
415361
1365796
763803
856885
271825
99978
689090
1590074
845676
66748
585243
890498
1568848
1322974
556198
428193
1271528
173262
130542
1201343
807962
1226298
1313699
1309765
647442
1279528
502670
1216838
761566
601693
281860
464424
926051
272234
145215
359427
254326
1340742
388129
1394214
1194446
428537
1187219
591058
534724
364254
1372337
1232911
1023548
994416
597389
1038036
913264
764961
63199
1504276
576363
1148229
702421
332355
145270
91078
346325
1608502
1557029
106583
1364644
229086
810562
1547053
497613
167293
305852
1099154
288018
1549923
191523
1517259
1232408
476334
1030637
637261
1367427
1480111
1576382
709748
612364
136389
576800
1609684
864959
1272839
1358413
487852
403927
815794
1151742
162028
537623
1089194
68519
603952
59601
737199
50236
876453
384635
1025646
1264827
380845
899088
1460459
842993
146214
807276
605837
186141
452275
810883
542128
182067
1016685
603418
289349
36006
302994
285217
1136902
811217
556706
88039
592776
922149
168665
1512794
742766
1078657
853189
776670
676814
997158
1214029
1275150
1175044
112502
734603
204517
854850
211519
1097457
440735
428894
1156796
774360
1498847
632081
1402115
19445
19668
287211
240513
840009
211684
1274495
788578
1300640
182230
1256038
250277
1140818
1062430
1129265
290741
1242488
518465
100467
361402
916157
208606
494966
1286879
3049
979494
307062
652767
115241
607446
1174323
482236
1524725
167799
418523
92244
34724
539452
638325
828289
217854
515840
979349
1441691
395473
292582
789765
211586
320137
1039622
1147325
1433214
1278775
1293333
554842
1254056
1390493
512725
182436
10199
1546284
770723
758708
1336421
611974
368193
219725
1208318
116701
905095
199288
65247
825999
475146
838289
942145
1536531
1629159
288794
82626
1000795
920478
658484
160413
1011594
1198816
1184918
729137
880511
1373238
93731
240201
1050171
1490076
440278
1244300
941055
421940
707892
484489
186354
1508600
1368008
1385374
1186545
104422
491857
256142
598381
568560
1378611
1118558
143420
494725
1342760
1320458
690584
1102050
550166
713359
351636
1182724
956784
1103832
204427
78152
849956
304787
206524
848474
1517580
898178
644345
1247743
1058975
912346
193210
125950
949059
1536277
1273932
629153
1599911
146130
1344984
907761
1114373
317265
327122
122074
178085
301877
2282
1096212
870149
1578853
1373836
592708
186489
948570
1426908
78492
1370879
666749
1222440
386696
975141
296757
660285
216204
940154
496594
513908
1432607
308539
452448
490522
192279
202340
1348591
1478045
963440
758463
1154177
1157962
18821
403505
1602616
17079
1332657
78510
1520051
180092
1073167
1304811
261742
697756
224048
1435446
227816
1419464
115805
305993
1044559
1179649
431037
699164
1525869
276064
954971
700764
882501
550621
199073
1583103
781184
1140258
745708
96807
1520683
663713
224779
1387472
579015
959563
486104
861165
943397
119184
411385
339350
324520
339896
1219483
343483
991120
85991
24906
548320
1220583
636965
623058
691132
420330
741512
968649
190939
773996
1555675
1516343
277914
407042
189831
1197508
800473
1190045
1043876
83244
1580509
1251460
1268067
83573
1236196
216659
700400
925158
995364
35770
48202
715390
988434
327016
550773
902032
17962
1523313
1609545
388734
638524
648652
2307
1223560
518305
271910
413372
264786
1455323
119377
565506
299688
458096
1217019
1107678
1058066
219349
662564
1236704
16381
881302
414336
1062325
1273967
1243250
180003
257687
1346312
1403740
208076
1177746
231051
464381
359754
130371
779918
1354385
650696
1552375
135051
1470809
311953
1184776
892186
375550
209994
476498
1497589
133608
1111090
153163
837303
775093
1528422
1386296
901409
531234
916367
998438
924640
489227
645826
628185
1604403
1441066
929343
213829
1146260
1217234
392907
328786
959794
512704
371149
455101
526662
185992
1072168
365864
56884
497177
587578
1098145
407220
1370494
1392966
1522541
104904
829412
665469
1401057
250753
889885
224686
608107
1167815
963234
774473
613074
1483484
1435148
169732
520510
907401
778352
163727
872111
101577
42166
1573044
956394
1294513
783131
39822
9793
1478138
1583968
1114568
1417389
1433229
490666
65663
1496974
188919
1089921
1606834
612942
132780
310607
1086375
108447
799979
1352331
1382209
217725
38060
1396836
1342713
207581
425146
275513
284819
671914
1085798
1260239
1002179
1100509
62398
873521
856151
593227
704755
173987
19925
825440
224502
657813
983750
97898
435680
752717
1142628
715408
576088
442994
563808
126961
458208
318108
1582134
1368838
924493
967900
177475
1465498
358647
1110945
1226779
23828
1565280
657871
1007510
887098
1264341
282781
1094839
636710
481986
949505
807380
226149
375225
1602249
1607319
119344
288525
368976
808244
1630616
1366438
1110756
176412
244290
857022
718823
1460523
1200965
1112256
1623236
664222
871138
1567131
664058
868196
858252
1015500
295878
880778
940232
1510883
497729
310904
568255
31918
535743
1056340
1289089
1342663
636947
395220
1607187
1152948
1201043
131883
550618
1180375
697640
651851
927727
1226645
1185612
720821
572206
43238
1060481
310213
880362
634498
805646
1150261
311520
1222699
1081577
430484
1112628
50202
592247
89043
1124730
602101
1590732
691359
477376
812938
1216543
33805
459679
1564731
745456
615532
930512
1091617
1371931
281914
203752
44771
1378987
1130168
1258123
630391
917406
249920
1158806
235108
777816
863681
1423785
775707
244090
322396
295055
5676
1587420
1515077
67218
1632096
1107788
462063
1044284
1461666
952478
111768
1235240
209319
1094332
1017340
611769
1473420
16236
1540303
58716
413064
1156700
1434392
810695
461687
1549447
312110
1464318
619875
760497
1599524
1536522
761939
991971
740905
807822
166795
676586
593184
528897
1470375
373584
778232
1316671
1304738
1186615
1071624
137030
939989
126881
342890
401600
768464
1202044
242874
325649
433033
359909
542976
346668
680850
1315430
544233
920772
749225
906905
626730
524574
220921
654053
984250
1207415
124484
689997
512219
1030188
178013
912082
385595
1255558
211607
593150
592415
1347292
1235392
818606
338579
684943
1489181
438303
1571100
891770
1346429
1496838
1023520
1362997
312079
1326903
907350
457721
280325
1230103
836159
177051
11633
1513885
267382
487097
773487
424546
376073
334064
690286
1510433
123998
726643
760671
1449796
1156561
556041
1248475
953048
929908
118360
1171053
1611689
960257
1364811
102538
547489
804694
778310
623554
1446176
12679
1596595
661335
324997
638530
1264337
1106065
1111689
1024287
719671
68951
176660
444818
1498436
58943
547251
1090618
714558
377819
1079226
1377762
761677
1328792
435593
956909
350473
1185068
617691
1525590
746120
216903
129058
545918
91743
213944
1201992
533158
1016750
113962
568906
449121
1127661
1326267
1146096
737192
627640
1288102
48744
622206
18739
1117859
1215087
214004
1129196
578281
933592
739804
326422
198275
543494
152123
1381731
1480133
391920
264512
770446
197920
801970
1541345
2514
1477226
831909
387521
857245
1215309
17818
313834
6811
1247220
546861
1192537
1571325
596560
1056161
29022
1119140
761289
715339
1626490
751232
386779
542954
128589
1451096
543688
1197213
1617452
203053
1155747
997963
1414502
843603
487282
693298
3775
511177
549888
860348
975018
62575
540880
1366214
520740
550324
74602
1165010
485011
830756
609087
1601603
880105
743825
76697
1008567
469060
639354
379652
1323128
778254
365711
884068
1445020
1251633
1310302
50491
966634
1599980
1018575
975917
1033020
765515
605451
102417
622481
940571
27493
1448278
1010044
628985
228406
38172
199378
789910
903710
62378
818211
973625
1055109
427325
653989
1166489
1164171
621042
307852
576104
1443926
1188324
119896
336674
1351965
1398644
1287610
449534
990365
1440721
584217
221851
943278
788098
947192
1289935
850478
438079
531440
1403252
757445
384134
700892
615538
573468
166462
117985
1513704
229712
133009
377547
932130
1189912
593469
1501736
1215097
566014
1540360
207548
711334
1402575
1002048
885861
842989
432297
1089407
432362
182907
1296163
277443
1252717
753203
1295095
307406
355385
1373008
87549
1494317
835089
859483
1083958
1499233
543179
916205
904245
1194101
349139
1014730
114868
207000
1017695
590547
1556864
716398
1023466
469535
293817
1102008
281105
383520
782222
1006804
99045
834955
602115
1442634
477872
286395
1148458
26059
191057
238899
266064
1576956
1304835
663023
637256
118911
788918
1380491
53578
705876
137567
61091
49119
1396996
887899
1466417
1515165
383195
685105
120381
1144139
283099
1459389
1039708
292226
330341
1147621
1144270
689438
1620937
462785
1375972
58316
300802
1075678
517847
1336766
246869
372384
389603
79804
857217
469553
127053
1593512
34500
1216072
82113
1292883
129213
144504
1348753
182071
819181
249851
910762
1468688
972777
788259
735540
1605577
788752
1487536
1427527
821657
70065
115343
347880
1284213
634706
1031743
1070052
1069111
960709
1335410
1302866
1002667
834889
398549
356034
557664
1061689
578213
353859
143024
238808
93220
416055
1061941
124076
666921
432955
1229711
803727
244344
221156
592163
35827
373141
859739
45451
1322546
1590912
1129592
62082
434282
195514
1176060
966675
143706
403964
188410
133780
1002887
1241937
527061
963377
998165
233304
197788
589891
937726
1234330
1300372
736192
783754
184707
802416
1224524
743737
594540
817743
254532
806883
249095
940777
405748
1395440
334143
772794
365638
453639
508405
859888
617165
685248
726036
658797
647339
191583
141910
1518393
129270
136287
843521
1046518
548938
1097777
42273
1598305
1176790
943457
452816
54134
58576
116483
743108
990387
646308
1619803
1075228
685769
491648
153954
99842
981195
75655
934263
1079497
7366
1340639
51677
1488692
292192
1231346
737306
417212
396059
1466365
100168
1362380
899249
1187891
377139
78754
1386528
393772
1476783
531640
356558
19813
320665
731750
359702
1432870
797478
438611
1507457
331212
846384
40730
1429902
585539
135959
637873
614366
1007489
827609
1254268
492369
952825
548135
342685
1169870
674761
976063
847339
1214483
1088369
708635
401010
988151
837583
929377
523675
1137455
542747
879544
523998
126264
680009
306678
1096732
501831
350974
303830
1148346
604825
308508
409617
553854
486428
261848
782341
595241
1166081
1311984
491873
784232
760646
201352
1221442
601027
22430
928517
609876
868974
310508
1110605
545853
986871
1109950
931296
602380
1502774
1212169
749020
1069107
1057744
275860
826467
28963
223289
1105026
1597377
290566
1367409
601116
262019
1526461
1163490
1029020
416939
912752
1319185
571715
339904
1566981
1033868
333370
1277055
291600
850811
318510
526065
2593
48134
563756
127076
142105
298782
1268151
1074521
227927
1268189
1374225
1525812
602905
1501653
76451
1061850
873150
742485
329529
811756
215018
1122733
446570
712524
1260934
1568310
88476
284058
655891
394314
177729
1141925
1351221
181199
1277415
721315
11212
1308118
360374
1163112
744807
730343
1146902
645353
217140
311745
444826
268196
740519
581859
1441658
966868
168869
267614
617002
414835
259237
104367
948771
706473
824024
1006261
533194
889145
747291
834075
642036
434977
1615895
1232293
1287283
1358693
687632
204300
845502
644953
1304961
1435574
1410026
878794
1102484
635800
585578
1546205
101099
167948
1141044
127033
948860
309687
1418682
928509
842239
290293
412582
1412537
36027
820446
344896
569791
1450932
184006
1087800
458480
573487
669424
351131
214477
1194279
497605
1438605
485063
1553584
519899
1184580
1610928
1432208
591675
699507
532257
1565913
1314360
390235
853092
1096352
793367
349617
1349035
796158
1006434
1557792
1285719
260608
1221466
1034310
1272047
804743
146212
434068
833827
1406265
243459
13334
709954
1373387
243965
252531
1551202
1174410
631534
487482
334218
472778
78133
1423266
312979
655573
18193
711551
258203
892508
188383
1303991
215443
1189892
1477632
46663
163159
970965
837699
938179
48624
1576941
844622
1228447
1277053
471133
637860
985511
469924
269803
86921
442895
741268
1403796
431547
63713
366555
1386266
877376
156842
1326763
734638
1418093
1588907
749236
492626
746593
228224
309784
1383064
1534161
1436294
140519
134180
938530
1057855
1572843
1286956
700210
186040
701280
888265
30984
597767
809157
1229904
452129
1450324
617684
1576940
1063003
486859
163476
469948
469317
577230
1571610
1104866
1036039
1030348
699935
1128067
883537
1041637
298544
550968
92904
498703
1091765
1078881
474348
311625
59412
1140264
46041
358961
169105
568166
1286576
1479131
1493844
63956
96924
1255197
482533
878011
455031
634486
625993
766900
1240538
821614
561747
133339
792139
1275275
838166
1323556
621111
487027
1050714
1047210
901210
600020
1150472
244721
48464
1378077
872431
862766
844731
539602
537325
740160
678136
690924
254437
105386
1163848
1437220
577132
1019541
715481
932916
1279385
750884
498391
1388702
1105714
30967
12561
752829
156800
1427334
673342
809405
487600
298884
1227272
668030
238439
1453725
1621817
278644
748503
185729
26004
1494821
545288
1266930
1052097
1311785
689775
379738
1303098
1175579
1413942
880404
355901
1184039
1259854
1291169
673106
692195
1411272
1401217
21474
1492690
99585
161231
30358
880449
290305
602736
1099568
1180889
1007646
463098
964601
135187
1290258
416216
1354396
1508633
15647
426712
1619786
1022620
688677
824269
599524
1405311
1305070
150464
1201764
1098653
893931
489441
603021
479643
567425
250902
1266021
754307
65087
1157178
1140326
1002932
176959
88235
972204
22768
1422266
201545
1295219
1206347
1501732
680374
114586
926633
1609619
909287
24413
851169
1132668
1068055
989723
625333
883726
1441714
349215
941653
1541790
586974
742462
772556
1373962
539757
1256546
543951
480062
1521171
1346678
261030
1533452
92434
1298055
432253
1100011
45180
297760
141008
639462
1223564
1309608
606100
584558
1405777
322781
530382
76711
1178301
1408350
1054413
1093482
324100
913247
972524
90950
636474
1505061
857669
1343718
563388
668720
661736
351402
158188
372131
462383
229724
979070
891753
278144
1152713
546649
469253
576712
909323
691317
569000
517208
259098
76028
604576
962876
303804
850921
392392
912917
81723
369904
1010943
1031282
1241536
1350439
1595075
284970
682510
195109
1031944
795714
498361
187649
314243
1312960
758320
703713
1113710
69064
1043071
171592
1487089
838267
1229776
120567
78581
1290380
616289
1571814
457489
395015
175532
687757
330268
794880
51865
1311461
1255260
1228634
1012064
460755
1238306
626640
45885
685002
1481869
916202
818972
245577
868295
563481
1235144
951941
782963
543249
224055
1153675
563530
640056
891334
1040815
869485
295437
223152
99610
986351
232135
962046
1059316
1122837
1181593
874775
97464
368305
1191817
1064186
504232
1356573
279157
655388
523255
819071
1275834
334513
1285984
675064
895656
526314
1255762
967384
378451
620552
600291
1181659
946994
912904
760647
639830
579745
733259
90329
884661
112433
895127
366319
842485
1318216
928039
1001155
1366920
439289
1244990
198007
1269877
1253468
468080
621568
1407825
1527615
339773
996332
1554254
123483
646106
631850
1272230
981317
1553782
650542
1250444
1063337
1473819
896219
735353
1014801
395440
1136446
595449
1276930
337059
534257
363887
446299
1029730
1194912
1402997
1194470
686740
968029
464724
181419
643016
716254
981231
1326786
247098
26668
1405507
947661
1403119
1162534
1175489
880256
887031
1306484
715801
1233848
998535
876257
1144492
18683
863314
966238
223157
1586215
951627
1239772
203065
244388
51026
446066
176715
1102056
1539666
1065146
1412952
1503078
361597
992697
699253
353144
435127
564737
545561
55121
58774
828703
1615041
1049120
639337
824408
987585
422612
1426234
656936
632408
1528593
607374
169109
716281
1556354
182847
385049
1471222
1018224
1456393
978766
1273530
1167791
895558
1071187
1280692
962166
803841
854305
819339
263259
597582
1384989
94948
154971
1253594
824713
577632
537406
214865
866942
1578630
1246505
611321
486888
629457
1024868
921530
612115
215455
389382
9211
994205
786177
532947
1563909
589379
263149
532529
1213202
61489
1300973
590991
152951
1539383
1023019
121948
323356
1018314
1498232
608839
1309734
360946
519341
302257
264982
1588927
1312074
64395
1159510
1244895
1214474
1085887
389561
752378
1608286
508201
211319
215306
116946
606393
1424776
1382742
1108173
189771
1210093
895391
534999
651792
731917
901778
620532
859603
967441
808897
66122
598668
641812
56040
821767
956956
1159235
622793
382283
1286335
1421745
1628372
806299
1325066
288548
385470
456609
974179
554135
791588
1119953
784905
187490
436129
1490712
709079
679437
351651
558588
439684
1531228
818152
1481183
1088698
442228
948122
897526
864314
591769
891725
415982
1310632
871127
245476
1099727
337226
1222465
43286
1135613
429812
1515914
1405243
1034848
1136880
455968
952340
597368
1044524
134552
517528
1149667
110517
778017
1039311
595225
1089375
210623
233476
1582282
557232
616575
1043710
1367063
1621755
1431363
139284
795794
1465504
164034
262099
1243132
295248
165070
1567220
1140670
1058732
1043139
987014
1366223
476197
1439494
620940
527767
344193
713802
1189180
1122094
674414
299725
193856
1575577
1369120
624862
1348800
781965
208371
990620
1338383
392230
1571067
1490104
321470
1451615
474108
892981
321881
542590
127383
522206
1255056
1050406
236896
732774
1035974
185617
839799
347079
893325
1150990
958289
721267
649208
1503145
904885
1249056
1456812
1204569
384015
407556
695081
415201
958120
1114838
1089757
764357
1296167
276795
454278
1483975
1438444
290450
552261
424038
484053
1128522
1122301
852544
644748
251918
1077538
1186217
1321819
1593242
704750
575751
1631405
334787
599208
516806
841070
262729
272512
560386
14788
262350
1313643
121958
618647
766908
608466
1085815
181499
20368
414508
325683
392673
1091833
571775
510087
521781
681967
1494427
11825
463042
131964
367549
633900
1039892
988109
415444
943687
201021
1228784
825917
634550
170935
746726
1340078
1089646
1334779
967980
1046379
378223
1490259
1479117
664418
1440475
959062
537689
1155281
1354441
1047711
358103
492294
1224365
1480356
334577
191577
245853
1522595
1371818
1367702
313780
548167
82593
1073162
473942
854611
1446560
482986
1394551
1252431
441227
1149997
858409
241312
839292
637612
959116
574287
122732
392242
1096033
1096511
46773
681143
707009
348688
1458463
186071
556185
1474132
356762
628241
1139300
69746
1194724
79067
612717
561121
1029667
4592
1513908
1203609
956861
55235
454359
163829
1275937
1502916
1066500
7832
1573965
103147
1471215
1245794
60782
573666
471671
609638
235370
1152276
16944
483156
1308688
832572
396305
31680
1313199
1228821
1121173
1239717
515681
617721
1456209
1533451
956263
953464
1255239
977715
1224264
547033
1252845
1568136
82566
663740
1026172
1455154
1422806
497543
749233
813730
432488
338633
304637
1632632
273211
941695
868320
256117
484177
1127775
307750
1214097
273272
238312
635464
118367
873839
1014462
839454
1170904
986863
1188623
1568206
1451480
876039
537578
1276130
64516
1077688
479777
1200783
1354393
1061351
1025746
238950
1072371
306289
1039373
250026
1334003
593639
824841
193854
651843
691125
478114
154960
1345758
1146937
926264
942938
956483
195150
1162385
328356
596493
1323087
1101851
164243
554169
409372
1005171
1032358
56986
153414
910645
927799
148604
847798
42451
1034731
1165780
231521
1092439
985695
693371
1110112
1314883
231089
1329325
42667
629525
484172
381395
42591
156223
1174840
55424
559862
1220184
1051754
651109
1434926
700733
556832
244337
1496472
1175181
336033
362875
1385988
390208
281119
547372
657942
204548
777271
841041
141121
213595
1107263
782322
1130408
1262264
1268537
1558086
1288076
1131483
556987
1539029
781186
286078
501018
660825
895999
691463
1147746
1204630
28226
433330
819155
221794
112855
1033770
1221946
1492712
269589
463610
1117502
133992
271529
932421
1462975
1551615
48097
1546218
143708
1277111
508180
1116398
1237036
332347
430653
215691
115908
807307
869355
127700
853720
6704
1278484
1258110
1344098
170373
1204389
1470332
80099
130951
1021544
441209
1199108
425538
1496638
716404
264773
384662
1540050
596962
74653
495549
1002682
1631459
869685
1234200
1558511
1047836
679113
744868
1134126
361720
1378011
1455302
494627
52679
527152
1516797
225975
587749
786345
62358
1282615
805398
387704
424128
1167879
1501126
762750
34672
792283
1219234
1374049
1182121
1295087
1361489
242283
1421844
395952
1216636
1131558
25928
1585961
1089906
1144535
713825
139979
1396957
314936
1011351
1283835
172426
935148
722949
498146
1182642
1197514
126446
658633
529937
71856
300461
158708
406805
375928
638435
505324
742625
173466
1361604
155941
118434
435370
47781
619057
1350331
671896
913432
404823
1433574
918437
1020433
1091646
631589
663067
850370
1372322
689262
545175
701589
222960
1150398
698956
303013
622391
1616431
866746
983815
666346
877520
738714
907408
1351493
600776
1254828
265067
464667
708778
488546
439747
603152
660423
697719
601289
672390
1160819
992111
114608
935471
729986
681689
164188
778400
272418
169132
150785
833424
498612
472839
120135
339933
35971
142286
1155682
939252
1632728
469192
602328
663217
410115
1064448
1589470
1247060
1599621
527464
134706
407390
489242
1490720
153659
327841
319573
666170
1406397
59791
262908
205115
655458
993389
945764
687373
1558819
149840
163702
896971
477490
1504070
1097276
804808
457816
445153
29276
394074
428730
914089
467474
616167
29162
54584
1043021
491270
688487
58967
784659
1153995
95751
1632742
270996
51650
343232
367022
191668
287032
30471
357154
84248
1384674
834476
267711
1280413
1172305
879314
1241915
114388
367941
719611
609628
988316
1448665
1511046
1423963
1370831
1349674
521780
298094
432255
1312308
873489
991617
1103426
386957
924149
178652
1072723
375806
1082308
1198485
153434
377472
713785
901572
1028052
1136306
664824
1118829
1324114
608602
115035
1040096
823334
939738
1436428
757377
713872
979019
174886
772740
707191
1111426
594029
1148548
1483507
347192
1154606
1538440
1623788
1394218
698140
287030
383552
289556
223317
232226
1097760
288168
558993
824114
740416
37498
368741
101652
1145150
885990
1330485
960184
808028
1121008
132242
289578
1576343
1500688
828441
111561
1516986
835138
761609
564291
194680
489498
1071359
929719
568129
903806
462096
562217
838315
462787
333729
690607
1571291
356399
1305572
1091118
112580
467115
1236690
108090
881999
3263
1010398
768351
1072697
1578558
1492518
989792
1412079
36024
978153
1331404
739118
446690
535023
961756
113550
932568
971495
210324
354850
1243843
580438
533073
115988
173909
1545777
1436031
388615
1296597
50000
354767
206048
384856
562233
206651
623570
181958
686702
616329
702019
53527
894343
609040
1168401
1302725
78539
852171
451445
151307
1276657
550901
893844
992805
369852
588694
148196
1018959
198965
283812
1198637
821183
977745
369107
1441884
848123
686141
464528
417674
273810
398014
191929
682807
1270397
646829
34844
1082387
592707
446042
1274185
1385940
698371
553523
483464
448321
1599671
86161
603375
516477
493110
554170
787614
713769
524685
59363
750796
338858
375053
984862
94257
587844
1266757
83103
1037584
185965
40208
1368523
1436878
673166
1629484
1050004
608814
941168
546441
405494
1456899
504246
1287950
1351993
356065
632476
390283
1021257
40073
1404633
1381922
980890
613658
832806
538293
693830
529579
997861
856409
1267658
1149983
690306
646883
632367
55725
95189
476851
82485
288046
1244689
1055308
408156
577993
760149
1111309
1454449
1202223
1188547
273959
386979
355951
335690
1094813
971382
65474
468595
566585
1040044
64919
273308
498546
1447735
1105449
1503020
765653
537587
89044
1473505
1415465
432055
442537
1081745
1242899
416635
348466
544826
451906
617534
1388311
188247
950440
976634
1398163
440319
217709
523080
895460
1311897
1269045
1078734
1232112
835883
316360
1083252
931799
1223474
798289
904920
192022
667286
1078622
961671
1035887
688827
643170
932411
837863
853043
662094
910128
671398
459902
1531171
1528271
545664
680636
11972
802950
855578
385589
482482
1099009
1088151
446054
318071
1087730
1443843
204851
737021
723112
451567
382203
1004419
1351547
488264
1526299
114831
1226678
1056336
1557170
909277
668853
975207
871942
395908
1236587
1233191
998729
1492601
697623
456764
1116303
1100338
264012
614733
854518
1328505
1095522
748538
1547827
1180721
942016
645818
922689
24694
602390
1574160
1431863
640778
670887
1460817
96089
812044
1499190
1313136
1156652
38491
613150
1477343
1293281
200507
926365
926984
1235483
808838
346067
283041
148768
45772
784925
1387898
784908
592027
68711
452975
1195099
1334773
48647
710870
283801
219483
50493
267420
1576626
772130
1136285
268772
753779
680669
352573
1061622
727258
1501417
459293
120302
995023
182612
1145952
1352021
1437730
908897
1132733
506284
409677
1437161
511626
256451
478467
863603
473731
1189312
1505845
1585232
6740
287783
1135878
330052
1071400
180436
1427609
477302
452784
1176693
237957
342838
1266157
920639
276021
151615
300595
602251
597521
772255
553727
1023648
1145339
1019352
381645
767716
329793
109526
672622
1129651
1484608
221202
814625
1521871
269398
279567
1183559
789454
1171261
693375
469318
481135
917748
95575
836612
469673
790580
753129
474547
1329744
1268615
727867
243239
987078
1584737
1157094
1532020
376920
30094
883958
1175713
576600
527627
1046310
548644
952094
155023
900103
704628
751096
1250067
162709
318948
489307
69359
1483732
683812
484700
735745
168394
220153
1404876
243658
1129184
1149551
155733
761506
1535468
524219
1501320
734526
624869
1313194
664980
1173898
212298
619945
1089884
1109445
835905
226593
121300
958054
982055
1052213
191941
1270710
1368862
1469234
423069
1009189
197715
845589
132498
237921
336776
137342
872436
1341562
37323
910668
1467421
94450
883579
1097200
294210
250384
1053775
230767
1607597
971003
219576
1546684
782774
782433
575263
1469748
355432
1536290
1111273
1186226
446275
89259
1287410
268637
1531674
1137501
384300
1218457
583582
151388
1485666
243039
882512
969938
501065
1073328
511610
902598
654174
3865
929941
134802
300684
140929
715229
1565232
1106472
45981
293414
1559714
1224984
439802
88320
1441579
379938
236192
1400852
1032453
1035218
1336110
72531
1166558
196357
1436074
561754
1465155
201030
312042
1511348
622928
994684
1057287
20093
334241
915611
746579
717294
672583
61747
1007308
193033
640129
863519
518616
1182250
382469
1456692
1333555
683700
311825
888390
1423768
841297
735863
1610360
1353469
1124562
493109
1248954
1506084
828961
1023513
216945
224820
1001114
1012666
1614638
1443694
1574771
217256
1091894
779274
1212971
192727
193312
808070
102467
639579
1282557
948233
824680
1513753
772172
197102
51837
343912
248290
1076571
295446
446622
943600
968340
780905
520702
552116
1555467
124278
506621
1600317
716289
1478402
1271618
1134745
810031
184315
765886
499148
310323
26405
1330478
319864
93484
1099875
457498
1564007
395161
1332649
721956
51821
150361
1212843
636535
402168
773375
524315
1586356
1003076
689788
150562
1204489
80481
426095
7837
681496
1388552
232780
1180058
1098672
672999
482445
882914
525961
342130
653355
1431591
998626
1198780
212554
1044660
1386427
1195457
749045
1331621
576168
695243
865741
1544067
666291
379984
387621
1625662
433884
418681
1220441
40160
125869
39199
724510
854327
575397
515777
1010393
383522
1121432
1192401
1068812
655117
811698
576176
1303722
359618
318946
811273
2744
1261270
575077
1440668
1057498
1375925
918319
423022
1279837
522267
892745
697183
379602
1173664
489481
517503
861588
971751
1087455
818758
1243802
68532
344658
939301
63955
798605
550219
1578817
1356535
434657
541681
1215499
190628
1502223
1012992
341400
379285
571657
27741
800530
1077340
545825
660978
543912
1015703
951275
52872
152832
1078912
222214
782214
82511
498410
884992
128498
268796
1125013
511266
171376
377130
1036716
316784
765762
1021982
1072353
152773
677685
966392
1281090
1001181
1589159
1045860
424369
295803
799237
1395944
1527335
1422863
1061655
1488680
175203
1211953
850139
604840
638584
97978
478168
43691
391036
313957
960676
498767
1027830
718258
150381
871181
1012303
745637
27598
381592
1543435
420333
1488694
1510554
887930
1393620
1429649
481845
407254
1014335
1206103
2949
598483
153265
863390
1260417
309385
979360
1036505
1262957
133966
270105
1358835
950154
699030
245376
499904
548661
446639
431710
1505756
140503
1299673
101193
1144870
561668
387974
696225
1030079
678540
167118
857930
932349
460246
816353
1183494
1497300
951919
3360
1030768
691304
1188765
627365
676368
1083759
890046
1464547
328676
1368401
612874
153103
883541
963874
312601
685645
507479
880421
112655
1294671
61525
1096073
1086405
1151392
677035
359824
1593970
846356
383986
93094
899872
163698
381444
393879
738972
1100691
282623
567184
279225
737707
1118662
1565961
1070434
940358
556672
414238
551139
1103776
175752
804373
831499
1238625
1532898
78890
604732
433693
785465
889761
352651
328091
1252776
1049681
624496
4583
1171181
1125562
1578962
1289936
368146
797552
1466128
673847
23855
969315
763539
357850
1394788
1142344
4454
1390113
44792
573462
537974
1319471
331139
1214192
534129
1293819
278766
1036011
1419609
1480518
189268
769317
903193
173673
1035366
420732
119922
766204
223823
936436
806820
877167
1276411
217821
884468
1049213
133518
547005
1452042
693865
1126572
443972
172220
726444
832423
1570235
1571141
673995
191266
932371
904376
351327
98004
526648
686098
1431020
860517
867710
1428754
315969
539983
79469
1251930
1206928
313434
1383696
1260377
497541
410552
1248399
208906
1150557
1580227
115014
436673
87800
1080568
886274
731774
372400
1126241
1575939
1524080
1073046
862362
373126
518753
1597197
1013941
871079
1355211
81889
1427627
82858
1491482
103562
38430
627132
111645
266248
844972
470619
1182415
924413
551902
493164
892422
356655
170143
155187
524349
9104
1446452
695307
834808
748781
1202550
696034
710030
715040
810762
1148973
1100590
622413
1193259
561539
561013
832516
556249
932871
1100734
603267
8535
263499
549159
215026
706071
995982
393228
793627
1350279
511041
713102
390254
1459147
20827
1105998
872786
1372550
1237297
843796
888727
733715
861400
1383558
540512
821540
1320401
1257581
1356413
147763
309750
909541
204855
1013111
477564
1305476
1129966
541673
1123437
1334413
330224
1566972
1208865
351680
1389727
1317225
330185
1172697
347302
702108
855338
1612746
985960
674745
1124199
511188
1489335
854502
286675
847689
964971
553126
557572
691183
1037560
1442265
1182619
1134183
668269
709349
289886
143151
537991
1217323
1397874
332906
476355
1421879
1513623
151885
1407357
980396
362367
639595
826146
991500
898564
1316267
170284
197210
383326
333777
1209464
908428
1225179
64943
109799
834624
337222
88419
1529881
335307
537576
947465
330558
762685
1282018
1016955
1034554
1539762
92234
327956
774017
413227
290060
1232100
1564147
203544
583001
725440
103420
380328
228929
1304363
1287941
1302581
597576
113608
1076703
547844
713797
1601881
490955
1192344
1237487
926522
1174100
1325012
360135
1272980
1287023
1461419
1186940
141146
1319339
1323839
631926
1568005
297756
53974
736028
758166
1457370
1233856
1402233
779309
694192
775671
1468248
583900
1055863
97558
450958
923514
122479
1469243
1219554
458059
597154
1158449
42763
842801
1624644
132213
977133
1027980
1439169
1313115
1307711
700378
152251
52373
510427
1473371
911322
1592107
649995
1357143
1504493
1625825
1123320
345205
852906
656418
320580
1484936
1113715
1524587
953594
793085
247047
195750
199617
213508
363613
1198575
1491953
740274
1227319
126113
682663
687719
80610
1078788
460682
327464
806536
348201
280294
474946
1446040
1198123
800885
1453263
1314443
1464133
573214
1214073
403828
1125032
209746
653219
839504
557455
1043059
37213
487629
368293
152604
882420
1093008
359140
250475
275776
98356
388320
485992
860206
421826
445830
1019481
284556
454610
305400
1200645
34322
92915
460498
688927
1366963
149068
1274585
1027321
183009
906025
516258
1016666
1025519
189210
255208
303250
1116981
279291
217730
671263
642312
805995
670891
441920
1045484
279897
50287
1053262
283708
189183
394008
1101010
1302105
551708
461877
777017
1515942
1532666
978674
77290
1131616
884616
318130
921265
732887
982518
920044
466641
596674
386778
332128
1246563
387178
703354
631395
290877
207233
788307
221958
1506474
405991
1110034
431829
916650
1212201
567671
917571
730940
311105
134423
1190871
388855
284391
573683
929313
1410790
1211896
1402493
912950
892458
1408494
1609668
917526
931733
315730
872221
618025
33727
44008
866939
1448834
102086
1166298
284915
465316
751081
1328318
761790
591305
862975
1235993
1330053
219233
1292670
214071
1086455
1121678
218818
486767
36102
1467310
807805
1301442
761747
1002512
473107
1058659
695641
1361472
435897
1248321
766509
478004
1002296
151597
1372268
149986
90491
1556915
217255
245695
223449
1366241
517592
1454074
242965
466922
707863
103720
161661
779886
222082
369708
3019
74096
1477546
873876
421188
754531
1337310
12637
336331
503352
377561
1594882
1031611
240508
210954
553006
551426
1078152
1236413
543946
1553545
887139
144105
888259
775575
56038
1270728
219073
485262
603263
96509
1592676
60363
1317309
1283137
6174
1214050
1033347
631960
229632
1169515
596995
137100
1289584
1455809
1569354
585188
537765
1298397
1257088
772878
435266
670964
317045
324778
1199678
1134956
212235
777562
380769
517530
203158
654862
1151031
935923
1326702
1087312
1247803
539475
275796
1397170
230736
1272043
759480
1152026
1127117
325603
1119196
485326
685058
849376
1288034
576136
1011997
313987
716197
1356935
1146745
471817
727294
1455394
354851
803176
578276
82910
1210280
373803
1099438
1538493
343617
1370704
1037285
1420951
658905
865545
930184
526647
435971
711475
199652
309550
1395023
1211379
1022158
1357455
1147904
435519
1080116
547446
260760
1118408
338190
324438
462132
1427172
496275
765852
1342798
935029
797607
951214
421962
790604
656249
835175
1274347
643169
176934
617069
762160
1143490
1118576
1421781
757815
602578
307140
801696
41261
364202
173756
1032841
220696
283296
467403
1315422
789931
22139
609323
1290875
1087471
559708
400917
884042
451476
1344978
261146
1406019
857514
1487065
1022767
260281
960784
607601
998400
1275029
683322
456870
499800
846583
1084416
1416051
490622
1284146
1142722
1345535
1081341
1334161
344296
66627
217381
1389757
1105590
1079747
644709
426309
81079
617142
402412
280476
391487
975066
403318
199517
634762
877234
421541
868519
502332
242455
492803
89412
1474146
93409
906430
437236
1208177
1085204
384867
1540313
136555
588074
1162431
680585
678231
522306
1061206
1388637
1396334
400974
864134
872671
789033
378152
1193653
514239
766990
422422
1545928
106549
1402972
1078847
121444
537304
694241
679207
206020
68882
1321404
1620349
202471
1338829
249897
1313653
755092
534673
80905
419666
777559
561369
904392
44978
471734
1018514
416453
1631493
1469710
937220
419366
1540370
1466336
408698
1171745
468751
355055
918427
279736
180272
103496
326347
387700
946004
314176
733249
1420886
771749
1256816
1022651
257875
336749
685498
634787
163311
1177610
395067
875108
1578690
1228054
1217821
1220609
868034
389709
811420
618187
1505998
1211642
425055
1529104
117578
316580
1279094
618814
1329272
442159
58876
1299545
410338
305910
773189
348298
678956
1286202
1599705
314847
725077
181030
243873
1017750
184821
771257
1370538
97244
581083
876149
432182
1431032
309555
1266230
1536491
180060
690126
870836
1088476
971289
332659
296575
1205792
145552
361825
792622
19923
489
1484845
751186
1197279
1468175
555400
942415
134528
511966
715108
1381534
687725
656985
305235
1462781
1134903
759393
202477
214616
369257
32345
739026
1001440
262709
818717
1362236
848126
1472540
122905
869472
344145
986892
1376840
99784
1455016
190766
1529423
1552163
1429114
457611
91846
501889
129929
1039201
467690
1069779
182773
206366
1428732
367553
56039
712921
144063
734208
692395
421870
494625
184363
1110001
688177
919662
1158144
1429792
1346920
182153
1039470
535286
699803
543888
863937
1427377
262899
72257
152276
785890
683874
311725
562308
676706
116880
1300569
1535142
1391967
1094809
1403821
1434694
851102
527507
534314
445815
129144
494864
1123128
82805
660547
448277
36068
967213
586975
478534
885585
174303
463189
990200
143914
286505
18936
326896
1570623
982437
1048433
949922
1581145
447555
1387739
160592
679055
845924
365899
1014881
1101030
1091022
148179
837417
306161
1566478
1335112
701030
1526659
652498
523630
1461004
1267636
1618579
1302505
1302286
653298
798876
938207
873577
532536
1358405
131670
640582
847297
821439
1288208
510401
1020113
1609197
1425313
1341048
228750
857729
551494
247318
649906
650189
56837
1119639
1427107
662294
620771
1566719
1135755
1160227
1367512
12558
589777
694049
1491541
711770
430442
1235154
696692
754223
1467443
1244152
183465
982707
1491449
801601
105027
1109396
1389999
1094945
1131743
1064357
1011993
1446372
99108
3169
174274
758921
1294025
571821
632087
919993
939276
118451
368279
730342
508479
914179
790493
233964
725263
757982
771561
1138122
777842
250047
1475475
139553
1044182
648067
699773
1057049
706526
134853
1472305
681180
1230391
312450
1105615
854884
228427
1544244
385264
383880
215182
227683
449677
1254747
1188247
1514129
171987
848497
265241
624648
572700
927730
1315222
594496
1116396
204500
339231
681350
959644
216243
782725
515677
753242
7671
316572
1232721
1520418
282199
829844
642303
1447024
676048
307185
479233
718447
1063107
942605
788
690241
399748
917038
1089179
541385
1227635
673651
644266
1185647
1535037
101325
498011
799481
140543
1042751
89141
392341
1379412
1145037
1327895
153856
1414387
896803
1333172
616706
324651
1388506
1319093
741330
293626
1026707
1145566
1027638
255655
1422110
460836
1368888
1484876
708186
1258103
855640
526661
1265952
1236399
890659
633631
650602
1186753
889062
1082595
389160
1079834
621193
594177
771609
431252
704157
254460
881962
755931
989475
18416
1145273
854265
643389
1437781
164421
128259
1456010
451893
47919
814093
981802
890748
869286
916173
966425
1069063
609401
151868
460697
262094
729706
99764
330729
1257460
395647
1379843
95184
1299705
1482994
1083217
780366
1284133
734165
355400
1191820
281389
657462
1218735
1370376
1418135
184833
1108352
904331
501154
13297
1256656
794370
1156434
1245791
766744
862997
1129172
871403
766268
210827
291176
41673
1229556
742205
491584
1088925
502361
1047616
487990
1168630
358573
1237977
173454
777402
464258
661430
269199
128202
1501899
636171
893858
1564624
1036633
1144837
100793
695042
807726
319491
1029369
865995
1116098
1099851
837913
319109
1405155
146269
616240
1241715
296690
119791
158668
899459
1390394
757532
741809
1085740
971199
948588
189253
396517
1362045
754734
261024
697530
904864
301061
477136
540205
1084772
1145982
1213016
1175242
290659
533113
1358426
1403257
728888
1185269
1242194
1446795
643871
281175
472225
147527
101283
1152177
1549300
897220
230515
1048431
870300
699190
1128315
668607
645760
1488151
1402460
503101
1123533
705824
451292
562324
1110696
1400537
1397885
1072446
657818
1448422
573128
442622
484221
1358278
491902
1382143
1082225
663815
122329
1260080
1420839
99798
44894
274415
354990
1148989
1467033
1303099
190754
1050491
1441642
1555124
662649
749169
1247061
1573639
1119979
1530228
886261
666258
320146
653321
50789
230877
1520246
806799
979687
230863
783081
1488578
421819
1223762
1469766
608409
74367
1232775
1095784
58501
1024265
1209164
1583419
366084
633867
1616117
363412
1215116
468386
1261417
1222599
995835
1220699
938701
1031657
672202
790065
1232359
1454047
765758
1247926
73600
489896
176522
290449
1289468
184832
609515
301595
635241
79289
410108
129586
1052901
217434
977826
255297
157929
1084392
730649
498379
257091
899236
409380
716746
253558
216875
1146538
596825
573838
358812
770735
228178
1172660
1283988
650977
890764
1117237
500292
1381893
395215
1302077
1159675
1386605
257418
1055052
1557387
258216
358032
1215617
1368812
721079
979707
1395707
388910
13262
153087
342064
683439
1023712
290258
905863
802030
1285168
929659
349752
1631463
256388
305757
929854
338710
7875
1420723
1442750
574033
1553375
1051389
823475
21129
1154874
1248838
687519
113806
1010966
426787
1053882
1445540
233774
1106767
140836
1175094
394642
24495
865825
1418550
1368590
707425
393090
186767
91526
437902
460202
901415
696898
455181
971546
238811
916538
628920
519678
809669
1128400
1479090
786297
795854
1455204
564044
1170811
415219
351233
359683
926563
808863
1512098
430950
860631
270201
846003
27601
484562
343797
1158322
1126592
281824
432296
479466
982817
802859
920495
943566
109936
114726
196739
750873
605601
443161
141920
549693
438012
866864
253283
62755
1176151
1500661
1191467
1231810
1237557
116976
119894
12271
966885
848229
527137
882161
1433320
1535440
994564
1213277
1376849
1002469
798334
995919
1283944
535626
616922
131564
1135943
456629
532711
1146614
1130272
1250373
904589
682242
369678
547937
127846
467351
808831
605882
132081
205560
495446
782848
413704
347207
436915
991070
1609389
1102352
257986
567506
512671
818082
1140942
522855
120673
1337114
775746
1179774
617604
81998
323070
1192099
1024135
1090322
114539
668924
1365733
1363965
135297
1379361
31999
1056150
745209
794319
665456
1096138
32534
490058
35413
485895
208893
561831
220676
747906
456375
323495
866023
1166183
395030
558498
1136219
437293
1505636
1423190
419246
96154
1002397
1220248
695264
1502686
239303
462822
973817
1289725
1154130
1199391
1332451
573134
1005867
1238070
1103109
1052868
1553159
1490964
994744
515980
1392269
1541564
809851
521707
778865
583515
849769
1057720
219909
1083847
198356
1267483
119510
175126
20755
395280
94680
1243300
34177
1453166
396316
992492
902575
778190
859829
1251288
199669
1301279
1251503
110182
367877
881279
672641
77341
630954
1031382
808143
843493
967799
1495424
1087361
692363
262452
1445722
1244904
599144
357808
813306
232176
1514409
641928
588131
972469
853284
1152898
388404
676895
368828
655486
585485
255936
1196959
1138828
1553086
956041
698599
569961
1496090
620598
1009615
38685
311165
1435558
558810
1139481
473515
412826
27053
1256376
996984
609097
415770
1414861
1081016
326575
1459625
642030
561934
142514
648342
200583
535366
1490852
76132
1318940
883709
1399448
300047
224580
1167275
465461
654967
1051147
21635
230451
233239
1025386
178495
1055506
1211510
1618977
191792
1407689
1062977
335277
34061
588457
1281024
723498
353559
79957
1425031
279688
825181
299595
789053
923587
1294213
1206449
224466
201884
336426
1177842
933413
733698
20707
1595042
399321
510442
467847
1275767
930609
1213501
342694
1347775
500203
1086300
453054
561160
1170443
1400411
1459306
415298
1172038
392305
455640
1535465
1200472
406868
352587
217561
284064
183328
1540293
1194304
733007
843846
1382540
223308
1455576
110008
535369
370253
1217626
1317923
1141132
810414
848501
1157523
907056
1475132
73624
595530
209030
336190
138535
1224009
341518
1154761
641073
1162105
1567405
653668
1047909
834229
446401
1325393
90383
914044
1613335
1339708
1514373
301797
617502
1167785
245130
1183326
847201
693399
1163252
451387
1036100
1135836
1038898
1122284
57092
658272
957795
1290027
327613
376013
576353
112214
426848
786495
402194
1016232
192750
833126
1119516
1160009
500194
1274649
1267195
1604821
341017
915071
771086
1472944
342873
345964
573078
4896
918681
1399078
585575
1472149
231103
100594
526681
900206
892109
1246287
1553083
1042384
697181
1513190
1381465
1031354
992730
159823
731036
1354214
261369
1307611
961555
1029603
811143
484723
750788
888933
1054652
498484
1315129
898241
540891
1377216
545375
360248
281238
259895
590849
965421
777074
680849
917326
931914
292111
1491581
1380639
1513543
1303007
876989
1488722
414464
424766
899351
872257
67666
129361
956582
893231
483727
524588
1500638
534451
1125760
590516
556255
629388
1503052
69867
568306
600281
1580951
148724
806537
843673
1619711
1241909
293405
1099523
506572
74484
1115210
713944
859926
463218
477829
514776
1080385
1422733
922522
12321
874965
385797
1524844
250676
705817
627443
877024
1071465
