18867
10385
20337
25971
15134
9513
21449
12535
30422
34175
33928
22206
35902
36670
36882
29938
8465
17902
24373
4608
19052
22775
31203
8131
9170
3252
15219
14310
7221
29039
17974
4394
2811
10186
32732
31299
23458
3666
28213
21650
9452
4005
2728
6554
31702
11875
17089
6505
33134
9305
13427
27441
17926
13764
33085
17921
20824
19945
27255
1145
36192
26300
22221
23710
5935
34673
7860
31626
2157
5914
5263
1981
3170
33398
34596
21311
21996
37009
22452
29724
12776
3105
1864
20836
1130
30349
31828
29582
33053
8958
33968
25847
3860
33095
11085
34140
23167
13845
17121
125
1261
20725
6649
13049
10136
27431
4654
12923
33975
28672
24172
26194
32827
5787
22511
5025
6317
37562
15624
26320
29586
6123
14031
18409
8498
32509
22378
23998
8566
27288
15673
29713
3886
17056
24425
37022
3593
4311
16276
26227
7526
35100
2131
23971
1775
21427
34983
36734
16592
5378
28500
17880
3501
24665
22001
750
1825
18696
30426
3779
26236
5583
10435
3433
17570
20498
36028
1678
5284
34242
252
28797
19688
21975
3385
20595
16151
16020
35014
14965
19078
159
27368
3072
7246
7730
23899
10529
26955
2619
25818
47
9509
32447
3300
3834
3355
5010
27924
31790
9242
22034
25363
25439
29985
31710
7681
6568
28061
8645
16599
24300
18799
25530
6798
448
31225
30289
16071
35535
35548
19686
17929
1955
31264
8326
11183
15415
24451
25951
20528
36234
14879
13557
1127
16910
24400
22868
34117
6323
22169
23102
16854
29630
16467
3491
21376
14698
23462
964
11041
32049
11370
24381
31595
24785
32282
30642
28657
26883
37280
3641
32737
8306
31614
32635
7578
29090
5739
4522
14188
22242
36008
9524
5708
5493
19396
8177
6346
5206
10474
36013
19430
15930
11880
19389
24048
1329
11253
2776
28089
31060
3585
36653
11276
20758
23007
19008
9450
5442
10670
6232
22788
29295
31196
19744
36090
2749
36748
36610
11062
20072
13106
37647
25497
25621
37030
29134
19177
2731
2015
17844
30761
29336
554
174
27636
11988
11529
18872
11094
17683
20049
29510
37098
6850
31551
35195
13442
2719
14113
37006
27403
13565
27099
25673
19852
2002
18280
31251
18758
9317
6975
6865
4893
2549
4898
1851
25246
33092
10062
29263
18431
28201
25737
21537
32087
24186
14651
3572
10289
36832
25918
9315
21682
28969
5233
6359
2087
11706
3028
21880
21007
28760
30029
27336
27172
29413
16030
1935
31731
13937
7481
29138
35758
33493
10350
5256
37016
18841
5293
15675
20946
6043
27239
13954
13003
9554
18662
1611
37345
32502
10161
21639
6168
2064
6019
334
35928
11316
28041
24103
4578
12688
9808
2338
33441
1450
17795
15927
202
19213
18062
22190
16318
22662
22411
10083
18180
26826
31521
8736
21732
36358
21414
14016
25904
21021
28251
19756
9944
21121
30246
17391
25354
761
7967
26531
24935
11080
34684
36078
1573
1207
20870
18067
16373
16450
349
25537
3209
27991
14904
6053
17422
16087
29802
26085
16090
8213
24049
13249
37657
21210
33656
16636
3087
31894
2336
16004
35353
7497
34878
36033
8283
27121
6645
37449
23449
20255
32510
4846
2900
19845
4699
6569
36841
21497
21308
6267
19508
6869
16710
24030
1733
35751
1962
14468
25189
37377
11562
13974
2133
28901
25487
241
10222
7190
18176
27193
4413
26910
21002
27488
22874
34885
21297
571
10243
32462
10014
34147
27888
21592
725
1376
18449
21990
16831
1122
8802
2628
20239
168
28650
17143
219
1368
36706
35427
1511
23498
2948
10229
6627
7832
8274
4867
22234
17194
34918
7626
7981
31589
19072
2491
5793
30958
20110
22021
4606
26509
21112
10516
5211
37360
3167
28458
14071
15170
36035
4336
5870
31295
17774
2778
19091
13888
35487
33182
26990
29522
29356
27482
29469
2516
33815
35592
26784
11386
19319
25088
37084
13278
28320
33294
34855
7878
16201
19846
2406
26581
15481
13403
3148
18215
28850
4264
7077
19664
2664
20405
13028
7950
28337
29480
7605
32072
18035
18181
8651
21816
20682
30119
22233
13030
19109
19560
15416
3946
19551
30410
3379
7055
18499
32275
11126
28171
17833
25913
13806
26671
19217
26986
27575
9042
28830
7933
11956
21680
30825
26168
3325
28922
12781
3366
5319
10596
35485
28513
36824
32932
1690
12352
2380
14148
16062
36150
7325
25330
8285
29667
24427
20319
32531
19552
17222
5723
33067
23101
6456
9181
9397
32002
26235
14381
35532
21009
6281
14759
8478
33853
13976
28936
5889
13213
19079
23171
13678
33369
1335
5669
19608
8453
25115
4544
7624
1786
30018
35055
19480
22686
36474
30493
34566
27649
18945
32936
20380
37411
23619
30807
37243
8314
34867
25989
15816
35425
8510
5680
979
22515
1805
6700
19591
31784
2022
2912
8496
27637
26410
29727
33061
4072
28633
32557
5467
14100
18298
5725
23381
7252
15042
29277
34299
6786
36359
27018
31943
6432
17152
36261
30630
35162
4843
3823
16268
27311
6626
15069
34543
14414
20671
32039
11891
16526
27244
12937
15335
15158
5136
13950
18006
12849
246
15813
30554
12159
16497
33319
36857
14250
18421
24272
14207
23356
12134
12975
20548
8902
23041
16713
28557
3212
13604
16718
37371
3446
11367
5905
32901
13315
20392
28136
27758
24528
29623
7941
27791
18492
2312
31504
10626
20431
1656
12987
23221
34456
16231
28287
19969
2846
29812
1053
15838
24007
36117
5902
36973
9933
17945
7546
11992
37045
35005
12902
14717
18784
25169
36260
19410
17825
22826
33698
1251
33892
22624
12321
6403
8181
18808
15356
16981
34573
21309
37044
9615
32375
154
34743
4497
31898
25013
4671
6675
32281
27383
12490
33724
26658
1809
11664
33703
27201
5159
30948
14239
22166
11121
29865
28919
26202
24380
19335
24919
21419
12353
19393
4540
1622
1186
22196
1869
5747
7165
33700
7387
2145
17047
8687
33673
22187
33849
28526
24644
6466
23978
2055
7632
12983
10126
1426
1231
25009
31708
26596
23390
34298
26698
26500
4737
20879
3398
8685
25135
4627
4987
11662
4182
874
8481
35755
4335
28169
5568
1295
19919
13085
3416
19296
17995
4176
37383
7817
8491
11901
24748
34817
1174
9429
8397
35117
333
2872
18620
29878
16186
28531
34774
23878
981
4648
26842
30070
16324
15618
3258
22740
29141
8479
4464
16763
19224
13519
11849
24234
8333
13201
9040
5769
28811
8080
29485
735
13479
15048
6857
4318
18008
4157
32414
20154
5852
28358
6760
28502
15811
6012
28079
19812
29363
13282
1100
14539
35338
34463
11555
10313
32543
6787
2947
62
4954
20447
33167
16551
14967
14741
16458
34252
26268
7515
34171
25510
19325
6886
1961
7753
14095
11544
4139
25086
8210
36510
15438
37506
20696
25218
27026
2191
10130
29089
29012
8023
32029
22442
30750
16938
22283
12568
18204
32671
5874
4823
3673
25245
36202
8239
196
30148
30097
9626
32571
26711
10610
13369
35191
7235
15689
14077
29216
4107
4425
37516
5541
8632
31036
25476
4836
19015
19306
10463
19486
35001
5864
29755
7582
12287
15555
16821
16844
4196
6694
8751
24626
4421
21125
18781
14376
238
37545
33723
15013
16460
21199
20627
12483
26702
14613
28564
12227
12439
33979
29857
11334
21754
3095
14375
17345
8869
2690
16792
23185
37323
7278
26061
24843
4143
14828
5876
25744
7494
10874
6056
3121
3558
31645
36592
3664
35766
26528
32744
34654
29671
7886
10798
34572
9711
32305
4509
2371
19681
15471
16839
30530
19371
33757
37571
31070
14190
35806
1099
3601
34802
4195
1123
5011
3235
566
10946
20493
20468
37322
11356
35683
7695
5682
32325
22250
10220
6544
1173
4209
3928
16066
22954
451
18245
26377
8199
367
9030
34728
22967
23027
4450
7646
36186
35155
23616
34082
19539
18312
29788
11919
3507
4290
31538
29479
1951
7197
34109
14143
19409
31120
2991
33770
28803
17367
34435
37468
16554
16583
4995
21556
14372
9063
25253
34700
12555
2930
2858
28825
37631
1021
31045
856
7310
23521
2855
11145
31759
36465
36952
24641
15902
34137
3722
20755
9750
7029
12376
35853
11930
1741
6196
11877
26828
20534
2926
35079
28098
28515
17689
21339
2691
25005
16675
14839
3414
27513
24127
29061
17476
1908
6274
18679
1423
10115
28310
20311
5300
3759
33440
9296
1265
3119
30007
30243
6285
25055
4988
18081
7758
26491
2954
30781
19435
29947
26416
37661
30398
11371
34334
10822
19535
16620
31805
18927
31764
22548
13473
11421
37167
24483
13198
24137
14927
6452
22664
13138
4110
3085
28923
12250
16896
32457
1719
23924
24691
6952
11531
17917
17223
6730
26472
33068
35926
19751
4481
19742
29290
20119
456
32043
14856
15765
6207
34804
23708
30618
2464
14104
22313
36416
16436
23062
34127
27004
23136
9339
31041
34407
12021
3210
22081
11019
3912
10624
18269
15200
9743
3988
36712
16283
9165
9027
37254
19583
29137
32090
23547
6470
2612
17317
23794
26196
21333
27079
18740
11293
17411
25567
19505
19868
4631
33324
33601
22942
1359
29783
9545
12640
36216
26683
36598
28374
20365
24197
10493
5751
37367
21852
4233
3268
15946
13966
34010
21322
14347
19385
30373
10757
8035
14966
19009
35216
35500
26827
18712
12857
22725
3490
20146
13851
16498
18097
14912
8377
10030
21597
2984
31389
31131
34681
4620
21114
35691
3693
37302
21139
7211
254
18823
30751
2329
36180
12711
15637
4333
3830
23446
3388
3634
13109
4034
4415
19042
191
16681
1443
33579
9159
32470
24517
10542
12415
15819
