6107
17069
23614
36793
14313
17232
35431
18206
10142
9501
5297
17281
7174
4912
17725
23185
22722
19211
20852
14393
34693
25598
28614
21737
33839
20551
27935
22668
22181
17774
25412
29239
6101
18739
9896
3934
37305
29229
9132
34599
23139
22223
9033
5770
2042
29158
12411
24351
10313
5347
23497
30531
11081
317
10030
5827
8983
26339
23307
31520
10050
28971
20446
36731
12651
21253
26416
22433
10165
17569
36849
13256
10383
26400
2679
22291
37271
24077
12499
28157
5255
35938
16613
10279
24692
16122
237
22865
31608
32644
22059
26511
1767
121
653
28430
11231
28924
4959
28216
2824
3807
6821
21295
21572
12597
19589
14528
7006
3830
22673
7106
25632
4509
1760
9087
24845
20031
11017
3472
20193
6191
31398
19455
22283
26895
5633
9729
23788
15337
30914
26854
14953
10019
17848
22810
24510
25481
12625
36757
27498
10586
7722
26145
31222
1358
8955
11406
15210
337
22905
16420
13713
16093
20953
573
34771
19351
14286
22611
30729
11616
10221
17568
37652
30786
29747
6543
4672
4636
10564
2638
936
2005
14731
3396
11489
27591
28734
27384
34047
12266
32582
19903
12869
25950
28856
2673
7243
37218
32053
9842
12550
35286
33739
14655
14941
23063
6151
6397
15253
7726
20903
30725
10127
14711
35893
21826
22465
6873
11577
37442
8052
21508
33976
31143
14051
16288
10928
2590
8337
23584
8157
2331
33546
25728
29282
544
9081
35775
26259
14830
5087
33858
35263
26467
23153
9030
3518
30088
13995
17200
9924
32258
36201
34228
9029
4507
17045
23546
10676
18767
35412
1234
33070
18838
24806
36405
21555
24178
20029
34999
35355
20613
15239
8593
32492
4023
11083
13371
35813
1799
12431
22159
23588
26976
19013
30596
11636
25666
387
12129
31863
22189
36776
10354
26802
12257
987
19059
35541
34396
22331
17546
29388
23923
4089
26804
6451
1720
36651
30577
2400
22328
29367
10602
13407
15329
6890
24759
23916
27712
29707
7520
11766
25045
6353
12412
25233
36593
35515
34816
33794
18969
35841
23565
33057
33663
2099
36163
15389
36859
962
14619
19045
21465
37014
388
27860
2285
8616
29844
16324
15012
23116
24502
10104
24751
3054
28795
6089
12749
16684
5130
22792
10989
4841
24998
22313
34930
33541
15566
18013
2009
25182
21402
3922
35391
2197
17139
11491
35132
25009
1657
5635
3713
37216
32316
7781
12962
21603
13035
19752
34856
34243
15604
14437
21972
3917
28258
13523
23607
2617
4992
13688
8174
17249
5511
31921
32024
36326
26829
18415
13285
17554
30913
13759
15908
2234
3448
17106
3810
20607
32638
33821
31297
29781
14043
17863
1536
35059
26946
6673
21760
15725
37263
34352
13850
12858
6539
29882
19952
4546
4514
33972
21239
21837
2325
27013
28067
3438
34556
34732
12400
30500
20220
19742
24014
15103
30630
4718
35118
2202
34364
28458
19378
36072
31449
13593
5125
28648
24772
22469
29397
719
6450
5249
13779
22803
35066
17971
25954
23830
30960
11935
28103
3482
12342
25795
692
22443
5924
8507
19737
17009
6756
32070
6938
17587
18118
26098
29753
31983
21601
32987
9574
23156
34133
19786
8176
36515
21515
19056
17784
30096
12623
7886
22139
15465
24890
31137
111
32313
20544
18679
2244
5901
24536
27748
6195
34030
26698
6017
18896
20265
13993
31471
14066
42
16562
4554
34509
30493
21629
33106
6495
14691
23061
1243
31261
12450
36342
15097
14399
6392
17231
3457
28102
23106
20902
24303
30879
6311
21447
16082
6430
20478
37656
18048
25461
17735
24814
15710
35092
750
25614
22047
26219
17544
2311
6387
26500
29825
10169
18339
6910
16900
18367
25935
29356
18315
13571
12424
16456
32993
30328
32333
4297
17324
26021
23888
15122
11317
5869
1947
29901
30014
2415
28873
19423
12118
7003
19154
21676
2247
5840
14907
8356
28811
22537
7741
13442
749
12516
3283
27382
282
16309
29645
14068
2125
19048
31554
14349
30836
9583
31513
32815
24017
7927
21918
28331
35627
16658
34420
22484
23360
29597
31202
17841
11714
21161
35911
2732
17502
24557
23550
18461
18676
25085
26608
9111
25986
19807
26306
15922
8929
17216
33399
3460
16179
10867
9219
35491
14167
37641
32602
18860
34717
14804
6973
13673
4216
18600
13885
16939
19029
9569
33697
14793
14820
35848
1157
20175
497
12909
18524
15923
30622
24101
11780
35853
30710
21853
30666
32570
8550
16226
13522
20966
10685
25019
7711
26597
18746
12149
23090
11984
24880
25251
28646
7931
14242
10504
14431
19038
30965
23267
6008
19097
7563
14185
26426
30567
6274
28074
37183
27363
737
25101
32363
22737
21897
25878
35439
5863
15885
37424
14879
2837
3992
9417
2132
9804
7627
16097
12507
5584
26828
25990
17929
28544
3112
31920
31413
30107
22459
33213
16430
2759
23637
16155
29553
20166
7640
34158
17596
24491
23435
12484
5693
30104
14995
6273
25405
8878
5449
18070
19582
4453
32276
13058
33498
25802
35425
28636
8699
15631
13913
1798
5668
29164
24285
18378
15600
8320
28834
31206
25940
13477
11736
2045
15454
13844
35226
26244
16129
13756
4458
16108
2198
23994
30926
14518
3654
11867
12958
16334
8683
32405
7381
30829
20014
14439
13458
26741
34682
15905
35015
7727
28835
26549
36346
36610
4696
20215
16196
16812
15167
9046
11072
17354
15207
37550
7248
15229
2530
26684
11910
15630
25748
5429
23668
11053
29863
22736
2019
18827
21655
20358
14838
26564
1453
35013
36544
20146
28272
30843
905
4351
32129
14654
4766
35067
32230
31274
6248
28926
19546
13633
20469
33482
2893
5771
13767
4298
2998
22581
24987
33899
29030
11343
35201
18743
17730
18059
30693
36636
1922
26652
34124
10865
31364
22266
29560
21367
4991
16853
14295
1727
27243
15817
2576
23374
27058
12521
12047
1774
24534
15299
28849
24884
6675
29011
17059
20627
1662
36239
26042
11963
35209
9183
35199
9635
10876
34843
33418
673
28185
17480
36488
11488
5564
36268
3801
14768
411
8438
26078
28005
10070
9599
7969
24733
31391
7902
35934
26972
21373
24041
12311
6214
28721
17453
19955
36756
20229
36039
27033
20396
3188
6650
9289
14564
31647
446
29570
16163
5264
4813
21902
32750
307
25552
8924
23472
3511
8303
175
14913
6830
3679
20466
17744
25678
13486
10714
23408
33304
4052
30352
6519
29548
30928
1512
27201
3310
11115
4910
20929
11471
31078
1712
5853
34363
30610
28225
4754
32381
12482
460
31405
5562
32677
10205
1294
1663
4342
36516
14093
24391
27619
12980
138
29391
5701
28692
29849
30923
26013
34311
19170
25824
31337
18209
30410
15830
20901
3689
31223
1924
22373
10560
24839
28175
27206
17174
2252
3649
29065
11952
12827
12524
10347
5842
27204
28446
26647
17498
30269
17141
21472
6460
7049
18745
18538
27412
29661
30977
10691
29814
9260
10216
33941
6768
5074
9730
2096
15893
1943
21690
6509
20194
14676
25742
6988
33142
8990
20208
242
607
14659
37188
15035
14826
15761
2071
13418
12281
4935
3498
15418
34250
35910
14055
28786
1295
15003
7206
20147
30058
34526
2392
12758
14934
27673
14624
18887
29509
16635
18419
34210
28603
19704
11344
15288
6643
19647
14604
15975
36172
11958
821
32684
6760
28282
28931
8971
9250
7935
28443
1884
10937
18878
5797
32832
15289
33985
12380
1020
25371
37562
10601
4471
21626
36894
11365
2344
29881
30953
32593
33876
31181
13003
6856
16855
33010
20562
25653
36637
24180
17941
31173
33058
16064
30189
23539
5555
28151
36165
12994
16563
17396
32387
28874
16233
6717
4611
32450
6958
28058
4383
15146
23131
14117
2822
16608
27088
28838
5193
29101
220
23223
15340
23316
32983
27467
24755
723
25425
9052
6751
33595
9353
33686
37300
13386
20939
35314
11925
16221
14178
23230
36018
23828
23303
28467
31011
10417
30185
6063
4966
28203
16673
17187
5339
20740
22606
37329
30141
17550
30483
32646
8674
17123
17427
17833
21950
18232
17515
4109
849
15650
22598
17076
37038
12435
33342
17897
30904
24174
35588
11087
27160
19433
17624
5812
27906
19339
7637
23696
25001
22952
37693
1276
3751
11046
22614
20437
31642
26063
12373
10492
6016
640
1456
24612
31358
33644
16571
19306
9207
11123
21824
14271
4489
15099
4203
19486
14585
24879
7103
2615
32710
12156
2651
12261
31828
35264
10217
13171
14693
8535
30528
30276
24672
20522
11461
24186
34080
18457
24896
31168
19683
26875
36441
7032
37624
17394
16338
15565
36664
31144
17464
11357
35753
37077
15944
9687
15094
21144
22840
30999
19010
17211
20909
4275
2060
7215
21767
21470
33825
4550
2900
19349
30155
17477
7059
24218
14679
33736
15388
33176
6097
22862
29593
13821
29016
32557
10599
3345
11839
5616
20162
35827
10464
17448
2312
10790
34293
2911
16169
23138
17794
28380
22013
30435
21375
27098
28149
10152
35484
29900
27868
15486
34279
25027
18997
35134
27991
22470
10538
33528
13366
18608
26173
23921
19850
26761
3111
20304
7505
7443
21076
11118
7410
37214
18117
22919
5212
13527
19368
20383
2568
16934
34130
34190
9785
4559
5894
21553
21517
5596
28379
2595
9415
15571
31549
6558
12522
13242
9855
2737
15376
154
14231
10823
3820
22389
7438
7495
27805
4806
25315
10419
22637
28694
24129
320
35493
34024
14233
32668
1779
21625
23653
33457
6557
29183
15028
28570
20941
18240
17040
17255
13613
14124
32653
5775
10200
8517
33005
24683
11879
28817
23325
19380
2393
1406
17620
7792
31228
19657
18225
2973
14235
19238
7611
