20567
16144
30442
9729
32549
12169
7516
29668
17504
18454
29765
9357
28414
22422
25215
33399
7619
24289
10423
33161
34856
4078
37643
21373
25924
32833
37461
10572
8276
23960
34533
31489
23790
5554
37329
29912
17921
32096
5366
4458
33422
22888
11178
25280
34486
37525
19828
17129
957
27094
23342
3627
4843
26482
26789
35843
19815
16187
30001
7969
7947
36563
8663
5765
30197
20409
10378
18466
36618
9880
37538
8694
16376
25093
5482
26951
26231
31902
36600
5549
1635
22619
5913
35808
17613
29954
16670
8926
20509
24737
594
17425
17460
21015
17911
27037
36320
36605
2918
25135
10182
30145
6752
27383
5744
14751
12932
9634
11074
33734
34593
10435
20626
24526
11448
26131
30431
20763
36690
4771
26419
26991
5334
25120
33706
18273
19738
9190
30876
454
15715
10992
5339
8865
41
2852
36854
34662
36413
4522
21424
35720
18408
13542
34005
12823
7972
11859
22114
2214
31125
22773
35701
20393
27207
18983
10767
30181
16754
32703
10102
22445
6223
14498
36772
32909
4004
15698
1699
26506
25177
35372
3515
7196
665
14089
30855
23205
28752
1150
6703
37220
5774
15470
29013
14750
25226
22042
29635
34284
24129
6417
4735
25955
10527
26036
22749
17734
22839
3147
3351
30919
1228
10223
11269
9372
18832
18909
1892
2001
24363
4510
2318
34057
6804
12766
17131
1198
4769
12881
22433
25964
12136
2745
14898
8235
34651
10657
24063
28127
26245
30984
37241
21254
23687
19488
5495
22613
37096
10830
27475
8610
27081
8634
3421
19501
16539
194
6599
23666
26123
23139
34916
908
19213
32986
35367
33322
26313
20154
24030
15693
33069
2338
29104
28184
32013
7615
30357
8086
3593
17720
15925
30506
7041
17214
2953
10213
17008
9153
22024
6527
34684
129
16736
362
535
13525
20360
31580
15550
1023
5808
3649
20242
6706
37337
31403
4868
22411
182
4177
24985
36175
27389
23821
24245
11302
20892
9202
18962
10752
6842
10926
23266
33532
32509
14375
4136
24209
15954
4830
15316
11058
17582
19784
28756
21470
17739
13790
33174
22284
19054
17040
13483
35711
11323
9063
33544
10855
32766
3087
14620
17253
13174
29050
9629
18999
2516
33864
20786
4958
23108
15374
13115
1196
15838
26392
20218
2568
19551
30158
37650
33819
18679
801
20203
30231
16132
27274
31774
8298
2871
7832
18553
21069
24352
37688
4413
12660
29683
7076
16211
28539
530
25902
17445
21853
27365
2793
7186
23920
29223
11725
35475
23918
32477
2251
13448
19257
20977
20319
31990
32513
34292
21572
14045
21994
20645
36313
18195
19033
24809
835
35998
1889
2895
27978
7620
26521
24385
4323
12839
363
34982
34225
16315
18986
31551
32382
22555
31519
30912
16119
2023
7855
9911
3301
9765
11213
21771
24441
1579
36056
1061
10540
9036
3413
33048
34499
24648
4132
27615
9825
25564
22474
29900
33733
11600
1527
10417
3957
31799
29022
16396
17151
26274
1642
3500
5884
150
12947
13711
36374
29428
28991
14788
4121
1613
27975
23149
34599
2467
21564
36814
8229
9627
8092
18546
28065
34698
22040
10073
27820
26824
32403
13377
2067
37520
36870
30886
7156
4743
37487
17577
11201
14460
33817
26612
6558
1594
9836
20220
33103
5892
11614
36080
15888
12320
25049
28061
8722
22137
19319
11977
25560
11242
6185
16640
32028
30920
11205
11455
6645
37324
25249
23151
13832
12602
9307
30139
37509
4097
35318
31885
1374
23445
15652
12132
14303
2700
17240
26969
5496
3125
14304
26171
17171
11098
23056
16695
37515
6141
1588
6635
24916
12045
20610
11933
11909
7784
29663
7579
36359
30763
32552
9208
36766
19530
21737
1757
34560
32725
27958
30678
37327
11482
19634
18036
21954
35968
5927
30003
22831
21932
10996
10916
18833
16761
35538
12551
6835
16628
13960
2856
22769
35168
7997
36696
12491
30706
29897
17300
28992
37147
6802
36609
21483
8849
12825
29109
25947
33643
7460
24864
33393
885
19594
31849
15239
3594
7816
7957
37432
21550
31002
13605
5416
28713
30821
28715
31738
28988
1375
22638
10240
21186
3813
12233
5643
30869
26792
32432
5117
30785
29287
7829
13101
2698
33572
14546
24474
27869
3642
4523
7580
13508
34472
32191
12349
15365
7385
12585
24705
4030
1975
20094
13312
3903
1657
33938
24940
5096
22897
17437
20963
10226
16988
28134
4669
29239
14363
31232
35028
18550
5175
32396
30211
27043
2975
26538
22124
5722
17656
13068
8458
8660
36485
37012
25884
15387
28194
14773
22228
21324
31557
11420
11616
27278
31713
27168
26008
8633
27497
10092
12737
31537
23645
15795
7181
6043
6370
13247
1161
3236
20490
14528
4027
25808
28608
11331
26193
28067
26156
34373
9222
23508
528
35630
34033
8149
32987
10956
9213
26453
32816
29813
19209
17130
14272
25803
16382
15807
24384
234
16865
18355
22399
22999
2458
30841
16284
32916
16286
18573
36471
9253
2588
8970
730
2909
6058
29488
25711
36855
16564
18142
20455
28215
30319
4746
608
6732
15644
10968
15872
29055
26055
32589
17266
36263
23344
20951
37658
8292
6598
21891
30609
34733
21499
16265
153
31998
21621
684
14548
23173
5645
14425
7463
19944
27992
8787
20712
26024
13520
33286
16375
13592
19789
10045
12727
27258
23175
14480
33462
7224
23452
1273
29214
27783
6812
7824
8619
10318
1442
4156
32855
34452
24558
31623
16475
26895
17997
22279
34845
940
11406
3050
37009
6036
10100
20064
28917
20972
31039
36306
17856
13861
13676
13545
702
26915
7942
16352
3486
10607
30844
29253
12788
1004
33153
27948
4964
26041
6996
19490
6808
7669
31724
3689
13226
9747
15538
1760
15473
950
37269
11604
4871
13061
22515
5515
18937
16691
29024
33555
36335
30274
26511
16642
16456
31750
3117
32226
18448
21070
27633
11126
6782
17029
1086
34758
13225
8463
9316
7008
25528
1423
28952
14416
14029
9167
18970
1391
1656
1790
27818
11190
8356
34185
16027
19181
776
18601
25823
5544
725
35179
10847
30972
13332
23053
37207
1420
27851
5656
28483
36662
2740
11693
17604
4756
33379
31536
27144
8685
15681
4881
26659
20504
2296
7132
34333
26520
32416
23856
33458
28253
12206
5423
7971
29172
12992
2085
1727
12680
5274
3712
29355
27472
26934
15771
29045
7331
1974
23742
407
19892
20315
37421
12888
20081
20418
31765
28191
35902
19002
34623
32231
5988
21340
20111
6328
7289
36775
2102
28649
11775
21187
30868
12942
36966
2817
2265
4080
36960
1106
16460
11333
30053
25727
36309
16486
26956
4700
15637
5268
3703
14589
7182
7917
26038
31718
12120
29924
14434
23275
37174
19133
112
21264
23210
33700
20880
29430
6747
7565
26719
14779
704
13783
12984
22460
12952
35623
34320
11530
2692
15704
26365
27297
10357
12238
9586
28897
30758
21681
17548
14145
14907
22855
9968
589
18665
8202
7054
6484
20923
4348
10886
33060
25158
12150
37585
1246
7856
37167
23707
10859
13025
3686
35944
26048
34873
23329
22100
22536
23639
33252
27009
6142
12089
11708
18500
9725
5991
22442
30936
18994
36738
25467
7278
37084
5111
35520
2247
36237
20266
24147
29781
24322
28001
21890
10875
17536
33170
31292
34070
5324
21612
26750
34101
21823
18414
14846
5402
35738
25977
28235
27096
15499
37430
23019
23144
25157
7853
34416
23496
29621
16173
30722
21907
374
8209
35616
15998
33786
1507
3767
7430
31377
19638
3833
9675
14377
28881
10471
20585
11701
23429
33301
11254
13012
22843
3824
12345
33370
29457
19325
29265
5500
29991
5887
18788
11790
27439
30882
15722
13822
32391
19154
33793
9239
12870
4910
19169
23898
2823
20526
25107
11531
3941
4182
21263
24454
27086
7380
26154
1734
31098
31825
37489
9547
32977
33831
27373
12654
10643
29052
14608
6270
14445
9759
11674
2270
14364
11524
4353
2977
12497
35382
17486
30009
22485
7951
13579
5448
15189
31465
17027
3150
31421
223
35873
10119
14640
27514
9441
36135
31059
1286
17003
8468
33528
17814
15514
3245
23008
26289
37029
14078
21294
10720
14941
22521
17591
32655
31800
32585
29587
32603
4459
25036
2758
14879
35763
7711
16016
19396
20602
25974
592
24171
16793
17858
34134
15307
31543
19661
29234
11741
927
33036
19786
568
15327
36312
36719
34929
4367
5230
24489
24106
16588
7440
2997
30046
19710
20695
26858
37314
28977
32674
3599
22505
19816
22872
34766
2176
25656
21035
33268
21532
7499
37629
16657
12962
9637
5039
20484
32274
23292
2842
18530
24854
24699
32356
35707
30147
15492
154
28463
25488
31196
36682
20638
35489
26139
31573
20179
23256
9440
32458
20561
7391
18404
14355
11952
24124
25749
13896
18750
36438
27546
20439
15548
12685
20759
20750
11433
9365
15819
4654
30192
31531
30889
19689
25693
7315
25896
33691
1587
15040
14107
34153
1102
32845
11631
14569
23635
26254
16780
21096
29258
10209
34771
30648
17466
28597
16083
7135
13234
35464
10156
16533
24250
20350
998
22176
23418
25033
4876
432
32373
13405
21301
16929
26255
7833
29950
9205
2358
25209
36860
1217
26166
19244
22246
21151
30403
33024
37403
33876
31333
25418
31402
5209
14980
8957
13686
21260
14331
18131
7314
5178
36257
8108
26209
29684
22222
37127
7099
14373
29274
25743
1331
21432
8173
16064
23887
1142
10969
13583
31846
5775
29076
2267
15282
8455
34742
16120
30391
33083
1414
33013
18942
31599
11608
27571
9152
34503
20581
6255
33196
17669
21457
15994
12071
5504
33142
34346
9958
25368
10393
5672
36163
12662
