19831
25187
13680
17458
23829
29033
24183
19133
15861
14699
35858
26564
24625
5050
11939
12950
32748
23261
35009
28769
4182
5140
21961
22967
16647
1155
10546
36029
11707
25823
28416
4196
14085
12019
22796
28098
13334
21183
9876
8780
11973
18288
3837
12041
6850
24759
24929
9564
16842
13844
35582
7081
6030
6414
19011
28876
1207
13699
29949
36881
32416
10083
34889
31641
32812
36735
10256
16090
10960
3966
6144
5225
27300
20309
27375
29003
30782
28073
12889
17418
22785
3160
626
11783
24090
11445
34344
35640
30444
14344
10404
6205
28153
14833
9688
973
32303
10330
6965
20462
25883
35678
16372
12107
1484
1356
19917
26164
998
36360
6433
5627
18964
32405
17043
10041
35500
24463
25403
25575
33174
9490
15072
13495
30281
25885
2748
102
471
5093
2890
36285
8509
2830
14978
4304
8935
168
33904
8442
3304
8066
6322
27368
15854
17007
5727
13279
1210
30680
15515
17259
32168
29584
9556
16234
17478
18144
16397
24802
20491
5897
35014
13583
30317
32251
3378
32955
13787
25872
6993
6561
30726
5890
24047
16317
27944
5779
14349
7232
2760
9394
32256
32945
11729
4770
5606
10690
21289
2917
36015
1110
15222
14263
25407
21894
27685
36956
1504
19173
15809
14262
14166
3964
31042
33699
36256
24455
22030
19672
17877
1118
25404
27749
16442
37310
34560
12870
21181
3194
3624
13477
17256
3284
21402
26095
132
9306
15387
35663
15766
18905
24872
25665
31878
16623
3820
16538
25318
8482
26298
28360
23334
17991
20674
20108
3517
9130
7943
35394
24631
34879
19697
17052
12894
26309
30434
18227
3965
27243
5417
30542
17160
36864
25435
9706
11940
24933
26382
7844
29047
16091
3411
1376
1990
36240
19039
2115
36681
21485
36155
25683
11943
3828
13391
11207
15931
11723
7513
35205
8885
34232
10805
6622
37351
31381
2977
18009
16509
14172
24269
23389
1826
18345
18231
24561
31646
5025
20782
6423
4215
25630
19841
22825
25693
17110
6257
11592
35940
24350
37082
37091
15948
12254
22807
6150
33116
19808
14284
13873
29578
10764
16139
35757
5053
30474
28947
22245
14576
10099
3374
14327
596
20824
30093
18686
14899
15084
33387
1811
4219
30021
194
27621
36078
24240
22183
6277
16823
35390
4742
33955
29396
12598
6280
17894
10193
33742
25569
14488
27932
4643
31068
29902
16415
26735
15424
26812
35422
23394
36612
28644
9939
23222
16563
32444
3057
33446
36059
29147
1433
17533
5165
18791
29571
23565
17123
31618
22436
15746
22828
5134
34759
37515
35272
37581
10765
2982
2572
34771
11159
3434
30850
36418
34110
22281
18757
28021
19693
17039
7115
15894
26342
26184
12821
12766
31709
4773
23837
22631
24564
11581
2237
5898
26784
13911
12146
16294
10396
23728
22451
20315
19965
37056
8203
15053
8042
16527
28824
27085
12221
31443
25831
7785
16581
4990
25091
20558
31572
6476
8075
6654
15225
30794
7993
20184
31318
36537
6726
5982
27654
21843
24107
9158
3958
36728
13075
2088
21462
11447
25451
13310
26851
7065
10402
9076
9727
342
32083
4682
19545
31865
34938
34491
17244
33585
21970
31346
10324
306
36671
37422
14061
26746
36399
2751
17815
20825
32391
4113
593
24167
12142
10974
13675
29351
34740
4317
12832
18117
2439
35375
2114
20093
32363
16844
21133
14079
31539
6688
32173
21223
15700
27297
31854
7541
19843
8480
3159
24897
10074
4169
4016
5965
3654
2314
15244
26880
14212
1057
24443
17634
8617
8063
18890
9911
35832
28785
29032
33550
26912
21748
35902
23765
24942
28952
36569
10627
16922
13143
3924
7237
7229
9684
16332
3789
16607
25371
7984
7290
15180
33457
31704
26606
23966
37099
33997
9478
1710
17181
10006
20830
34893
3348
18306
28549
25556
14259
4918
28325
7834
15958
36263
22944
4664
2069
8776
23578
13215
7518
1952
29943
22622
17332
36886
33368
22915
11027
37220
34424
4670
3807
24498
14560
7390
4440
17544
3951
31555
17585
12586
17440
21838
17366
21975
18601
223
27273
10419
30937
7737
17038
14444
21346
29869
27801
21030
37665
2553
6541
16184
15183
582
1491
13955
18211
2461
26248
18868
1644
22578
18073
27591
7565
36589
20367
13513
14020
12503
3646
33132
17905
23674
11843
21540
14611
10692
24073
15898
22772
16517
26273
24593
8896
13606
8381
25807
27459
25511
34637
3561
36937
12604
4189
24765
14813
27771
13940
13580
14904
5564
23825
19673
15862
23859
36575
25115
22478
10613
22009
31483
21297
15666
2713
9002
9837
35240
34025
7393
12003
567
31988
24065
9695
19566
10786
25307
34678
9
4983
30504
10597
18812
27008
17405
25848
24771
10830
19347
8982
2708
35819
7077
22636
18825
33097
27631
2151
13686
10667
30131
29957
31336
35872
14253
24848
28819
5956
3210
30544
15384
33490
34640
11827
33284
24121
24775
27022
21433
21098
30827
16042
9950
28663
12656
4268
8965
30262
8585
8320
2064
11762
23388
26060
30968
17226
17731
17260
23746
29134
30188
36334
31987
20288
28111
27413
3632
11751
8328
27883
5193
16458
8764
28778
3380
8193
20655
32
24827
8242
17203
30678
3613
4312
26808
31415
13822
18163
21317
33867
7924
18099
13657
37165
13693
12759
13343
8551
10176
12797
2182
13912
9951
14517
5821
8713
32091
36978
21046
5575
17492
36152
3644
25539
12437
24333
32601
7607
28452
15726
7496
2691
2905
15044
1151
31073
22408
784
36842
14647
17807
19258
21944
1061
9339
34290
23628
25745
11738
28340
8148
24445
35514
9146
22752
1970
15324
22139
29343
26020
12145
14535
1283
15403
9568
20780
12747
23808
8616
32286
18244
3572
19828
36204
838
37236
31149
20370
18832
30211
15626
35469
14397
32160
8925
27701
1822
11711
12916
35126
2399
37321
37370
10563
6429
8465
10896
9106
21782
7553
19208
19972
26222
21652
31527
30245
36228
26393
7928
31368
23534
11226
2785
1613
18576
3493
17707
2968
35895
28740
6565
13410
28348
22355
17427
3719
37125
2652
19819
4019
15198
17382
14819
706
24591
7102
11730
10081
11587
26869
13371
21974
13364
22827
18930
969
21034
10658
31819
26276
22770
22238
36696
32456
7423
20056
17735
2186
32592
6360
20107
33015
1835
17686
10873
35421
19406
16888
14526
9474
8410
13489
18186
29660
7622
30476
7161
17330
32657
15272
30341
3400
16121
27617
33220
29675
31464
6390
6651
5295
15497
7507
37304
28849
12375
15097
12177
1754
3255
14640
14923
13154
4465
3981
22308
11292
2620
32582
9877
24442
23324
9404
15175
12440
24185
11069
36840
1022
28389
19043
1225
30597
19448
32575
32082
3969
18737
3326
23681
8837
10076
14195
6489
7353
35400
24112
1482
18769
23714
36895
19590
16102
7005
24034
25100
29444
5226
16153
6426
26616
19549
36534
9908
8984
11295
29553
36543
34776
24749
7781
14869
31140
24960
5422
1628
13878
9031
13547
28316
32164
5554
2646
28906
10212
30577
34450
10703
26169
22258
18793
20932
35225
25782
34800
8569
36414
4872
20340
12180
11351
19398
12884
11560
34152
16300
17422
33591
35114
25021
31901
8487
21964
5463
15838
34102
23549
18034
14328
4052
9241
1878
15102
361
30885
36914
29797
7758
329
14219
32614
35053
20735
24762
19428
15158
27887
4585
27384
34685
9901
23960
6369
11815
12007
27038
869
5635
35329
24055
13996
21460
26911
14826
26252
11916
7259
18898
3281
30257
7905
7218
21913
14191
29641
20296
33809
27344
22803
19676
33469
27101
9302
4609
21483
391
12116
13217
4932
32548
31591
5201
35473
29397
14510
19839
16084
31545
28915
36507
8944
10640
34404
36169
32494
33765
18886
17777
23500
30426
18829
24479
25359
32713
7384
2834
18698
37086
10255
19721
35908
37178
32728
27639
10270
20682
25229
14441
17711
15956
4040
11602
8106
1197
36586
3288
9333
16872
6231
29512
12890
21881
6882
30775
11428
1500
2555
24548
28293
27994
15896
8547
1013
14865
11258
25492
6445
14915
33602
15999
12320
24320
16112
27823
1465
3309
14038
22677
9597
1854
19619
22604
29686
7386
1169
22818
9913
31460
26895
23179
9781
28558
14407
7584
26234
8167
17325
17153
4977
11245
6020
22678
8038
10214
31867
27787
2698
35524
31370
11901
1432
21153
5369
32984
14247
35732
17455
21186
35041
28144
34444
32321
21657
11129
28196
30930
20258
6363
13153
12856
25577
13367
22272
10856
6069
29765
11103
14976
28836
2502
338
8586
9432
3552
19702
685
6512
9345
12815
22584
25133
2507
2744
17050
27019
19453
11187
11859
24513
26356
9710
18790
12937
1284
22907
26331
31720
19505
23673
26920
29639
28815
6212
4727
14856
2587
19550
4711
25891
21563
9953
13019
13023
30066
29394
16763
27690
14681
16195
5557
18845
21803
9396
11704
31388
5599
12942
34906
20570
2999
31962
10906
4200
37133
33516
37670
21837
14734
21479
3014
26242
30017
6406
33479
36919
30716
21985
33897
33160
16518
2168
32720
7171
9239
7791
1942
3990
14525
5850
26571
37240
33091
3295
13082
22200
16161
6843
31385
2140
20417
18048
32961
26144
15248
27501
4096
2803
360
22283
2372
9927
24066
25621
16795
35017
25304
8721
31699
1556
36161
7831
4223
7280
27935
8588
12902
13171
5331
16500
1961
21387
33397
13270
10043
708
18761
9102
26094
19156
1123
9202
21520
1708
8034
21225
1305
27641
32707
6722
6778
5944
28531
13534
24582
36643
23144
1886
37492
12906
23498
13325
32778
16643
37464
15018
36756
13192
32148
9141
24272
16668
8983
6497
36922
23687
11094
19113
10391
32694
