36097
30123
33820
22786
19330
11365
24034
7094
26776
21252
19178
22552
30565
2018
34301
12942
9391
5102
26636
20207
6959
29496
12747
2938
11834
36220
24520
34190
610
8424
7191
26595
4369
12918
13842
23440
29882
19452
10906
26965
19079
11562
1980
21199
22415
13083
28112
35632
23380
35706
21870
29339
27060
32449
1798
12921
10173
8897
18983
4242
22062
26235
11044
10798
36053
29410
10927
6769
12189
13881
3673
24523
26722
16811
508
23209
17125
22538
5246
35699
27798
10593
29846
16706
2411
15965
3889
5194
25670
20438
7301
13188
24991
14749
28091
10660
3453
12353
22633
26322
37440
17769
27126
9630
10605
17010
25597
22105
321
3859
9394
1000
31640
18672
19820
30090
34182
6709
19477
26165
33582
30462
31548
14906
8037
12314
10714
20365
37146
6617
23128
26090
18055
37504
4028
13752
20985
15701
30170
36616
26632
21356
33103
36016
12290
9232
35141
3929
21714
6928
15552
21970
8926
16183
16148
29950
29457
22970
4488
17840
24783
28764
21779
5021
6505
30819
20826
36245
7187
35177
27674
1829
399
30574
5384
11417
23675
16464
1561
3845
22522
2277
31736
35651
1785
11960
25751
20128
28405
34348
18138
23301
11661
26699
13382
35853
11705
11740
18032
32424
32792
14918
27092
2446
32126
4557
30188
36118
12814
22767
2161
5928
10797
22383
36108
12073
6904
22898
34901
18785
29448
3777
20482
12279
4128
36445
55
21751
24849
37654
34694
9652
3561
28347
4678
29471
12000
30143
36297
649
13629
3512
21794
21333
31983
33531
31676
14601
3642
17664
9701
2622
32158
14155
25913
29051
25113
1764
14828
510
14166
1052
12079
7369
28249
3595
28488
24317
32443
31168
23862
13927
7524
11549
13903
748
36466
36347
33014
34305
3027
16101
33917
22499
36731
7863
33961
16921
1541
36494
1892
28546
19604
14734
25950
20839
19548
15122
31977
26764
15488
26940
29394
37021
1340
7384
34988
13392
8127
6255
27531
27877
29172
9475
3366
29314
11747
16407
19831
33158
35125
6989
32347
2617
10224
33200
22427
23123
848
37506
23205
1543
23008
6864
29664
14985
34892
18286
13997
14573
18995
2670
7068
27828
13570
33019
18054
24413
28859
26770
19665
2709
8251
12064
9917
23920
16932
30428
6027
10087
19974
9289
4823
11046
12617
21117
12568
19914
2428
30229
19776
28414
34262
16090
35786
24850
2778
7198
11578
20618
589
12570
21618
16174
8691
32699
18433
36966
32352
8072
16003
4479
3538
299
23018
9429
34798
13767
26761
20283
7297
34244
17390
17087
15312
25854
604
5961
651
22309
24843
20915
26451
3703
33508
22365
15833
12453
30780
6410
20305
34104
17247
33347
4119
6183
30246
36751
5446
10971
737
22841
34668
5959
19194
1610
28095
21076
27758
17412
24804
3654
14939
34056
1598
13315
20406
22651
18114
34778
483
29424
25014
15492
33365
15866
34334
15762
2071
32892
29295
29098
28033
30660
30035
14656
17455
18456
10579
3405
4739
35969
3177
15279
34363
15141
28835
32704
12766
14789
26328
11168
33587
14504
24780
23745
13380
37061
5944
6120
31075
9800
26946
7396
22565
10609
23537
6095
2973
27575
13551
9414
32639
21017
6901
11276
19032
28577
36806
19861
30273
1772
2181
18131
12336
34918
8019
10322
25237
21810
7045
6184
25168
37204
27447
828
31259
31324
13212
8273
11218
15842
10606
10529
18845
37379
9118
30238
31387
10758
19663
24258
5638
25341
27709
5466
20374
36705
6886
2845
6411
25612
20912
29633
10737
6504
31688
10094
2968
30606
27089
34775
12476
6261
35276
36185
1186
10981
422
4159
11746
16819
34135
24841
27900
26656
18482
17815
13939
29807
24490
31815
16375
14137
31660
8688
2157
32405
32785
11370
36412
7660
15688
10158
25376
27002
6110
3872
11941
12802
31434
4943
846
11882
29879
35944
35133
18495
16583
22632
30758
36600
36822
4071
28497
18036
19335
20042
21182
20454
11880
6967
1004
35534
23480
14273
26989
8547
35669
2261
14446
23152
28159
33777
25328
19098
12448
22728
15669
29717
8991
8942
34342
35899
10325
156
7936
17550
30752
37522
21223
14237
30243
6510
18264
1417
34349
31684
17660
19064
10534
31461
28570
15618
9451
11123
24341
22681
3126
22876
33179
3232
27883
31546
35209
12388
11832
26277
24066
37301
27532
7965
18617
17878
2595
12385
32208
28503
28333
25119
18836
34904
2613
33710
21108
2854
33622
31013
17161
17692
22982
20254
22925
8061
19894
6001
8867
21976
31420
28447
31768
6061
8489
20421
22378
6493
8620
18328
31180
21428
11923
12002
21109
31340
16612
26490
33219
1236
11063
32796
25977
2606
29636
21256
2575
25124
12337
28259
4695
15830
2347
8449
11362
24128
137
9676
1001
18852
1071
30528
27428
2954
30302
3599
35615
37264
18918
437
22489
28549
15647
35948
31658
9956
13639
1343
35227
2614
36260
3664
23787
35472
31421
35132
35318
37528
9890
33900
21249
6905
7576
18069
32395
853
18123
11075
31181
18731
3436
23369
17449
5190
9947
16928
32165
36780
37156
31721
5309
28811
13638
11215
20461
30567
28322
23851
31472
18837
9607
26958
28375
32362
34397
10950
28219
593
17378
12914
12639
20606
31750
33473
2788
28904
15298
15600
7097
14013
13993
27139
17296
31062
23487
34639
10803
33862
9892
26689
20067
35331
8909
5193
7461
27241
36030
1435
12516
7220
12325
25038
8458
33352
14834
5910
28113
13478
6291
4720
5459
8893
31269
13208
18903
2214
14967
15155
28662
20620
14975
16628
25338
19651
3148
17287
13669
35965
32023
26258
21391
17402
2206
8341
23589
37316
36203
6918
24223
9283
18083
24152
10781
1949
27186
15883
17200
36785
13063
5926
2063
33181
23903
36359
21654
35749
8574
20286
23767
7680
18545
31083
2640
9324
37497
17000
1850
22890
33769
6487
1357
13632
5240
8078
37104
29407
13027
20836
7109
17411
34608
30006
34762
33887
9569
1196
36438
14795
7581
23306
5224
23109
17194
18101
31491
32745
28753
20797
29598
18697
34402
19848
19809
24006
33466
24446
37323
30956
16847
1412
30371
19012
23995
9990
5297
26720
11784
21139
27614
31366
23623
21257
29974
23129
2472
12991
35865
21526
13905
29036
36502
28481
30693
7513
3016
12420
11058
4134
14850
3683
21189
28403
17277
19727
12339
18297
29851
16754
29518
4796
29133
30685
8775
14638
35501
28949
5588
6009
5361
9620
25272
9345
37051
35353
3191
29007
6188
31827
9606
6028
36480
31976
14190
30351
34200
16938
27827
5109
6516
3386
23633
11350
14065
1933
8190
7817
17256
24979
22670
18233
22174
19303
37291
31551
37508
37125
7163
32911
25248
13359
8420
31801
11080
34616
11239
4005
8581
21400
31084
35921
15577
37018
31949
2167
34024
12778
4636
10661
9685
27494
7303
36643
8936
6554
4600
33744
16624
10577
19341
5952
32842
30698
26112
25052
27591
196
3189
36514
10896
36339
22052
17833
423
17016
30934
4079
30465
12247
23562
20296
20930
13016
8512
25045
4586
6194
10920
4244
15188
24281
33457
22130
20426
2697
3541
21309
18832
32765
29604
10247
35241
32105
11273
34010
37471
14528
6840
37128
12151
24859
16854
18438
19923
19567
34497
5608
16795
26676
22040
23664
14805
971
24332
8850
13425
30543
11021
11938
8163
31783
9066
6079
29850
9578
14852
15695
32330
35312
1659
22433
1943
779
18023
5967
35643
23265
30020
6341
15870
33513
9261
21351
34781
20104
27810
10576
34603
20201
21559
34434
24119
35080
33523
11184
16631
28629
9999
26661
14315
30852
15678
35273
34698
572
8232
29945
21868
21055
31217
24237
20552
5025
28182
23041
19707
30173
6262
36980
12055
15950
26478
31312
4295
13736
1298
35729
23931
2073
16471
1460
20507
5052
16971
36923
1446
25447
5095
29946
17230
12933
14631
30747
140
12708
9939
16786
25238
25576
30990
21078
5285
24488
27012
10672
35370
34768
17052
19322
35417
22618
33789
21113
1467
34702
34396
31009
5206
17775
3901
6986
13384
30520
34325
26096
36700
35409
8830
17651
30179
9444
29773
37624
671
2558
7772
10440
19355
552
23583
17678
17207
1098
26747
37496
30652
7034
35521
33032
7517
18943
12739
20828
19644
398
20539
6581
4683
4884
24987
17829
31061
7495
4257
1706
17102
14467
8291
8140
375
23232
32518
10170
14807
16922
10041
9550
29393
28704
29541
26564
15071
29784
19446
37699
30582
17999
37463
26263
36164
31823
2
11825
12360
11093
25870
32801
11686
12266
1602
3043
25812
32101
34113
16465
29726
5617
25947
8456
11574
9117
14839
31787
662
20627
33085
12321
11879
30127
7590
30645
24674
1867
34970
8519
10269
7651
34143
34581
33907
11136
16567
28953
22088
26517
21317
4419
3496
31077
11633
17428
13177
19729
12867
34536
5014
32574
3969
19197
26746
11903
21499
4829
17781
7435
20135
22437
22957
25181
5062
5908
31704
17576
36908
34272
9558
18449
34120
19599
5591
31244
14431
32945
4608
9350
20956
37423
25995
16871
14837
32270
35778
9562
30424
7149
1025
15109
580
5996
22474
5086
33555
27267
19811
29324
14844
434
10036
24969
28148
22089
266
30388
7140
15150
16428
18969
27064
6022
8094
28834
33099
20096
14167
6536
4724
1201
31100
20526
33762
24639
31296
29789
31040
5924
22056
15985
24239
31986
3695
9486
4231
5761
15781
7230
2720
28242
18068
4965
26843
32557
8176
32130
16891
26604
14955
34243
2079
30654
24310
14039
1839
31305
1261
7868
24360
16720
16830
29742
33476
28886
18371
9690
19743
10790
34410
22246
27611
33195
28998
14527
