1007790
890444
930221
107433
636147
373961
1294362
1516097
1077688
1337589
716969
1168081
1107431
1042010
493046
452092
1024681
857396
637882
12955
1153095
1037111
696433
818623
21403
1443828
1092709
552385
1371987
560255
832513
478441
572730
75124
985246
278975
1473833
893290
1306204
985526
792270
340077
1070627
292019
933536
475591
62881
726708
135068
1409355
867863
1083440
908906
781754
1134252
198786
580859
268363
1355219
1508645
827039
1549368
220338
714645
88547
35037
1230409
977306
821218
763556
752347
1456748
609493
472792
638073
447778
279525
1296651
185625
178220
715092
1431578
41949
1397616
447112
1509036
1074180
668248
1253062
1294393
1470997
72321
859001
754109
1129136
1020226
549198
624719
843522
1068305
936526
1149273
1397986
1010415
268510
629595
1425069
253660
538526
120703
1452611
766899
1140526
370267
212196
1018850
1037107
725434
228472
1272792
737721
1422677
77738
1105917
120925
161083
1248095
1257161
1177111
402745
460895
411798
818261
864231
292611
1445348
1043206
1318440
816103
1418999
1152359
17062
834036
1261250
1478583
240459
641185
1147231
1255476
1465003
1402880
1089851
1476892
1078716
1078323
1295205
1378273
356711
1242526
199830
1624808
720903
23801
591924
864533
1444113
908090
530799
11326
850880
458708
910318
252683
330817
650505
515054
792553
841659
1328804
769011
682734
453562
822217
124345
1145479
968850
230809
906059
334889
1093628
80016
515050
725819
466429
235296
328001
983410
1227811
615485
239975
787567
1163440
510007
1186878
309837
1290232
643200
1034153
269281
1193098
1039006
1322847
626142
788835
1122715
268915
807136
1216255
1144653
961876
1287197
537354
264301
856902
935448
459808
261043
469758
337136
943909
1325
116970
449411
790816
1323682
863472
907746
208273
398879
385645
13550
147682
586259
535551
674772
890329
140446
1111193
601625
1103641
362687
1322939
768252
329561
116343
1336537
1038063
122901
807588
280741
190035
583055
709165
736844
625153
426908
193374
1393804
274678
54569
1024713
687459
20342
183309
774417
219370
670116
770057
1471926
325608
1047491
54621
303194
822537
29884
138129
356189
129917
464668
537370
722229
158159
352207
466087
687255
1538438
489656
490452
1498534
1201359
702051
1386112
1283463
1057345
746470
449949
717455
352326
848016
1046407
829078
1297426
355255
616767
451965
1541955
1204882
17115
788199
902221
979353
927319
680913
790063
29950
275056
1611816
191508
580296
1488103
657727
1049785
1523767
700660
161743
1010703
127358
634267
737616
1212815
479846
964680
1335397
400045
316310
188409
306468
430115
1235026
940531
1592398
1244330
973549
1288280
1602195
803299
344711
1167198
430617
1335154
1052500
595165
805547
18529
1036072
30064
133597
1334406
1109912
1220014
899294
1211448
657355
677709
291614
1285116
871338
485576
779069
485866
330357
1207062
917987
210058
1111123
656546
1405659
120899
680961
1320877
664381
751587
564843
83097
110330
1055642
476077
74199
628851
705575
479701
882523
52371
136476
1455511
1481136
857196
1304489
126289
1566324
1435953
261148
663690
1438856
234691
3765
253528
558076
967322
196592
193319
974716
492334
1447639
1117499
1382523
1221345
846695
1614279
902688
1291
358278
293507
706140
172120
559110
1505950
1309709
116208
1329972
345572
910760
1436558
521524
141642
1106909
889878
963277
733796
936118
705062
13345
1258372
1540103
602451
256504
467038
802843
978371
385406
1061068
740672
304112
1238430
1357817
155612
651152
1557286
1421849
232569
1019960
802784
1225518
311402
1439180
1446550
733935
776534
1171617
830012
805812
158983
161354
180103
127266
572526
1514785
785477
292489
40424
1200203
936635
567850
612214
1042089
969536
1485593
816584
1269310
268472
619607
378404
1470461
1314758
105254
1574413
866920
256411
533047
147373
1228346
288382
655905
875105
551876
1382004
143906
1587606
23031
1049812
4657
1319059
1599556
1306387
1511329
762917
877409
1164811
758657
633651
1340576
1085375
869503
1316767
1073115
479307
315167
556189
1023792
433428
750650
127392
876137
386998
691396
480781
78952
1037070
1086808
1160403
1150
1368526
606691
1177902
1432911
1409191
234002
256571
845380
829234
660564
1284456
968204
970251
406481
1286320
435884
1250713
621462
906011
605403
317158
204486
1164563
14393
252370
470434
123249
1510246
147743
1014367
336854
41300
415626
1503658
1600462
1468611
706321
288717
1452784
1530034
651056
907173
1274960
918592
1435405
778874
31630
830623
181539
1151531
723682
851585
791834
1574933
240836
105838
1309488
1083101
1434698
1210099
734023
824943
822808
415430
673072
35361
85935
1392598
701071
430508
1617661
412165
122838
455281
490847
571766
283424
219116
503707
1370722
501148
1613812
705711
1560472
1500470
406304
1297483
1381467
1058246
1616682
599953
1008394
1000379
165602
1031773
397188
272154
1241352
1273574
297365
200697
1466577
191308
1272499
561024
308840
369887
1184395
1313257
1479960
721564
400758
183139
862150
1420636
1210663
190543
476467
160566
732397
46780
300795
132594
1458994
1139803
27182
769673
952303
897280
726937
195934
1014593
778703
791805
44163
1274334
694129
1366806
1102037
286131
1169657
1628067
6650
1575882
78774
805020
559662
438420
192684
263809
248202
564241
1066770
935590
281
727145
880780
331539
690496
720291
62087
994352
76747
1072696
272987
549423
1479778
665752
110753
402823
16119
860170
1080788
1128048
714051
1424469
1293307
1315947
892720
725388
493725
589062
1399626
915477
1336422
173638
1179487
261963
1630885
1397501
1498432
801216
1087164
218639
207270
1566486
922455
284373
517510
78625
458760
993892
980312
1044280
1527549
377029
1217185
856058
1092543
1133707
414897
1159272
16298
1583528
1210188
1414244
1024058
987868
893726
205111
99724
1539086
717880
505608
1553767
1612483
179907
372571
701853
707408
439616
987507
274402
1187295
1191797
98174
1120854
415974
927566
1300387
33811
495263
837633
373813
495208
655832
1597893
1116603
578597
770839
1318177
675952
1088687
316789
1343918
773023
1182447
447208
394412
123280
952315
1265817
402297
1275323
1075886
693162
1237977
568750
724494
932931
363729
887168
1074695
618804
444027
1457575
717175
214170
343279
1269879
152488
236141
615387
25655
631262
771700
1225722
895401
958206
764385
246016
478606
221413
649502
819711
22358
445137
278773
1144157
1512502
1263806
1154690
602318
370936
408103
26982
874103
711581
418120
803213
875886
1467605
253920
422077
421437
692242
986551
13613
1266274
736561
1565830
871359
1278206
313747
1180316
489650
866287
1359636
1121940
384053
997733
689817
65855
397783
172465
1238643
1124626
295480
757798
947058
166367
814198
1250922
935125
1282416
242119
1212470
417288
1195491
155
1221295
436031
150090
1458678
67864
1386052
1543987
613815
537944
109325
93824
1165462
1243286
690878
1382528
556691
540248
624260
1319530
322838
340498
1265147
458221
1049514
940127
1076513
291854
1308368
1260291
1232778
955731
1377597
1226815
190956
1122675
537885
822662
732139
181100
1552905
1202247
1410073
208708
64256
397289
109386
189639
309560
238039
1158291
279751
734243
815870
1114941
543410
663027
769305
38575
897943
330218
846091
1431742
770640
313643
367915
1190765
376953
311947
249642
421022
1022132
1321553
174111
872118
472307
902095
553079
1105930
672485
1341883
1463290
1610794
1100807
277194
77877
546008
1091604
401498
569902
791016
1601965
853053
251970
676210
1110125
669023
1173384
334554
69621
1089268
248350
838244
81857
225355
1200015
1565066
57516
555658
464896
703382
296074
775522
445946
563638
340659
787235
41631
1457510
334675
756698
1026550
1282240
624478
139019
1340060
1522692
1291376
824785
33584
1276933
202516
1496939
261583
32643
149248
723654
1604901
1284677
475154
506263
923097
1139227
140656
1066940
809911
723564
953036
1152552
439359
857335
1087496
642435
1306335
1275485
1103347
782457
1290916
1424611
234498
740121
1580353
700521
937242
1173836
1241699
73281
57873
101432
1333719
1080169
159329
1248837
102405
510555
1111187
1117055
1097512
974633
676226
264572
605915
386480
14204
195132
870692
859259
1337384
504436
926524
1395483
402261
927375
1326440
1117855
61653
830156
124060
364906
451748
74228
456455
853989
484771
304527
957371
631683
1114243
436761
1231040
339788
1329396
405574
574806
473867
896086
18543
67568
1289881
34008
1472076
58109
407746
479961
535169
658819
664751
1416717
1367776
845039
320994
1296046
1536657
1545597
662487
1244105
758382
1150141
1102309
1419570
789641
80235
809354
359489
33518
1468694
809982
219288
953021
969383
1618587
707299
479424
1413472
317831
968676
93807
1089464
29223
482267
313881
624061
863657
1244740
948630
30941
1194127
661168
1578625
830044
265237
829186
417040
813433
1196996
225450
1103135
408678
20021
277007
1202808
44833
1520007
680465
596466
662417
1165921
125230
244773
775241
1059637
1310722
1014549
796744
1213694
1286304
1258133
192429
972144
1461922
827456
957027
279355
806400
20812
462659
1237188
1307730
53010
411252
1100735
1363837
660365
807827
903111
326583
486044
1039735
526412
1025928
1195229
528539
630123
817292
634476
1086906
1211853
1469366
877052
1349999
131982
1329764
1445626
1289417
1133344
733635
47418
1283398
465423
1447427
1080611
566876
373828
6436
799773
281613
187468
762154
1196608
1234648
120223
905358
1542638
232186
1194122
1069342
1198048
448865
524692
921763
844855
1411246
1074041
486538
916895
620643
262445
1237122
1243236
1054869
1089693
1544987
1073168
1326025
105601
90965
1057637
523339
835064
752134
239305
62804
592256
1269021
1293641
635106
320483
1066572
329764
946540
1061166
1318774
1529178
179212
1150820
811168
64075
1260100
1125372
1137266
1388827
1591382
1165711
1208456
113813
530989
941963
445184
1190738
384164
733089
1541778
96597
342983
888454
740636
659518
1158890
1210229
683589
156015
1352362
962059
88347
1172001
826584
14967
484172
681244
239477
227341
1511434
646745
1145420
1107234
312302
1493420
1143596
66631
884283
987674
631793
308474
296900
1532094
192817
1064320
844373
83721
61945
945865
389053
1226849
1327520
640329
769456
1098848
1115280
44506
1478231
1615
340004
1009681
934148
11658
1256159
1415380
521057
470009
1552136
1067705
319467
482833
458997
1346183
1035513
1205692
1170881
794613
1250419
120138
751873
183717
450524
333279
172194
1049837
724909
156854
444461
1211393
429270
684521
269145
788291
719675
135755
147650
834931
510582
428076
1189957
635354
711371
386190
823154
535619
439673
245845
1428928
309589
397636
874889
198070
58290
1045710
47667
1251017
706780
526036
1218283
1205468
1248014
919480
461364
609501
288008
727355
1347685
319239
1322742
941263
1550403
179245
253791
176108
691251
1585029
1062286
120468
1139512
435456
1453400
352641
453027
1367922
801536
310821
82787
908225
1215025
714615
392704
279372
1307932
445461
1389211
864313
1227206
368840
832774
506383
1476099
1035455
185075
217907
844579
6465
1009724
813799
956655
931979
464875
1320931
1312224
748841
33313
314628
75775
961843
668664
451149
1036798
1539665
207693
1056592
546398
19945
16701
1209187
235649
949991
1214814
1368239
795113
935249
1197092
26568
166169
1414465
567130
567968
1177412
995334
275777
54115
1456937
980870
1197524
647907
207862
423576
229173
1366425
1128712
1120113
439583
855572
759374
776756
1130572
989415
1029576
118082
1032976
254659
1217034
1238705
421294
922779
474199
959089
113549
75141
432609
687096
1062845
397105
410202
900020
119786
506639
224077
77681
1367846
1351507
1068985
976088
1024119
442419
1519127
1126587
651041
499823
795327
823886
574381
536726
713938
1134975
669439
1540135
1107379
959756
980092
720343
1129040
331906
98259
816965
517862
382759
827580
1276171
152862
512141
964516
526568
526105
127993
616594
86104
482147
487368
538392
1326967
204794
185350
468812
573211
1123365
121662
525293
1459091
253797
1381535
483335
1001147
902172
1159009
265850
1045276
923705
537505
169839
472760
350941
692090
526988
393781
223203
1045861
1026880
849369
430449
163704
197201
342416
418513
212932
754344
25806
836159
768740
1403611
685767
561910
1144174
123609
1319788
435135
1021137
1542794
440292
318559
447023
504975
383668
1453953
719860
1515368
610123
624574
236326
528231
608555
636352
1488424
1468382
812254
38065
432396
1134597
1061212
515716
599826
634340
1181316
852102
313931
689312
638072
830157
426083
211915
1398862
1140684
806477
1605883
303202
383780
127896
1293003
568741
345939
950944
1020645
524478
427493
940996
1108018
383565
1086150
583874
515878
744248
1513325
676433
745011
684794
1050848
937050
899555
602685
1012419
294191
189906
725644
325076
354797
1125257
4357
37955
785942
667426
1581306
478519
1555044
1105085
266402
821578
700627
500625
765646
247685
418052
1240206
400313
682503
658151
718833
1393909
1454815
310838
90545
143627
662177
898683
154106
837871
828812
375557
1312198
284696
1363347
404518
433036
1347741
155993
1171932
80124
1101619
666178
1111911
1447165
830900
900358
1207950
498658
1083428
485288
740655
1165944
1070145
566254
730424
626061
406146
130772
858787
1086580
1466638
1049639
518074
961154
596865
304380
717156
874272
476199
1558179
370796
1189721
319086
162702
410299
649638
1006772
854835
1006524
1290446
883166
817619
1441300
193658
569232
278682
1370521
121584
396292
178976
402174
304247
382932
83065
378459
932847
788799
361045
380312
1238091
1023045
515052
560128
345750
777034
1079395
400423
1115127
758612
323139
1504729
120302
1103557
387289
86438
1419594
459186
1347606
308972
354236
222420
173709
1411587
520707
46715
1318313
221842
1320729
30695
1151216
1106829
349552
861662
973100
798294
1036377
196496
1322438
1153765
366744
62425
510486
171101
380809
34382
77509
272227
1015886
1371823
168623
454490
439125
216400
259332
1217568
1277653
298554
150080
881402
137067
311746
1125894
799293
1063113
1263333
986987
72967
1555149
730559
510048
684036
288877
868229
483662
493717
327945
215917
1458173
660620
583271
1211918
1398918
5574
395058
1055868
907295
777541
418271
1294977
335697
153392
292589
334773
945353
841754
1412340
1468210
500396
271093
696426
1015473
632561
1149489
810169
906894
663284
910686
852591
1285274
482629
1077098
970434
1276151
952052
190235
572104
722238
1194007
1032368
656047
351311
416329
1568285
90095
1509548
993166
1454182
495039
1184467
338111
192361
882674
210014
543502
132390
1549407
611032
1316887
499658
829816
1601825
1435407
241159
1210096
425316
1170460
1530564
1079888
954860
1077778
432858
561640
884920
1244502
58417
1177815
445854
839724
17344
1052346
317139
186981
776505
1569588
1370514
998223
1602557
1029239
1478068
1120371
341591
260793
547929
676605
1359916
233392
243518
208333
147838
670390
774654
973735
461626
216576
1051777
1017063
1536263
474205
713586
1128326
1370920
710528
718469
948081
238074
840011
612615
1095847
1464984
891207
792006
1449852
662922
397736
180665
323399
1018252
1050579
815862
886618
1274337
608554
753476
1159572
1128541
252739
627684
247256
261993
367312
592299
1585332
1273530
1176064
1259538
1072782
638890
1447311
909643
58067
1266090
969037
424393
1152329
782555
1623405
330096
414755
597891
352873
319479
580418
1045432
1244657
1117308
1122616
846416
1412731
56134
641065
299249
78017
1126413
1125842
1393199
202554
1073701
1232495
1418180
530317
1041438
175418
1241106
51989
157671
509877
53913
456234
823573
1333915
955323
407370
349102
503642
34577
1277814
1259529
1490942
965405
1239149
51428
744325
1303503
409280
852204
375212
922973
493248
886752
268793
1378012
1115975
876929
513657
1421353
208779
12090
833532
266539
38279
594861
1358938
747792
1183187
1083045
1203358
947940
1051636
833541
1255017
694461
708286
31298
1597993
1560458
659498
1198459
565830
385146
787159
814487
1130974
115171
944684
765663
853770
104452
776169
840487
827071
1060583
797994
173976
948311
256218
1116667
350409
319076
890921
1095821
42976
1293545
153638
882604
382197
1621380
1085881
982949
1012628
1451724
414508
150727
165505
896079
123984
631516
848014
1167013
836206
148349
1031297
151764
1247307
1077126
575943
750265
542129
669358
1116301
301918
1550617
824871
1264607
25662
1578785
1251489
625474
1565224
1099082
29519
227038
998495
1180016
609377
1144727
1077345
439864
1212519
98818
1064087
923581
429831
340384
740039
1131724
82104
690400
28677
1046455
696801
805501
116422
1201966
385687
272808
82681
1249980
1512149
1115327
1612334
70186
171967
49043
864337
284500
67972
433119
1302610
1595271
11910
464608
16207
915655
177855
354038
994103
69121
448906
365081
1090942
92177
384388
1171411
769778
43716
37744
472898
659519
844434
469147
13501
835513
133783
422099
1061445
289925
521470
804600
626044
79625
558425
1091718
290270
969271
725517
696958
742550
536140
1205884
444283
463166
574880
1152978
1205550
723952
779716
710316
1040388
516443
753955
530310
815998
1042486
90754
1269270
1003029
438367
1311171
1513107
1495753
315394
996541
1082770
871763
641082
266330
152082
1611354
743022
1336141
296814
969167
1069920
969779
624690
385781
421663
912966
676078
1068595
90322
662146
747157
477674
277283
326696
859196
438397
638564
1229656
1086830
468760
1080221
781602
1068563
496504
1125180
1498537
1563810
827320
1372326
488742
1365003
111363
646868
818152
668022
1019856
455347
60545
590851
989342
1359639
410276
309818
907007
242052
1264908
617843
578551
29
376517
1274892
449238
1262911
1246579
1317909
916968
1245104
1401116
1111799
196055
1526376
319245
40170
1092040
195323
403841
1328623
1125669
915871
435947
1048275
294287
1808
1272004
103159
1226471
2803
490653
1147045
1411922
689786
580421
83250
1365219
1281645
387278
761477
968397
683512
509285
396484
850891
113159
397505
1790
467928
511559
372308
1207401
1453805
143510
701137
511115
1153119
473368
128698
1540048
143520
567337
807152
1142073
428835
1257207
295237
1033988
1465554
783584
1545904
1088639
515718
898544
544468
724335
524010
538193
1161388
1269952
1327236
101046
1070392
561133
800179
180574
414073
587573
657939
1456724
1587387
785995
1425627
617685
1411296
74969
1354180
1087687
486658
996719
676326
1080391
19699
133142
661029
1499158
1207747
708520
1515614
1385868
663792
1311582
424868
409338
956722
353535
397079
1288797
725828
1247799
1522080
683909
1493968
1563725
875546
1361008
796760
1021720
80747
566459
324010
336063
66749
219333
1028251
857703
1349914
186307
1116548
817605
1583699
828241
154393
579242
1136968
1192903
560376
1478296
1441079
494019
854485
1050355
1338172
407326
279720
464641
1303681
63728
561171
1169570
217765
453885
289396
261260
804786
1379679
173068
1556541
735494
514318
513562
1365678
1361894
267117
610033
1098356
952691
201989
519653
966487
842602
1047414
338356
1053231
672745
146075
492390
372949
1018037
569166
1437333
991584
328006
284561
1045930
25844
322206
1134909
4584
703576
704941
1125869
680896
841520
1209466
62103
21419
991985
286372
1480458
1024267
1238276
118744
1373144
1552991
1134724
200442
1518465
598317
617783
1198358
1472035
1411748
1407921
67783
949938
47022
492447
831607
805900
860441
684538
445691
249885
181667
801214
869039
930645
1122522
387649
880946
982125
1120311
1328994
1237675
1299780
1513395
1090037
1124945
1361222
1374414
1058374
801057
542044
1319061
1222883
634147
870748
895468
614148
743437
1512728
796468
313860
584400
1275968
171945
287881
1230373
962210
996162
768130
254066
1062294
152979
1405191
537583
706001
8173
1307757
16579
210005
641641
277306
699045
254062
245546
584247
961801
262595
682723
796142
483997
200868
1338919
1494064
346487
1315109
138082
1421372
1451871
832469
364231
1246854
542172
1013975
651821
1413754
33003
375513
650099
1092813
9576
322660
847811
1327054
821046
1296313
1228073
116548
679330
938155
1430535
547221
201241
634874
1494284
669325
925065
1589861
171243
223385
305881
306594
799178
972420
820772
428792
127239
423862
852897
1359293
1033253
141448
390983
421067
706086
1105579
1467260
314139
130983
318377
1278775
1456471
1046349
168124
929921
212710
686332
47455
89922
1331948
87498
347277
547065
1123390
788230
911080
1256428
439795
738166
1067354
588207
1171162
301528
965529
1444170
1006601
289472
176995
787988
169946
917293
556960
421020
402791
572041
7352
1166457
1066381
89798
1421638
1509076
242784
937752
27012
141975
1189119
1318760
440374
477774
1027174
1348178
440137
1062922
1187511
1016843
702851
1470837
1071632
320284
1530392
870027
322870
1041186
346624
1413501
140740
991333
1491584
368511
890460
1060103
234047
164690
768513
1558353
1157585
414993
600511
819479
1525335
450851
69845
454951
1073032
1266029
597549
1148408
467890
555932
175193
892991
1239
1087339
1596861
385387
833752
1455447
470413
257352
1564465
1569968
293093
1221131
7024
714639
462494
1233936
629446
6514
43595
1101117
855827
1220289
1449409
225899
1297974
983735
1513620
646948
304071
1497231
205581
84738
1186159
592728
1385910
1335472
1260851
222528
1306730
109259
1340375
234249
1545550
334530
226113
1523425
730144
890043
1071910
574377
18206
290210
1599320
594166
879323
134626
966267
28378
681362
871885
328619
830584
132806
316852
1150046
130353
565597
137045
435547
1578565
1398921
444282
1076818
663954
838492
292025
806800
1350338
341133
1250092
28103
1127565
812029
369655
32634
184792
1090206
382757
616777
225316
287991
715786
933614
918405
1143951
413461
238325
687680
1105146
1255055
1562730
847354
19495
114734
1619791
1127485
559681
1134208
685639
856463
1276418
1280945
968268
127308
760506
996920
1088872
415117
142063
565158
181964
199597
37554
1374927
1488191
767048
449635
964295
127352
948061
1229230
725377
271533
1308740
1318925
620347
684647
1589775
247642
1235972
1603964
588045
182693
827968
832099
715374
622431
762180
692319
965141
1468367
391621
1156514
1069461
258933
1325317
606410
212730
1482770
61944
755279
446619
1486721
934137
955934
312088
1746
1233636
65622
753782
1065591
1579220
1417588
1061966
1439477
267312
622003
1221217
47673
429311
1088343
699844
208440
1048107
531504
65165
66311
392307
561236
593407
332056
284467
1039655
93524
714043
873177
1464873
1125760
199021
1196521
930868
762749
386722
597322
1416026
1119815
457402
453126
732770
321158
1231637
653938
853435
157374
1536207
1211537
417136
135069
664754
1225972
1576906
401685
791183
667796
1467229
2813
486462
1418310
1260834
805877
218270
1627985
1235158
547132
1591597
860233
1473955
369923
952245
1524493
726566
272878
578230
1408266
843345
228323
977681
453883
1075470
607912
910938
1057341
45970
228290
1226834
798031
423308
396301
443653
1059168
96643
558792
515031
1208114
421724
501295
319271
991761
369850
101113
1343401
1017863
579875
720886
1354781
365134
504650
1251403
1278245
1061357
67556
193923
749310
354542
943759
658667
134951
265343
850943
842711
176412
1357472
947437
387199
41192
1029697
965746
1202596
1386915
39553
840763
284882
825313
681233
936239
1494996
1562952
686570
1142944
1446534
929584
539745
1346854
64155
1127239
386134
967335
328914
639685
531589
1066396
66918
273608
1414884
1413676
44179
223244
1333319
112964
116684
911276
903686
548940
179392
953705
792593
363240
120313
430602
297439
636052
579021
1428389
25849
169535
1141159
638551
354933
1217259
284358
632848
16127
15177
400498
616738
224037
965129
719816
376872
1311597
1179655
372464
1375727
567014
970018
1372211
504452
920109
582659
450645
411439
565006
313966
806897
1359772
162082
1360167
453979
667885
283491
476621
662672
823416
1192432
197769
1518431
114023
377723
1126367
1424771
1349755
143015
339963
1050573
613820
335804
533375
1066110
1371244
958434
370995
351579
790073
1550691
100141
207837
1226098
1364604
94647
483213
1140802
135101
1431061
1401211
738113
1574292
417182
552559
498445
87396
939163
389297
1334045
1520994
1441234
329577
1468734
483447
865586
1007008
1345652
421358
1211736
222729
1072807
657725
857664
283725
270578
576915
1387381
207230
711885
418577
1431727
713683
559219
648476
190113
67714
94878
1134088
876891
565802
889323
133970
219029
685184
843473
488815
880355
890231
463128
506367
17320
1220533
1323269
774082
1573457
855138
1001336
15659
1269918
1575204
1183255
355671
1185229
1093539
1527749
528551
1041426
370965
117711
6252
1049768
1556752
307709
994826
1477365
687373
110314
260134
844047
1344487
1252971
185264
922057
611961
1014322
1116928
1217504
799380
1416750
614623
792590
1387655
706901
199722
39830
353576
161607
685218
240431
1434421
1235188
1158708
1110005
641399
1446529
47933
913360
26615
1462995
928451
648032
1548210
551104
788194
167250
288069
516021
55200
28910
1068826
876735
944320
937975
491961
1313119
1133943
986950
1262040
1255566
1531180
238526
687773
88395
1037161
1224406
254276
894671
774551
447984
243670
1095395
1073531
986029
884638
1225468
190965
994239
561944
250310
850052
769601
1375446
386939
89102
1331443
814816
1219598
1014888
1558173
1013180
421562
933999
871645
1371742
726000
1097180
597525
1508890
171563
281324
403470
724878
161922
1129863
1131230
1304819
724063
1459202
887062
926819
907737
742032
1250695
742175
1076573
799284
1323815
359591
37369
975740
701408
233114
815891
875609
600654
1385995
95503
630773
592058
1601208
88171
288306
148043
832992
594438
1449566
1301525
1181952
726014
854783
401283
501027
1034283
377099
282878
1275800
434770
504917
348298
705950
831365
1589988
94361
898
852758
1270093
341233
1250030
561246
1208722
720132
814522
395989
883635
1406915
586342
437909
18713
885665
979303
718041
793489
1331748
559427
1057938
202968
721792
6190
1550928
256281
563521
132969
463125
990035
84316
661409
189452
186580
1533971
672873
475568
714824
101743
1223818
1150214
519609
1622088
1514061
838193
859579
227364
238967
1073834
1562666
92410
33420
1399202
1080695
523672
1014418
81889
561376
525917
1205001
505638
166219
1450576
237181
1430032
225962
905568
1494142
353682
396816
85705
519181
691653
841981
688057
304826
1335308
1084132
1416338
1039805
810673
494905
60029
1139287
609017
1496343
447115
1467070
617241
88028
316698
957419
1429891
686293
808618
1570697
864618
6526
1176158
679309
898443
427569
791806
1250098
980218
931104
363963
391916
621713
1291536
501582
1516697
635884
83710
1166197
438230
666477
1327690
1384920
989175
950951
964502
1283839
599415
279709
557447
1387993
1301657
967784
973592
911455
146485
1316333
185773
286325
387938
212491
184030
1421328
571491
1333581
354578
775569
1364669
240905
1107879
1590879
435069
116705
1152905
283735
1012766
20907
1127897
1424357
152080
498394
1425254
191704
13007
1545463
252625
730494
1226777
710914
200913
540738
1360421
684677
793439
354853
1561806
1307806
678913
1135397
1025750
1517126
948331
293534
948162
274187
1624313
934782
822177
616084
907517
1139403
807462
413259
711080
236454
1519664
651868
1294817
529090
1364004
628728
962849
678819
229061
807792
1055933
129954
1620115
977678
866598
779899
1512538
1012687
400547
166365
490620
114964
207274
833715
967098
907690
1285510
129161
478170
1186298
986565
1293243
1402611
676190
636499
974957
1401924
1505484
1034811
47307
613302
1177860
1361568
354003
194673
1280919
1324692
1383749
551681
1347559
685989
1179497
1283321
858169
281650
709654
371122
1086235
1348444
645401
1212079
233415
316978
452826
450508
1316764
12686
150864
858797
217214
496318
1515420
472441
987846
583331
134213
641543
900642
475673
277341
317072
320618
160295
125384
717823
253182
1190517
1028249
727400
389629
1171527
90279
1554894
928183
749265
483295
392478
499442
523368
667064
190883
1287778
1091270
1278702
900694
128563
932661
75734
1229159
1524549
1077361
1131491
967767
581663
523559
633928
331019
1507436
707770
1223508
477995
548651
20456
38623
647966
576657
1176256
1156638
1614392
261407
1533297
184985
1594479
1472977
748876
668221
952429
1124383
404425
974314
1219194
925106
185660
1537151
1306591
801203
235245
749118
1007399
1072603
1147973
1096430
1404930
807120
7724
1318235
557421
552091
59499
372532
753992
1136799
493865
1058974
900913
370258
1013938
305713
709495
1166058
12003
4076
1241796
1127757
542852
814040
838267
1170625
1168153
1358777
1507501
1003258
666618
731105
647579
14661
323695
55770
314123
543635
115997
963701
1524070
1147172
1097503
912172
1091918
1332621
602654
1589281
741840
1105261
1314272
515044
462251
767498
1463388
452661
957086
1603865
1381685
526084
164935
1039243
1438616
489399
545980
545856
172087
1218031
752687
1436824
993144
527962
1196760
1619414
783838
912253
997792
1278664
952727
383759
513554
885396
1155028
210945
23249
191558
845085
1285329
1357561
1184963
249579
785151
399616
288897
1496039
979637
901155
1338994
1538639
1497962
82158
15083
434434
922015
1447932
1134386
1229396
479510
1207356
890185
1323427
751522
956956
606730
698005
522579
1077297
284014
1070125
1254525
1063021
373304
1515613
1462086
587917
8785
330140
368934
168506
855188
1190893
2876
621792
108745
1162207
353795
1036936
705494
1256004
1445726
17894
616790
1609399
1039906
887932
121093
235733
1054313
82556
929427
1099898
1070863
1011337
323835
768851
451556
411545
701709
1423374
1168206
931109
1458103
970250
15688
1091033
218030
68548
631486
1416233
414006
422505
761320
143301
649328
898886
1253694
177286
211908
1376602
1057939
1407858
977757
1452363
1369947
1339013
589469
416313
605510
929570
1607749
473161
410559
67788
995609
471218
54135
1121427
855975
1511404
639534
508200
866600
1224699
16770
380564
1136713
1166362
565819
821561
1068343
311734
1188384
388856
1200826
1112092
433528
839441
497552
820085
351312
263753
758766
1081475
378186
596703
1199698
199734
1034551
1614625
1058565
773559
277270
301854
1385440
604946
517979
509205
182328
1158902
992912
216836
502360
782265
889754
831032
1235315
1223566
34623
48464
458953
1041355
1011900
493956
7036
572777
353765
178511
723263
334163
925992
36371
628209
705236
1260493
1034426
1614267
356026
251018
1501137
1624296
1234759
100477
700602
649324
717883
1093047
1027293
85441
829506
86048
1022765
1541052
1233091
1375406
57562
1272371
313063
1365478
956921
1272288
942433
193631
869896
1299943
1152057
1489419
672095
939547
1050242
969701
55657
397242
383615
660298
952477
339609
1252498
743651
283758
292992
1041755
544397
5441
328235
445176
102725
360835
1155610
224200
1574437
223724
1176887
588815
1364855
69539
1299903
1244779
417957
1197724
1175702
1305099
178375
945755
1229320
1044871
101866
575516
201246
1532313
443585
55470
51157
569416
1205616
986998
870324
185397
1401282
1258208
1291121
667190
780319
48470
803280
423110
1494118
1337455
216461
1117330
151946
1031615
967079
405240
1106059
103499
929662
1540271
1618965
198436
1152918
875981
170897
1360144
1074279
1403757
1020637
1116673
278709
776934
43653
657282
971580
1331786
185533
645079
1550153
147563
725123
1295418
161328
725145
134133
845475
184
652087
992287
990492
827510
1107016
1008064
758188
1126199
1130053
198619
94659
1127282
780358
682377
714153
1070867
250572
398763
646690
98962
1086477
479637
127866
927128
1442261
41533
1210900
1432299
1025806
1529869
873019
1514201
244941
1329077
984868
140283
889114
363385
1418297
824156
709707
287566
1271856
196712
430580
1134938
397350
245700
470535
1125964
1344777
1084051
296668
305701
259265
509721
463629
931244
359802
1593935
286722
1175465
893920
1216067
603473
172331
757175
1050720
966666
1319507
822389
495112
1448566
744435
1490637
413123
1256422
289255
1533501
577042
1168216
361569
89264
1046271
1254350
85467
1471394
1073210
339117
213418
66310
415612
568357
1109889
331263
903411
1500281
990541
1618964
581959
7650
1398190
1295400
1440392
1591971
1471352
68440
287637
476610
672926
812335
1374209
936636
38455
317242
291325
1008887
614112
1200053
1082165
817301
510478
983768
392372
1073069
808998
1283250
494330
393393
1217952
525052
131550
1386889
1549794
589306
1200232
1172413
3548
1275616
229832
571876
457814
1033399
831448
885708
1087864
528069
450253
407633
1222527
40003
1556851
783459
751973
399803
49074
352156
145722
1505270
466649
309144
116861
282291
103794
834052
428323
1104818
1187083
254936
958944
367503
224570
363311
1093117
790925
429586
167384
1482779
495640
893887
968063
920458
1412644
135083
1435739
995381
510256
960439
367224
598573
806694
1474936
497713
1074199
648016
1229936
1043776
621278
799356
77375
659357
1606394
442828
1564913
1182636
72637
735413
715721
1281991
427831
532673
200013
1271268
1331304
1296939
678320
825386
1344876
1018683
498526
396270
575108
222213
149376
1591427
490839
827210
684910
544681
424688
301057
427038
469354
1404501
729518
138774
1400672
989194
1567785
784630
410130
789229
64571
1588308
393826
894350
1526621
649418
1355175
706641
277990
176998
633339
581391
602455
541606
58411
1413496
285755
1009847
1376409
345535
614765
759780
7398
95661
217653
66001
416089
424475
1295709
1515847
560992
741522
353138
697772
1256626
426526
1405327
1001578
337943
1273960
1070163
722162
427223
1158723
438360
874169
242396
1285073
1320982
81165
643543
1181966
204707
15880
1183637
632651
1409381
720449
992906
41055
266985
96160
704767
1487498
1451585
688088
102739
1128333
800887
601632
828174
422393
962476
901467
775463
912944
226149
1024325
831155
670970
288161
1083882
107603
1258187
237604
715173
860202
1443172
204909
1377329
431603
906860
97060
195708
815443
742823
260140
822722
1234560
459116
316711
191340
1012803
1035787
977517
1364488
1160575
594175
897847
697411
210458
1050205
304301
95482
450135
1787
1357542
422398
645904
471519
205503
1414856
400416
21012
250960
1199366
1237014
421731
1331060
1096136
197962
983626
1226157
865014
521270
130377
1231452
1477072
489805
1275211
1411161
716362
769602
1447371
597717
63943
645933
23360
1227845
982635
1491306
1460545
822872
31701
189630
609541
658635
1207578
75465
1065983
416546
191768
449318
1468311
989724
101054
249355
525514
44666
619642
246268
723846
881840
133777
529856
789165
474521
417517
868569
116560
922527
1019677
268902
1054776
828049
114388
63146
20729
40275
1581872
1368582
792056
610668
808999
1141516
1496958
1017810
390274
376754
1489971
702299
1356498
1187863
1223791
115715
1546310
1545304
1473311
1409867
512354
811699
413494
692239
420459
1499791
908949
758732
1271913
1540139
1377626
867510
193716
589969
1480170
290669
435803
337353
1337280
529596
497783
749249
248394
920025
237908
773612
128196
778520
1349693
1145843
983283
535942
409824
843118
273668
287247
96954
1244028
2279
1555413
1278679
1617299
323023
1275579
450543
1124284
433841
1227064
401068
1189291
80579
247100
100004
778080
605364
939160
734582
1139708
821318
1613144
679305
144419
325183
448398
882269
1443163
1584929
1478091
129255
153262
1300866
350964
852248
653361
817498
1385977
634932
1242057
19060
295824
708363
1462801
326468
1291249
1033259
1214276
594322
1002143
912913
1419684
922859
1146439
754098
718858
688545
473160
287446
615213
72305
324705
111141
98799
183575
558934
1048161
1188642
502801
1406636
506152
990707
1514596
208347
165317
7228
580892
71967
988774
147422
1207162
507278
1174396
1398041
849502
62759
1258773
1077793
386303
808139
1156277
140148
671583
365566
1031034
497735
265833
1590402
1381534
287361
943310
768119
1056803
760943
177119
1025011
485141
248988
113293
141046
1022294
319140
412536
330051
516995
1480680
760311
1551352
1353306
643281
209966
1606564
1479127
973617
55848
180737
517501
1467648
1236048
88944
1183256
546133
369585
571335
1339660
718176
351467
268633
622409
1308963
1105258
743193
558638
131475
135187
1347040
205900
1400010
1131614
234465
1132137
857356
1354077
705121
746326
1001400
1499729
414594
584840
949235
21074
1523058
149784
1384927
196932
266892
1075319
554382
1069917
494344
1021780
1303997
1528284
442601
1089528
62132
1464280
419122
428659
96869
968679
134332
661822
1096072
291589
687562
972265
127079
356863
738234
168493
478240
1555630
601974
633972
230313
1462208
79339
879881
44525
1293584
1039737
712335
410543
1414485
809265
524952
1344763
13359
1370075
126721
1289326
167955
197185
877012
245417
1234754
186165
1384617
736203
905454
681736
1086850
195566
666556
726249
886363
442132
182824
1486481
890036
1031785
93850
399083
504755
1295408
555816
800018
55364
957299
1138685
409363
78981
1055889
118743
13190
746571
1114034
167265
94434
578447
139516
712151
495077
662984
355015
877198
289058
486566
975007
858505
330693
803812
529329
1430670
756222
57152
497369
93495
550434
420029
715743
1081587
710141
206838
1432049
553487
1342237
1585792
1004348
205732
265441
524435
19615
739166
580747
221440
1324861
1117713
94455
1601751
336984
112748
393769
333266
180876
1053325
183413
649808
1218488
329607
110722
1316911
1349444
1368340
295277
1129741
1257347
921347
493801
1467168
197901
923266
940066
432955
935659
214761
1159053
878765
14768
166265
322590
1312963
1093515
244662
385931
1604394
430343
82687
247538
145177
1388120
1305776
619158
509018
562943
942152
111095
1465159
1004464
1505821
26804
1412778
902775
902290
928284
165856
1279266
1036185
208556
1498424
499625
1021570
1590906
933260
584389
156044
1213864
606158
530271
886569
298560
631769
179477
207484
698672
1502930
1289452
1538723
221313
198110
1480525
910860
384802
240234
1391069
7530
766250
710728
937166
763800
506375
89481
304379
512008
532752
1411703
1321779
677299
1408800
1093581
473754
254335
1164469
1005135
783532
1020658
916108
803168
507495
986491
433443
966190
1595893
1088081
326954
448012
1121295
1041354
1444063
1229621
820812
356611
100487
1141494
913925
234121
571214
1411408
1373853
964931
1575597
1140102
300831
385539
37182
759629
161896
779306
965786
458035
145954
1452284
835199
1186245
345652
1090363
622992
196626
225731
707223
1394945
152319
515618
1065264
1501379
1118926
113841
677458
552461
1387810
87043
1374454
33242
191749
273107
1209573
1377053
352558
543765
1142569
407886
957045
693056
813626
1566416
583814
247644
1265554
17776
470813
5998
885241
314642
54158
1052635
1089831
276716
82268
215328
877636
227481
326698
731658
445271
455220
186486
124420
745063
178361
115228
847782
610391
1449463
1347867
1321290
1368673
215541
369025
1019857
1619754
1567992
1155471
211253
903767
1258383
666390
1269633
378909
1074425
815088
37641
243934
659104
479958
1498516
828880
228066
356875
654748
699357
1109979
1093470
70293
1322982
610555
448121
508743
19628
737327
975082
264046
815376
1346491
1120956
760495
62137
1148261
680230
732166
1377743
635751
298190
687345
661086
736352
523169
470307
189453
80969
174891
549378
1183763
205507
293085
709351
672834
1302277
744151
1631689
677791
1351704
1519051
1260806
465915
1271122
922065
639091
1045488
17999
1415597
668905
708978
438743
956392
608054
1155087
267001
1176080
928653
371997
266271
709004
181353
1047798
61737
483477
61949
306939
1272497
1321982
879474
203568
166776
1400912
1532764
627087
967570
208888
757341
543697
230457
1044152
1449744
508208
1410231
622984
345130
322016
645556
405354
1491874
53766
751654
1444637
298141
463441
1301070
1627930
1222046
713526
220523
1412786
55603
809513
1134847
1538826
181044
791295
1383207
1285851
420312
1601629
1554755
650822
899939
637667
582308
443964
1150103
737310
897412
249746
1284011
1236869
1423035
796105
958147
697328
765720
192417
177748
1107227
898721
401541
335450
460060
6030
173548
513242
961451
674651
663771
46170
1437790
631168
1269625
377673
841700
1449634
816576
883335
603132
467386
1039300
1099370
686766
1335776
240218
1280262
487778
67811
108243
105452
1405240
329134
1301343
80900
657886
1341928
428201
985112
782742
39621
1248548
391765
497976
225082
325770
53577
287850
1161138
156702
197812
858880
211002
1407026
635648
1210535
517328
317397
830563
897946
1512696
1484566
799897
456134
428246
431584
1441115
421226
450156
738360
147777
116347
1030460
1299391
1434253
409390
772507
1600382
478522
587736
1309123
648736
502534
945408
664918
151103
560848
974460
104234
912596
1113628
858236
433023
59501
1007917
460074
53595
1243255
839317
535956
1510531
1063313
1432659
667653
551228
107551
334638
415642
1217104
265328
1149884
261366
1029718
1268363
1171223
814739
425690
1057669
1150798
704304
182846
1486040
840167
1125767
342480
1406163
230846
1226957
1106781
872421
670441
1309850
250858
526638
148536
457716
610710
749714
1210143
652694
778486
1461092
653698
1219625
1378871
466244
306487
466948
147805
551763
1224139
442873
879919
1308409
202880
1296764
459458
1537198
357587
741743
25414
618043
1184426
1205949
54415
1085843
12348
568247
930047
98062
183902
779429
359694
882985
672832
55899
332581
402603
552594
123487
1329369
920748
220592
268933
1033768
964014
971240
722007
537628
364736
637750
622596
414860
472341
613984
610964
151619
956318
1335357
1001317
1459239
298628
523257
373885
91652
631335
1165307
1342069
240077
1349062
595041
179151
1337335
84895
160370
1174173
1079954
93246
345794
1524408
42966
797527
771612
190856
706898
234886
1436441
1217949
681657
927076
148501
789066
285326
1059789
1201532
952514
948542
838704
1066242
711682
1407660
1282968
721654
1598088
843802
1326376
1266514
152147
151242
1213269
628921
994480
627703
1298966
556933
1341036
468345
527998
839968
724317
837327
1047777
111323
1495644
819200
1065618
793441
1446372
599863
1399166
789817
815164
126191
553998
1608031
598282
1010503
1322339
1287065
456351
1554706
118682
465561
501838
615882
1184052
119455
1480629
418991
134175
1493425
717005
674198
256925
993882
828836
378400
1310518
493831
726349
704098
234452
1506740
1022744
1044213
742073
808233
194019
885821
564591
1378219
1426390
1476524
495436
271868
650000
560231
220015
426770
1099836
615154
185124
196793
861588
918025
956936
835574
905638
397283
371062
1234167
240403
1224799
104942
753515
1063610
506657
796754
1346649
257870
460975
352222
298885
198214
1185004
1442820
448075
1350216
301476
483214
1175348
948656
551307
1595833
301413
1410025
778350
13709
1416607
597793
651637
1540447
1531818
600226
739379
1241439
1370368
363223
17225
1497952
851136
13119
24704
974799
223593
793689
569837
722299
1446685
393709
787453
503339
901713
53064
297067
1564079
1146207
254467
3347
772934
931862
1207613
535716
465270
89487
794102
783388
588634
1217856
506827
347225
354002
789168
727998
531866
782911
616166
116940
200266
1123026
203517
1579369
546007
956485
1580695
1106740
1212772
977699
570774
116997
113139
712997
451494
73760
360129
1177766
154536
480776
764670
1173982
1086817
296454
230873
15551
688265
810674
1095730
958218
627183
551386
995028
885716
702278
1524275
368284
842526
1186400
742342
1392146
974818
846505
26000
451470
678620
520086
422773
444316
1069485
372663
740069
528850
1306682
1295328
1336404
1053256
951894
578968
1051650
727087
409104
812440
1454010
697354
229256
499649
1292106
451499
513051
1342054
22533
67570
95089
114975
256213
1314819
772523
426411
1050107
214095
1620607
765239
102502
514141
335014
670901
1470430
637092
1101038
832198
29883
1193238
1401
1126034
915593
1068001
378900
219747
718227
1013575
358370
297499
145424
751116
18828
596468
796665
53400
59664
986058
52372
309178
1254370
1098761
178771
594057
721900
88770
1190311
620355
852188
359001
218981
71544
256334
138567
1394251
1206677
453051
266838
474444
959419
1361605
1631155
453990
104804
1313415
1350067
610259
189913
166894
1223159
442142
377979
932785
1177812
727913
1142521
176834
670315
860414
67183
426791
1259746
1226502
654731
740765
732716
1181175
1058138
866021
829178
95064
788510
746310
1382990
414929
109480
129564
129937
1518313
1225400
670395
941194
297457
498858
171888
988768
552821
549942
128777
1169052
1526346
497803
709467
799412
1401765
912548
1380483
925257
45639
1318787
1353882
1576088
1600455
552784
41366
398656
583466
954875
613797
1026685
1608728
133755
1498253
1552350
166065
271437
337439
1241463
623715
683660
230149
190428
882303
164220
1014954
450639
1040349
876176
1083470
1436776
418935
1161462
1349789
143915
1078756
280628
1443869
717602
1217902
316991
239702
1158864
552676
1166878
1526262
1379698
470705
1348600
306332
457556
1421608
109765
90186
467868
291108
1307112
143630
912264
1352624
464243
853047
173839
1327587
13669
1249376
603617
21923
577363
178710
1047730
258549
154834
348101
1209390
222312
1160992
440161
990278
740221
563260
816161
1027874
1176574
190195
1077077
1076300
688770
425613
805951
779280
1342145
107880
1429110
1210658
430657
1192830
143509
669257
816856
658327
498986
916004
1170546
1037690
555730
607913
782989
650049
650618
721449
78085
1472933
1058399
1214985
1296359
1582315
737047
1291515
467054
1494579
1034999
1197341
129916
1435361
1199676
1242135
271077
653374
361514
751067
872861
1072654
481204
876723
733135
222317
1239499
371579
1550629
1042653
1175249
68282
878504
1584095
421212
887435
889543
218765
577432
456867
1374628
1180014
1229863
867908
611708
31301
955678
1220718
531797
1102959
1097261
692236
948034
610191
1359778
1404675
217467
976877
1310498
634269
213849
1513500
89226
155858
1304202
487140
250923
317712
1146076
210570
587031
733964
1454437
1108281
1558449
1315982
1125129
1455907
1134266
721554
91606
97838
29364
1499043
1162471
1224790
556557
192118
1421487
246937
649785
540919
806048
1343829
883257
1543970
245407
391952
158925
819423
882697
1179677
345793
148503
871630
1129216
1544631
473376
87834
1237040
236470
486475
658211
543007
169265
682696
1048068
606684
1090249
738505
963826
843615
1495743
1481042
1479646
452619
63464
441343
242945
1519149
387899
1075475
1028412
187463
1239474
1409432
611421
245418
1130600
222117
1580356
830937
956875
463447
1302004
319470
73658
658026
361674
1586182
140836
601238
392972
1448043
156953
1359820
656311
1136881
217142
959003
972795
220877
422434
419551
1522470
1261454
625427
767573
1420001
1048296
940498
947729
1608000
1002569
1448607
608222
62452
1441591
196399
873268
274416
467252
10769
1535059
330138
1560810
17590
1181280
463801
1054729
820416
289460
385560
1135570
18685
1196859
576773
393473
673982
1170794
761630
898917
1044973
536629
1083339
37042
1563405
737485
1227522
69950
1577648
1002520
361627
1617353
365398
329327
125349
1513267
781232
322027
103361
1313113
1414305
703809
734643
310875
348885
1590409
1053510
1002353
725190
1456375
427350
1192091
1135203
885157
1549632
461950
70976
1438744
374590
128132
856926
455149
984539
580177
1122540
697173
1451725
1290122
848927
409951
623788
292351
1430563
138108
488717
338152
769489
257959
1472576
909028
776236
50310
563804
855736
930283
529924
26129
285370
1260046
567133
513011
875816
19599
1029898
836622
1243779
925840
426460
1533150
615857
1366052
299962
1128664
335578
748784
1432407
171558
757928
377731
1117305
1084865
655902
695504
1011422
1406477
1017845
141830
1027925
436153
385120
1431068
539653
1199092
249476
1258151
1155336
731201
124245
1353217
1520982
662690
540468
1358109
1064034
1027509
1630134
230709
845457
234544
379690
672157
1461301
761818
1440151
698805
137784
1046884
466794
924216
255997
91913
119559
1461973
1064722
590817
541534
41644
48465
654025
1035219
1338987
1202241
1562722
1554651
487257
187203
659422
1473550
1365612
353220
166570
393942
1060632
513944
1160963
1578187
1002245
1572354
15092
886483
507531
20687
1017968
243313
1360172
1185276
146151
1133798
1096251
578503
925146
792251
1358996
1027835
143358
916903
538420
112828
173179
995834
840390
522763
1171191
427126
406185
915310
708107
1465860
470830
306821
1260520
1430605
741906
980392
358163
419919
802205
1167156
210931
354137
1522547
800134
641618
603432
31427
645490
445228
1316657
1459995
1163458
347609
482437
633064
1300116
308759
327874
619497
236707
143553
994374
476773
592024
524951
954623
948787
338016
512960
781117
855084
126450
1005764
866853
1204463
677635
134778
524472
197632
222938
1289397
1000652
100720
822782
591297
1456088
886838
1155170
1308510
313756
785467
941145
352271
603308
447842
108798
1000030
689449
706163
806661
138805
1202848
267098
596801
419546
213753
314726
934519
941503
431006
1288053
940869
221009
1192677
506535
569163
1448155
215793
1302622
690292
1559253
1208943
705647
1300720
1105309
1013959
703694
1530223
176563
593122
708723
577010
503130
1078478
443897
76433
717300
61753
173044
29125
1331965
518046
1631616
246145
172479
403024
1059159
152676
1432343
1450492
579589
1405012
1297035
1400936
1092419
83060
488533
1043493
234353
306479
142491
1153154
410293
1482520
1306514
719346
1411731
30432
1070617
876837
734038
358993
629504
484549
61997
1533445
919404
1315590
979192
940867
259862
1434963
1510816
1079299
1227229
1006010
213451
955914
488505
771265
1100593
1170783
400915
910979
1037597
1543550
18816
951622
530634
1386653
492174
996217
99229
846158
678696
1027751
127235
1042662
537909
909830
1252204
616401
356559
1441614
1439524
1004311
859367
1571633
1377747
1523135
169914
522545
810944
196168
567643
645111
1005289
940036
775997
987893
1288099
1556993
987401
581081
220938
111602
240458
234808
938359
1290989
308505
1450405
1613956
856898
1170455
1306202
1488855
1397235
513433
970829
927904
1617783
111175
536713
1096552
1619839
1157625
1203988
1173408
1045348
1419909
857251
866955
37548
180440
743928
1369474
1110738
686278
475385
300775
245351
229528
301508
1425698
807599
397969
1024954
137450
922348
888467
1432232
696660
898834
797057
486093
1062275
1085407
753125
23740
245155
1058922
114365
1343685
1557856
974545
1591065
524652
32598
201061
513658
383899
787126
583940
660086
33992
1206369
1483751
1178339
955259
480407
325254
1464544
1306137
859575
454192
202385
760417
157628
1022001
1538883
814337
2775
1456247
79303
1305400
1113682
414541
227533
242448
170894
619120
1201560
1001172
461468
374495
1374644
1572726
1113477
789904
546721
137281
1426364
1065931
404214
150560
147951
122323
1136171
1144491
187926
58026
579276
134205
122965
240606
432325
1217023
163479
867227
51309
1116449
845968
665339
896323
1471983
1467694
574233
1219356
1457596
274000
917149
1472517
354382
472738
852633
462167
567546
1175766
1274787
1076901
870208
798732
838242
168861
245201
616831
23940
118049
734282
678182
282426
57254
1359259
996497
1548839
1280084
637103
11779
775302
978038
1108525
134281
374819
21825
1600809
1140083
1037537
552846
1501531
610257
938394
524318
761920
288464
1109014
1104914
951409
594257
1419353
779454
1436453
228344
1056793
238870
1297326
1351816
699063
959281
1410598
330456
337438
396865
528418
272421
771127
1118217
513428
1451394
261591
1056138
876710
993938
78452
139874
237790
1356716
873511
1499425
170850
661720
1403191
268963
222508
202685
190724
436419
1178135
1530853
1254678
522734
603882
258213
1000978
824088
1137922
1192372
664687
166074
848991
497306
1441879
967524
849495
921808
409530
617120
1359838
1193597
1506151
459232
1177482
708226
537975
1045974
855970
715096
103282
206182
488455
1377713
739131
1028217
225991
518414
621012
1261720
302483
570027
1097828
821823
1154349
127391
754583
255554
541956
855604
786194
557375
821207
1296741
664862
216898
281163
723325
153140
1307066
870708
633371
1115770
1345661
1124596
1254278
1006414
349051
330421
1224610
158600
280393
480527
77298
131412
499571
946433
368709
1281273
907421
448791
1290441
117570
756316
450200
989668
93712
569540
1404424
1318642
420471
1501057
934641
725971
1360448
4580
99978
1197140
1360919
863773
1289951
545342
963032
613882
1182586
302158
738840
282640
1211863
1020136
961045
1130997
868227
1090480
637472
840501
918855
747288
231607
1003793
241630
286542
699104
22304
1548655
1347129
236072
382895
1443167
1433767
370281
828912
1067328
736874
552154
260394
405286
1153763
567986
856303
106879
1314445
536128
1191803
1400088
312757
1016899
1145521
468338
276217
952471
196779
1225172
962532
1210614
526095
1514967
1031603
956002
1006621
295409
750927
1192878
174226
1608855
1324138
834090
1454312
1362768
192701
357110
178434
24299
669047
201876
188971
250511
731380
423318
1237764
583864
343366
819366
22714
1443523
175084
1266699
1211499
1184471
310232
183975
328733
697065
740639
86488
248025
1503905
879631
395750
978705
916917
866753
773171
652207
1189015
1392553
1383985
1265573
1104493
1264474
679436
677842
787351
1152648
420024
781455
1368723
868105
644157
1003405
179652
1207834
224969
1565011
223704
135932
1224750
708946
851815
373313
401431
264291
843741
1351006
647147
747518
517344
1304667
1148849
307746
1172823
1166983
1347270
296650
1279275
850225
1320024
1554502
283178
72238
857840
1208595
1283010
1087319
510179
1143977
1269111
972613
869313
597467
413382
614278
885976
1225821
1442995
996765
332630
638469
1284661
756116
1389024
1403862
79267
25306
1324369
856630
1061420
1502755
1114458
741419
1490641
1269081
641192
981271
72386
308450
547233
81929
1055565
925177
89582
366633
1112554
197267
1004411
848025
287385
501660
52918
482210
955788
876321
1544037
1190809
53782
259113
1003558
311287
72000
1252505
787211
709603
468304
1487605
245243
530081
1032109
48727
1127111
1221630
43053
689078
99441
1125810
1202092
1509677
343796
1447701
1344630
828820
1300794
1156775
512980
720953
1453095
569307
180264
242280
662947
1247926
1254104
1196038
434938
768845
130451
203896
380319
1178869
585654
1588336
217233
619241
1427728
836092
736713
448258
4083
835417
177297
1047405
1483269
1128529
588907
652821
1215633
380145
467782
886820
1529439
1469756
880579
550777
5020
331800
325660
111311
229440
328784
1251366
973252
342195
542974
454633
100585
227311
1514951
101667
381585
576329
754379
331180
260982
1234384
444633
254462
559438
63212
1579551
748785
539067
724683
1070524
447303
125795
1059686
974365
327491
1236634
1300081
246283
441246
164446
975304
693881
1241607
866828
1451790
1227695
578228
853907
1276487
535147
422436
437477
1615769
844710
634545
1202802
340734
1172917
1288044
135956
326690
1360918
388170
819891
127687
446974
1432326
741945
948658
1120933
141483
1009769
708509
626669
600341
937565
1001937
1552741
1526099
976365
1571100
215069
233023
245806
312848
1384412
1048730
952383
1095757
1613709
269039
515189
1395167
1403169
82608
24235
177400
44865
1615181
95025
1097815
737576
57513
1317727
596117
828940
1027746
1577175
420657
438936
725821
253960
229503
111242
1333173
1052559
202047
840351
412974
1332060
1489634
297401
371736
1253773
1458334
394933
473505
1243817
1320498
710344
732245
868059
1412638
1029657
451879
123704
717160
665841
829424
363127
119460
1496034
523020
293349
