727973
837357
394119
71364
564839
1570839
1449584
1466892
1404501
992508
162635
886184
55471
539549
84809
1366883
152668
1417082
408574
91303
776490
519880
609307
365621
146962
799816
199830
733330
258605
603735
1329404
96397
725120
683550
938895
699664
1189442
461529
718818
1422060
1512942
960752
970111
1404951
436909
205301
560713
351443
1436629
362965
847526
179589
283551
105071
1484027
122227
1583189
1013354
1193460
8866
1033467
1411296
244984
1348064
509170
486657
848436
114250
104166
43427
485320
52950
848872
874408
1175207
1226332
1030507
1195035
300548
272276
11330
937220
690826
523046
1441954
519212
1311922
476756
474575
1079016
158833
193531
1356745
1480537
825212
613792
424594
1517057
718219
373441
184704
795071
790049
63955
1626804
1099759
843703
440830
1166022
911756
730565
1000512
540067
516601
999814
813715
46228
814405
1269322
1131655
498797
823699
607380
376872
1153566
80421
286568
1255873
249684
782638
1551494
665443
1089682
1322988
904065
798545
661458
1272949
79473
981669
147838
916837
838194
1065844
539279
1097752
1447288
657086
1207100
1589462
832305
919896
1239250
1160641
1411234
695654
443063
147131
1560977
619818
911048
505018
772688
145406
792544
1096511
701477
1328311
690223
284750
410268
1079952
316852
127217
171323
1374762
1364002
1119499
190372
1065358
94238
766575
763202
950091
404149
964779
1161364
668243
505412
892260
811170
1524950
211439
680079
590971
5402
521344
1357110
876760
580367
1315791
1523657
1245892
378702
1078242
1067030
1147047
908982
902172
10016
636331
104944
1198009
1135900
915310
877314
922772
206152
526327
126699
1082129
45868
948921
893660
418818
88667
207782
363130
1281530
453981
1376621
391872
1107777
395446
18810
867564
751284
422564
138776
246116
1077319
491338
102836
1234554
198819
273572
1254252
329694
876830
1308560
531913
922023
1171419
1330925
397314
1145860
311669
1460700
1345746
1397773
463377
1452544
586465
96623
902856
1262622
470619
206567
1177590
1516452
721826
159560
615300
29290
1133564
1581402
218384
1282692
740022
748824
82253
261488
782555
538034
1160528
1040995
190702
139743
1090711
1322721
825856
318317
118462
199698
1101188
1023574
1434658
678503
123229
79754
194102
1579119
625932
1287706
655013
182694
161415
83049
756370
374383
623104
14242
828647
907431
766387
654834
371394
1157179
566002
286269
810146
612335
769593
699778
733868
678662
1299324
1326054
1213349
263361
654392
333857
355211
954097
1097044
542275
939704
1173538
888391
1362895
36932
1182208
273669
561251
496748
387560
405401
968937
1531305
154724
1439489
483093
531318
1470966
736238
477024
276032
739869
129447
709051
1315695
904378
711019
127792
10727
57058
193578
617110
350918
77442
32557
613742
1163910
728102
1302652
230183
1198819
844852
799137
1481324
1272529
1003078
962121
843151
1257027
266375
1304831
787504
1244694
248685
211727
503390
782810
1103473
1294608
706279
776573
1305911
464863
960078
27623
93085
963845
449980
524083
1329200
466517
71881
135071
1495022
1129721
168596
381784
210316
15089
342919
948098
1372302
140915
1061785
927745
157773
745896
1489542
447121
180808
1339179
579017
471730
556007
760742
580502
871822
1506887
1238567
570973
1294424
509619
1310302
607661
1255889
210991
307328
497820
507839
1003434
1438213
1218628
813281
904614
367274
28964
673036
1403434
939667
863092
924534
900050
1088798
957453
640999
516948
149642
710603
286553
1402203
627270
221147
320960
1166807
436520
1106879
551256
167246
212695
148466
1054791
228580
342612
138851
524986
627280
1567034
738225
318300
382873
706442
298795
1419329
359937
180675
284876
1290287
22458
876624
904948
110237
202852
1606234
1154945
985394
21377
814054
138363
1537169
1146452
1491841
1609599
1365998
1078656
514882
485719
1009933
22642
262502
704331
802353
737972
465214
530846
1312600
611194
1024741
326355
1446556
21039
940592
703403
945326
285908
1117878
442053
937833
1524927
633864
854880
1207560
1395546
959834
1258911
299468
342809
1106538
1030675
844358
236981
1132587
37597
1385930
943724
1207639
876638
264337
1569862
709777
688484
1180050
1564640
1372477
323028
358655
1233518
656661
806332
60690
1501982
984898
582582
657738
793472
920716
429891
1523630
427661
348797
1027578
190750
515453
1301005
222011
355655
1149853
1113322
446638
218802
1310380
215867
1259646
600850
352351
1385233
27107
721944
1199684
765469
1227465
53344
636185
10313
1384238
291414
542484
710955
481501
76842
1199063
1259273
886246
731830
983400
215359
1026117
526448
43858
1599092
404235
1373452
1257383
817364
1154886
412923
852133
1320015
724191
742747
571731
1444227
1041207
30981
828363
1376529
851493
1012251
701239
1007836
541725
643610
545785
902115
734385
171817
1275366
333508
866151
699715
1170807
1343492
535161
607566
1524368
1060621
1088561
830081
1497171
1612908
631165
744404
1150854
501505
1120795
139011
1123346
228858
168919
466283
136245
1137108
1124509
722461
24097
1557593
151404
250923
617212
715199
351798
1471983
205549
857620
21010
768974
326903
2431
325505
17834
1036205
934108
1198113
94249
1390513
981903
1294311
1008849
677593
586071
980756
29097
999182
593600
802606
718146
1549788
542015
1365327
1240773
576579
883496
383255
131246
61800
816859
69465
1511354
1481202
1233883
1384869
1305344
202812
847221
891703
404064
307608
1074946
386015
239279
882350
450706
766108
1225401
130397
842403
593125
519176
1381814
378000
3262
720436
900043
1206414
350207
757213
598451
158426
300922
1098317
1208954
527127
207149
610831
600539
24179
628986
603649
1421368
416006
290304
1559397
282647
1599268
485584
1410915
984761
127601
59453
834529
1498213
398184
1201625
840902
946624
1407403
483111
476283
683805
937985
655905
1052180
842882
1565407
1349529
703783
115041
658407
52358
1197085
916065
1322341
225859
1336334
717658
206138
880644
326811
80747
85794
193311
516554
346029
46241
1164395
1579726
392760
439303
372404
1195949
284895
41357
809731
836856
1010940
1016202
1076337
306856
1142276
8029
379859
328051
1135790
27233
480642
208793
1256652
66948
1400511
1383149
476923
144227
839931
458976
1451022
48751
170738
929569
777514
1214252
845980
413648
583931
411047
251090
259153
462761
1016181
724068
1347123
274410
1588748
1278558
712094
433862
56942
859854
1366456
1117660
191962
291818
284511
742013
1301856
670216
294661
135661
895505
342233
389773
1191680
540424
25041
211965
678684
228290
1299659
29539
806447
158720
1614329
788465
637780
1290978
823843
1241595
814266
1190310
589257
908608
718591
332507
419093
628498
1623768
807146
74510
1179007
60893
1428851
574090
1357232
467775
612686
880193
1550715
1114637
1276519
166823
1564085
1224836
1415785
371635
1018402
934383
1184558
128383
943822
918498
216068
759922
180929
92899
114123
1454
394389
136633
608352
21250
64272
400640
762129
813700
594509
756088
1265656
1019154
1300613
689214
509259
158826
674368
193254
747821
290757
911651
134979
1518679
702002
539734
398897
528181
1548841
1236038
881207
1002538
692579
576190
1258243
839889
264474
656425
410345
1340318
823501
769776
123554
780009
720142
68722
1058446
584942
575855
1257216
935818
786522
781713
458613
1111820
1081187
5841
113242
168578
983419
513628
1017676
395122
1516313
313358
853778
459404
498154
1367827
1040656
1540233
148704
1163484
1079884
40561
1534993
781739
427777
118110
1169182
852011
593705
1416528
726420
1126372
1269047
1623241
48304
1110838
550695
755683
1496276
82322
754232
213964
629380
1557163
768765
649783
1243157
527612
786115
572030
339367
1093809
400484
1276161
1622135
778880
747494
628238
3130
1158326
923491
1354950
734091
258177
850110
118999
281576
347320
360745
4833
1463458
1406339
600905
596286
1199079
820003
198174
964457
892003
1551013
849738
1143053
357453
1448872
53174
286698
23717
1146666
1393489
48498
870172
808725
1027374
298003
1292754
888496
388836
663981
473877
856351
516161
912383
541990
848668
587622
1070591
354573
53474
1547055
453751
781976
1612923
1213979
1224809
1423543
1155464
1142085
115907
327978
1440259
279042
1607837
571765
281687
120134
965196
514803
1028852
1023546
208593
1138171
679951
30996
477551
773761
723712
302576
1261277
1520135
1413576
1392708
384107
800244
911151
485741
380781
843416
172496
742785
1550004
735568
677589
813781
1006302
749793
721590
847332
190263
197101
840277
711133
842323
1251392
949213
711975
968334
1138429
721207
1494873
83247
318031
263142
507925
1351567
1475589
657491
390658
608635
434486
1061522
1326706
642759
908678
823938
1402898
1169478
860973
1280195
229458
714106
639910
1531815
58268
635215
991174
1343692
770462
1213670
1057457
771034
743158
1098935
864539
165454
492461
809063
809806
691480
1417742
924954
965879
940043
717398
135947
682555
113681
34275
891069
451957
1193274
344933
392851
561422
850180
1460815
226782
482931
986458
1012002
1046721
1195703
1291939
27136
500427
640756
1148828
551491
421498
786490
170718
1596698
504511
132405
441308
208917
1555226
1610797
1427005
555306
1341232
276523
215885
1382786
1582051
490908
1122950
1399691
472319
89021
78672
6463
588861
1093051
1456880
1167621
203180
707991
1563410
917124
810844
1372324
1226687
963283
474265
780776
528423
1111605
990541
1203463
1024689
614235
118263
875831
148996
1104813
947432
693517
903636
805926
743758
910554
233995
653490
908315
1191568
722508
432458
541815
1613301
857136
204087
362832
742106
1527985
75283
758479
57955
861312
232727
345341
821308
807483
246723
786465
1064917
451622
699770
59187
320501
616413
1009497
1335334
1399513
1569176
776671
684320
891515
1218094
1043846
545497
770993
778521
840148
309734
420016
1450851
1180646
976514
947131
1163966
512602
1070933
1213803
967588
1341847
462481
1271546
563267
1239189
1341484
706347
660311
593148
1501322
1427166
786277
730269
1490753
373423
1174224
1096968
1324064
665922
1187218
595983
668212
391037
890458
245673
460698
111510
1530963
1046831
848843
42923
547744
1471277
170685
1092399
1468373
204017
159892
300829
430609
967293
245235
675395
196349
1165751
110551
257410
333432
542663
1222527
564349
666712
1057827
721545
1466860
927148
958873
545414
328792
299245
1588346
547178
1602813
823094
1561643
1549125
345575
329052
361891
973922
1185035
1395927
693850
253920
1149225
679503
1555038
400740
33836
852111
1008520
1375065
1441229
723156
285826
987507
825340
1205834
731864
423898
255455
1213489
784195
452847
633981
271921
456860
583011
209958
1366643
249327
1600340
683799
855478
1173214
1600989
532157
907540
586994
216166
1330578
285755
523833
162800
668194
1551263
1328183
601569
599885
1175556
642466
822093
491998
360865
315173
906387
572810
1031862
659425
1135187
1581946
1112669
243192
841454
1130716
797961
1190893
1064426
788261
565851
1465251
1487965
866073
523855
183409
719072
937060
1257400
872076
74639
421771
718511
405469
660130
1405465
295506
253847
37673
8173
1261789
1480264
975420
1209603
598414
782724
1571548
922424
1097783
545694
680137
1184332
981514
32023
887043
638854
1052102
730167
397954
83079
181005
452841
1114433
1119104
467485
844405
791802
531167
946942
562279
325303
507747
1353351
1007147
835365
983420
213104
797311
782240
839056
1239088
616750
1176815
1416538
788099
1170142
242370
702934
797914
680104
438445
876448
1533630
558065
1231726
593514
1532323
619184
155011
512028
1219031
376537
1250779
1442047
563917
494087
461379
839440
878731
1076772
74989
402090
824821
363106
183922
161935
1209907
1286637
835296
727711
1431485
623275
312409
1243899
77514
1128495
892420
339294
5829
738819
656316
1629956
1418876
273073
1513188
691569
357586
164283
253589
1192914
1526071
246793
1043219
387084
417356
241250
569248
625677
425151
48737
1061933
906947
1490002
1592656
1242428
687062
908485
703490
40640
798772
1469689
949122
381106
144229
473861
834996
292751
644771
841628
772454
602826
1135588
187641
414864
1242100
346504
696203
319485
1075370
55065
799653
1494917
1166406
469922
695663
637100
475666
1485264
579580
287476
135709
1363027
235923
1296918
1278204
1275284
468559
1011135
104591
395745
1134918
42333
80278
519040
1000149
907201
361161
883583
194268
727470
13727
676144
28198
42579
760740
479137
1465176
124139
840448
1596480
1216524
1358961
92402
29221
395454
306653
814118
910607
1335953
1122969
605927
589295
884193
746325
1527341
513020
232540
788344
1282264
1024766
1590393
914371
837222
362042
813828
524454
874155
1071165
384570
220202
1540431
664425
387134
877884
272417
319161
285444
985040
672726
605781
231094
1101005
966285
1073070
1397990
1603702
1356906
269286
688546
394425
1538322
1048503
339086
891303
852423
978185
1075449
810225
247009
169425
417162
264036
409764
887417
337268
901381
125274
548277
1073624
256806
238231
569655
671077
262470
1386442
560546
302254
445363
404990
1289334
1019278
1282389
134408
1174450
869841
319505
1267638
413242
1254926
1067357
231339
1075800
1116315
917731
347775
1337162
249557
1063677
60442
1140718
1470832
1035512
235900
638526
1461556
1215278
1401830
1054585
68138
1059439
1532388
964034
476847
238210
1214761
558128
1411276
1266992
538631
556636
995672
381493
286055
1159181
894301
257139
383099
1386734
99444
642254
670313
633569
28917
69910
44503
483928
1005201
1059113
306159
137516
917197
156319
529483
498296
1416860
491450
1013102
779385
1225012
62631
1354065
352110
1227954
237312
425068
1005503
1000121
1062804
773
410342
503782
805665
411353
1222702
593929
1042224
519635
489991
1257376
1529281
474319
971576
710364
44540
1392208
656544
1428669
1329586
34258
511613
881682
111410
1230198
1130675
804916
284833
1184917
814125
399133
997891
235745
676917
359696
87902
964960
1464544
689221
554172
1071616
542477
622869
987799
285677
449152
625865
814547
182570
74926
1219303
1393934
340974
880962
490138
1368886
1028041
414782
1245614
738642
1189064
872409
1453394
656684
771684
1004509
406208
1599230
223112
466500
922197
129695
1396122
1403055
1155183
62077
78396
433317
278016
324380
1262864
649955
261936
1328112
175377
726313
325797
1529370
199929
541810
255936
455619
681150
799802
354543
95346
1160708
758239
1549560
709966
563158
692571
916978
717178
424784
769866
419053
1621741
1268173
555497
752629
1194588
1014207
905900
595291
1328146
30486
659092
395538
45591
1525553
779915
1147898
617774
1420146
1434534
830801
1046540
575780
23310
811224
1040248
1056091
471929
811902
1380872
1488669
273680
790131
773925
417368
174347
460965
1240429
507246
362393
1032986
1468983
483096
419234
804064
1024481
227270
546742
41939
202656
862513
1316350
622517
1510237
1250955
695250
196090
52235
290182
544452
828583
750874
455338
1125422
12673
228874
466049
608642
99485
1142974
566006
794975
37945
233146
341937
1125975
507775
1446233
436307
154728
351191
1390617
504839
421120
1108801
950045
1218813
1366744
1087721
554794
1495461
237186
1346686
1449197
1432873
629180
740789
1030115
237098
451968
861995
1078941
842756
157876
813433
1010967
1159275
231632
239700
414400
1539967
87419
1506930
1535280
47876
323799
804551
809728
945041
244368
1312024
1594816
298505
719120
422834
242743
602318
638628
187215
63756
316543
857405
268212
199585
1627621
839407
458477
1261302
449053
1539373
1524444
919281
1068183
443737
199816
1520912
1341696
844016
114986
1526840
1176536
481001
111385
828581
301722
581083
50985
1192047
1400409
1430727
377047
752367
59327
153613
253199
562047
1249949
768325
481125
349610
535064
120674
1149492
422222
952693
421785
822195
149178
1083451
578158
810612
132050
132653
262474
60482
780755
418450
453792
1048531
1237350
351748
701545
1464825
606412
1051642
80452
344020
1296051
566631
883938
1045245
221888
171091
184305
1295543
551784
354382
848306
507622
1041327
505774
199712
1466469
67527
127227
726211
1116732
437315
963710
1567583
741379
309285
123499
1138308
1162653
1074496
662250
1564682
1153935
636195
1526050
939955
889239
508978
757186
347268
1266534
1483213
329265
811485
799309
548344
527012
1525929
890238
65142
1440432
1459794
728175
44427
635311
691643
992275
390062
497102
420324
289983
1181639
1429306
1069124
519574
756018
404118
1065919
750135
932185
794365
275071
70233
490010
170627
1460190
1310444
1341035
729264
881921
1378052
436602
918608
1189349
70015
946558
81511
1493850
1450327
336023
287717
1606662
435041
1418000
573833
469501
130917
1057611
930859
104427
745346
534156
528582
546344
373070
1212608
1371989
1405525
1141036
1034167
838905
1187402
879395
691732
1124473
184571
1219323
493250
1162866
820318
1294189
836282
247975
923015
433642
326214
660748
680296
69922
1089701
1543749
152469
455743
995910
574200
486501
643688
1190807
756185
86309
634157
976840
225647
1435180
1541536
1387536
910906
537057
1577018
1028275
707967
1521674
719350
1572132
723857
680893
733088
1180830
1451291
1549563
1610710
1305745
179596
733514
991771
1123244
26269
334145
65586
406966
1149344
586464
842395
458835
498780
812582
1134433
1598992
346808
1211883
742677
881170
57569
1170190
1511789
82188
54606
831454
665936
161505
1236298
1556970
100257
608601
296063
1271366
1455387
1211422
673418
145698
687188
1409215
363373
901277
947811
782057
1255246
36867
1253163
946052
58913
574370
4534
1290047
163728
1551487
436027
102540
13618
1577475
778150
953859
1131594
375396
364578
468138
235345
521516
1086675
474917
1089894
1304896
697764
580016
1195524
68225
736228
13870
1517330
1163045
840790
198222
542896
165267
865099
280306
862355
350317
105551
94708
331594
1458863
1385160
1018021
117228
668331
1382571
219530
888977
1241836
615697
170579
1022034
749436
319021
1473556
357337
1111852
644108
42274
348167
786940
482095
380345
11939
1091617
1012261
124312
174118
405893
362894
640502
1448945
1154063
545214
197404
373405
459865
805120
949215
1280864
209939
1539616
856879
708946
372561
1078109
635973
1047158
404597
128806
543338
1399333
261105
85224
1363662
1318822
900147
373035
930266
359523
614920
701056
986711
590503
1029882
1504732
81312
395510
921897
1172776
1022642
1426348
138791
1477160
1094912
759504
1580867
432133
1379730
822205
388055
905935
720370
680306
1457262
1560330
600597
1103321
688457
452706
217320
416366
1396520
614923
654839
910263
438040
361779
1212472
1379058
780288
110500
1034968
822501
718609
882947
1162669
1044440
567984
1338826
1518641
91884
224336
207939
114619
1152845
440199
1557829
1268469
1146788
987427
922796
582817
82148
276516
1105844
472602
1037368
1130402
637046
102745
1171305
493895
150176
456380
491409
885893
685837
1566722
887329
308073
436392
1110911
613352
324691
317780
847674
589790
1576065
212449
941977
918938
920472
791723
198944
884837
229731
631338
1238746
822327
1354254
855918
917431
487642
790120
236034
193886
662964
1077596
213907
666363
89620
1297753
1246099
615932
1617186
7974
302390
102497
593270
451647
38604
835515
1270555
805149
752792
801440
991410
732056
176080
898738
903821
339715
356588
272415
1207452
1123711
884167
507777
1284757
504767
478102
569677
795072
391455
1506971
424908
568872
1119310
99042
1055899
906238
1411861
723302
60605
294281
66971
331905
163911
707915
879831
1362495
1046099
683270
371683
449972
109123
956173
27475
449178
660955
1388696
792792
832178
515805
718833
892961
185832
37199
1215139
227267
160485
746493
352825
549042
563255
553467
1126183
422024
471184
358937
1268427
565882
59189
488980
301164
283633
383789
1553
853151
1064082
1019189
272590
1092693
1300763
1435359
214155
924248
1503896
1467089
1043532
1385147
1057944
1027923
26720
1666
278538
685311
730299
1047604
487237
363661
1284278
59506
994067
495168
1336853
1098918
268056
932625
1026122
197749
878334
862929
118155
430783
630941
916411
157051
986120
177919
64657
535572
1616724
1455671
626052
107717
459321
1397551
796767
521611
1227251
803556
696774
1121933
1271119
1162953
617094
915832
1236695
42092
43668
309135
1149908
396810
1568124
48756
716068
144564
162965
1243132
807357
872758
491774
981926
185848
1584013
433388
416433
1425211
943657
43644
43838
578847
1514920
139843
1034224
1023600
60808
505508
565889
796667
50255
304898
1134182
746177
42654
678070
768775
940252
47631
1179337
686035
1586778
276595
493061
51271
1137110
677530
1373586
334260
870238
1591098
1626321
966145
819703
452005
322749
642308
499448
1571756
1333227
677688
17011
1184058
106514
709224
719228
237895
1289303
217289
754322
1166690
143767
498271
1207136
437057
145063
1241647
1207243
229634
1042178
823384
49768
458073
1521346
950315
451871
1371862
541899
323545
1387562
980998
1348265
526813
839228
497594
425177
1473587
634848
195822
942443
437280
985212
1244652
457174
70771
1195266
854725
575879
28939
528372
12653
522703
1033062
846808
647282
510039
136274
766217
162080
1035592
421105
666537
1556364
762923
1335315
1046125
85735
265780
1207295
1212158
1021309
795961
739504
801527
104336
449462
128407
1482101
29432
984945
1353438
516239
397171
1090977
1394484
670976
200063
235933
849467
1374729
555212
1596831
117329
1612
667465
1285295
1509726
1058212
91650
851279
124122
378350
267178
554409
1398801
332130
1174934
1145564
665993
1300408
214440
570237
1272989
1358337
1504850
1296247
98946
549643
577051
1093156
753900
536822
513919
27037
1268553
1140777
390195
151372
1424663
498540
1013235
993328
1070741
1580491
1470838
396047
515369
376372
1550460
619708
547229
1341519
1445398
1180894
1060888
302595
553599
1423268
528716
1188704
201796
1189263
950740
520734
251239
257860
1008381
634811
28212
233280
777441
725496
1007368
8095
1055926
341125
978595
604724
289787
1193518
1242849
1544869
1486264
38847
373715
902940
1030193
380716
1546279
556002
727067
1202871
691753
82921
1280120
1477482
1566799
338712
774070
672156
839653
99055
349140
1051228
139404
322659
573131
1123049
1196279
541179
114984
971411
1050278
625235
95612
1468864
935484
693101
779124
1345500
475677
109811
1307483
1256575
772021
220618
240476
221614
23518
1302777
750466
1287861
1189701
835165
1026003
942677
381475
707689
78660
1468470
832847
926679
1603085
575031
1609815
1016603
202365
992891
935629
853187
974778
808751
1018063
1508312
338869
591012
1219202
737022
541291
920651
383241
344434
383304
937444
675771
72085
79242
757632
686673
948522
1419616
1486087
1625453
1294544
714387
501939
1468686
538032
790893
349037
636679
526085
1284257
1287998
875324
686840
134761
1055668
344540
668515
570375
932040
330911
147415
974655
1329908
1388295
1172594
480760
161728
1471431
226585
36665
717126
597479
275708
1366122
603991
1272111
923301
270569
667413
883231
226563
385501
21470
326059
520297
1059860
447984
29771
315224
103064
296604
1169071
378548
509825
618076
630325
621517
1171192
1272224
1097777
260315
9512
1059589
745545
1349686
1358221
295930
460130
597358
157709
157520
403870
356482
221705
863691
266410
35754
664782
248288
798581
157385
1201562
1155666
604961
857510
998256
707277
396640
47132
820522
872600
840203
1314401
130834
859673
1608265
350684
1251110
168149
1019394
507827
664397
524384
666784
1588019
601365
1028416
260097
322875
209100
909722
1351046
826813
988666
445407
342627
448502
654272
69034
592921
90765
264638
118964
1541867
214907
132304
184453
43469
494320
269466
1293566
558654
5483
1290422
1609474
785745
420980
868492
1324895
261655
96297
358191
1256363
1335606
1547616
1461779
493191
1509788
432671
835123
1574687
612700
689057
938947
1143355
107846
520882
702442
65379
392589
467943
1112483
1045503
1177346
853904
248620
591665
640347
225205
1562355
744417
260147
1083941
952081
295870
916137
919970
125425
15059
537286
108758
1224182
579649
1550875
506469
1526416
1282428
1179660
1598457
314755
552542
1552542
490924
765146
968639
252132
478869
667516
892729
920380
382742
683231
526739
213829
574524
1505248
580276
1588156
567099
726775
144739
347982
1092495
239906
55684
65111
1015081
154156
989229
346325
453348
1182289
438522
234899
458848
290615
702361
162568
1256007
1174668
178561
231073
370141
544261
322434
390796
864980
1088149
1099897
502819
393563
783618
1342068
726351
838297
978967
595258
1493429
922053
348808
53382
61442
178093
1022916
1493918
907195
471727
1430472
803026
161167
20879
1057073
696412
34886
631400
1039711
820478
423311
395842
90341
753727
1629567
345784
753812
1142766
1585870
800061
252809
659922
1320941
658558
1591255
666083
1386360
912583
470309
502321
334792
588870
1345999
462321
1096252
932477
791765
143085
1205150
218495
1423573
575669
989734
717913
690727
116464
465025
481585
369786
596761
311502
269952
346379
1294658
45368
331083
996617
883989
1347941
894864
1237843
487893
96347
281969
1100301
1226924
1102724
369664
399407
874610
935311
1602635
1320794
46243
824892
347305
179622
93150
1026873
922502
1067509
592203
1619384
150499
1365729
1240334
1050647
1175619
498579
381849
517682
993334
697395
921330
598388
652091
662253
299005
191195
786573
377908
1015605
803202
1601090
1457656
1587418
391767
925829
1439013
452892
1473683
1116306
1382012
1105725
106772
834331
646044
211924
771506
554359
876309
96290
1485711
581740
1369017
1158160
1056575
186055
383544
1299852
1512337
1206456
1153491
693316
434293
1251796
1008101
1101161
1046714
120249
98743
1249040
143288
1366727
523295
1374543
878290
558179
1267128
564800
800656
582118
601511
1179106
131962
396938
202593
620950
745326
527332
580482
598197
1051787
1206128
138925
770738
1004938
256017
1028553
262715
615384
661668
385093
801643
209189
143018
831661
803531
967215
445177
1462580
1076956
679012
232041
875784
1138566
509632
1628462
408289
1615773
654575
1171976
796502
456696
80758
1128357
614428
1070659
352010
548214
1463288
459986
110811
97480
883451
989764
1393492
378865
1307127
1209800
552323
719293
731016
294786
1006157
926062
342093
916519
670653
962723
1429210
1148797
483522
629268
94159
254559
845227
1260724
172388
1211470
335366
1009992
394668
110523
1559831
1085203
760993
543273
1132239
1478970
1347586
650148
1574998
1493078
412846
1611809
68456
442817
1348068
1031790
283837
358292
632334
720682
505658
1095188
573268
268809
795421
782352
686303
211925
187218
1257
643833
652262
892058
591893
418718
431988
427446
1433992
624827
1199752
1046923
1531459
1106693
478692
1213279
1381470
1477777
666880
448876
1548595
1431242
687980
632903
97807
50970
1415528
158879
1146885
1227985
212781
1212376
25422
975481
259884
985926
767189
1004515
1162389
237147
1054643
124300
105097
150900
1160012
100824
289004
675163
1244615
367549
963689
643282
1011121
736846
1373905
710969
774156
1344166
456760
259746
1468623
42694
581909
1405049
1094051
1588399
87729
55966
1087377
572110
428607
1207419
627715
995394
769128
834044
693468
802489
1317176
214463
682403
881480
1219696
972799
567839
81027
3476
67287
907241
146886
680488
251428
685408
216059
1284440
1423190
59594
1225845
225628
10265
1476524
201053
184722
704653
700554
447133
315662
656936
713063
1039735
597617
792779
195319
923964
254636
1004865
829460
1341694
905284
851740
1368242
897062
703824
987629
1373215
325783
1443501
293117
1246452
977614
316603
414208
755541
586965
102094
520488
800127
1182484
1361238
261468
1527030
671064
345394
30202
549786
293740
1167873
800701
623081
250902
252028
1079600
594881
328041
1083246
616508
246533
727280
575097
167109
65052
193899
181059
1450858
565809
612691
405297
725510
1176942
253944
1256661
1496269
847762
1371112
404338
515424
1170933
1435915
214027
1182763
541579
522780
1554484
46329
845629
1465519
405338
473371
250266
1228997
180288
44307
775930
1326595
1371784
462350
22148
216495
620070
348085
265620
1468290
777620
989257
613654
1135506
576015
551429
853819
314816
227918
410060
928276
570966
1192732
201583
1098722
694072
960644
461813
603470
700544
352694
696534
1274843
1411330
1288772
93487
1019678
326694
34867
292375
399270
494843
1414983
965007
622812
323309
153845
1450853
1483210
473046
433141
744246
404882
67376
1170967
1249562
1119440
1456713
1132942
635956
542918
467795
1519228
370687
1021506
41655
832594
934789
656869
1405994
193116
770969
1178270
1258301
477759
1332288
351285
366241
1617099
1036557
724177
779860
1056354
138002
370768
1246523
138505
453829
1290445
506846
483376
1132115
797474
832670
1041491
885115
651564
242916
687224
994060
348751
404983
1055824
1089999
1416008
1061018
71166
40237
445552
473199
1210318
644242
1220005
885811
383616
950036
991791
867020
911071
346315
675285
145785
781865
143547
1018358
1399317
1430684
1212208
498739
707236
1259703
946502
792374
630522
1088599
30135
351559
1455485
844915
328098
1126045
1199722
418371
370635
835594
486487
884155
1598816
1251089
671219
923793
1399974
904463
165686
254151
291475
747530
1317969
322138
1368983
1181908
961582
985096
122767
1017124
427776
813822
489970
238440
19828
488448
97855
297167
660827
1322366
515257
785544
734841
1028753
1110410
1003020
621621
1045793
251711
46011
1340105
1414083
776595
1215452
704657
1347213
1517984
657174
589903
148386
547422
556130
341355
908722
485116
23251
1415368
1194123
421826
1274015
1162449
234964
744446
1009493
770962
1101877
1619000
1309604
223671
446624
279444
1163692
746653
1513630
619889
248790
480485
1089593
1420806
834991
335270
197656
882348
466820
203958
1084356
430300
1157478
1121507
952155
85029
828443
915345
420983
816004
410930
1215916
106083
1273921
974911
167397
185283
1611927
623304
1132635
1338422
1425588
1130328
1170571
1510840
828731
1007320
715369
167615
812858
148193
516382
397809
578569
134494
296012
721928
301897
1307900
786054
336379
1404458
894923
146123
735109
559089
740530
1026665
911403
1312924
1238994
1029577
216385
884344
750089
747618
795912
1078690
1003435
972116
593492
1257316
451577
447280
353111
1478982
677516
298240
384824
692255
1449895
135009
297483
122218
52069
449394
571021
226776
378393
1161497
278404
890634
448306
1529600
1282444
1274208
851538
1398710
1414889
1228705
115760
52058
864982
1371956
773072
1231568
1542360
660257
397105
1331005
1071825
1353720
1079809
1223226
571018
865999
364889
682647
772982
1111744
753464
1122606
32370
1611164
29457
803651
446043
731677
303108
1446267
856954
566886
450596
1353445
29226
642860
263274
1454147
553733
983294
508303
968182
354524
264590
1213595
747657
686738
1624638
673558
1163552
897202
1188469
652415
1144764
497760
1385226
1389954
187020
207086
372235
988491
982310
51894
427161
320518
1402780
318859
103960
133218
1468629
1003512
121632
1122243
1267425
1501965
1107029
1301509
216640
977152
428461
802590
1270223
837534
401921
1025363
220174
46616
247469
759124
1607000
1205995
302924
794462
308522
1285676
1047157
1447311
700732
1228008
705161
1223190
1138081
559287
688570
1140554
439224
316096
897132
526603
208615
685411
784463
1474169
734309
227058
1276024
312139
173181
1055547
172526
852515
1382247
1110481
960034
643662
608797
1116677
754263
1562076
863269
331492
590798
141197
812412
460516
442003
281950
710434
1457996
445802
1310934
1309971
1557737
1138399
688566
1056178
199486
224967
1464280
771961
1600730
371968
1514679
1205672
168915
1376147
227362
1257662
598157
1105272
463974
369201
357485
1467531
1274995
1351264
716162
1204814
1010328
1386225
601928
705390
1286149
1251324
1436183
9653
356163
557904
1347480
1096704
464417
499253
1374230
996777
1304781
694591
1012277
1514732
1065556
31089
474273
1076229
528084
701843
549177
544180
436716
938784
156752
1315277
81795
412398
775969
875117
1256583
771304
546918
383407
178769
606775
906591
173264
670464
456769
300518
1141334
235428
950207
753626
261885
1335443
1196050
809431
1140884
429511
630821
874464
655381
1289786
598517
1551021
844727
921468
773256
1509250
1613530
27165
1118908
122341
886944
1190035
1205415
1501889
1383570
195419
978807
868187
351594
187285
330440
469303
467705
131623
718495
423799
130316
630930
731192
281292
156169
1251974
80333
701641
604631
993124
70829
792778
913065
1209358
376423
177113
896443
1203912
1107055
426720
438151
137369
155076
1379129
643255
520848
1448410
1545458
1521530
385736
1397715
101082
1060836
442282
1527238
302388
771266
357368
1110597
681284
639320
1381694
1179642
237146
958346
941377
639864
1392880
1358578
1166766
34179
685430
1445471
614007
221302
1482534
1101815
109520
705224
1007755
112362
16576
315767
1254931
1312060
511659
1355172
509423
795009
1177656
172481
200397
248138
955800
344127
1378623
334757
1065745
1053328
243160
949674
455276
911546
914308
289254
113566
1422880
510869
859027
1120405
37503
1011030
1150477
360725
763535
738619
951010
548037
674307
92613
276932
259656
460783
30818
282981
1133492
568850
424198
1323233
1186578
513362
360602
511893
739553
707101
734640
1399980
1116181
656347
1523714
190604
895965
700798
530508
1072680
313028
423108
271907
359304
604159
387693
152922
464529
141903
1016161
181668
101149
129952
53090
1107154
265912
556903
663228
635738
1245573
1093826
485970
1420346
509164
286764
725177
274442
1537657
922435
52247
84058
414182
868736
84257
99212
1227125
795263
522459
353585
219838
1247474
1132847
1533567
1399901
846310
641862
408789
1101451
1054133
1178180
804717
399162
924784
754137
597096
448756
135439
1127854
145026
434871
1462708
1300191
802562
901540
220677
643047
1342164
1362864
1365239
1477604
1052363
1462655
1458556
1289391
1310958
478018
1334396
1575501
1631816
451259
568025
1247699
1185366
452895
821684
389597
372373
895436
1449577
123531
998708
1401392
939087
884156
608826
1325027
770332
289579
500159
1467984
1521511
1121989
1139785
1352967
18956
1007693
360812
249195
696339
1225688
350873
112755
469078
1235478
1191056
472537
1002824
1018401
1043820
1369733
458851
1626837
362727
1306677
532857
456386
477414
919368
153102
1157221
15221
415523
897506
300391
1613270
924231
1327527
1352203
1571711
16758
833434
727237
1140233
653690
955915
756960
26380
1429202
331337
487362
1208947
1073377
928266
160963
1098102
183882
972471
918334
1112110
189399
607440
857674
1010775
725490
1328059
532891
100075
909500
1317502
94515
1195422
552223
374017
1278062
1292651
750765
994624
1556855
301614
505255
541006
527516
1260846
1241003
1030390
1242741
126224
943572
1185013
368041
1066845
688082
865028
847648
244171
908124
42685
647366
1039634
525848
694664
1451300
748703
902903
701551
462056
502104
1369513
270101
549323
1453665
1150671
1540604
277024
850134
966223
977690
680247
242453
1101431
416737
1434578
483520
553237
1034693
1258836
961945
116775
499863
430442
286199
859003
82593
400103
675209
84083
1301922
488528
347471
1114468
600910
10637
1232164
674170
959857
326070
1618426
1125898
1359069
1388308
676541
370809
83342
53928
1510876
1193506
312221
1326617
852707
1293806
685738
1218858
1450549
339989
242043
307482
1298512
472298
1247850
987278
137657
1536709
559443
930408
1548483
711552
686107
248216
57143
382483
1464998
401258
895115
636389
48823
683608
529745
1365089
1392021
659530
834299
779405
259659
510303
49319
1367879
1217809
1475271
373891
1349698
164362
330576
1364270
1561581
339637
122169
562769
129298
946417
348255
1372096
1314588
1348624
346594
932207
593168
269561
1301868
1051099
1200276
1306056
481421
1270616
1226955
1018654
219528
1060982
1513092
1024526
712812
85621
1193840
1351267
49000
1091755
823505
785198
1352332
1217744
1347918
583577
1559584
1244857
1283072
55204
202301
1116084
487422
369882
988993
183403
388627
129907
1073637
1231688
1046914
1299972
865004
362860
601951
744267
1011367
145369
887071
497314
860807
1322090
1222795
2234
1420268
280348
464887
53374
277800
1465836
347753
595841
1235994
589433
34404
1072118
351342
1325581
819833
548173
1035982
940760
129949
348326
711130
60407
866055
860327
1224199
1323306
1386943
334995
407559
407452
1338884
1376805
764967
768620
1169471
974605
604032
1493928
162543
1174778
149149
1026623
802326
292351
988309
1035199
412308
303787
470680
91519
416197
847405
1573755
388507
554173
1348680
1058422
1287299
229397
9425
1537930
221037
237956
899374
984671
723871
124877
477165
1505914
458979
1136042
260030
1345236
593585
1492723
357178
190271
268170
952820
21805
1029175
1303939
1149947
1342104
965617
201234
220062
392727
1105689
356166
787745
1049714
458837
652787
1555835
93421
372300
1041216
1549610
441973
479002
1011257
233866
1078379
361880
1387423
181314
80418
917029
1364112
221081
1057116
1109011
1310758
829913
1188053
437371
1020113
1299426
224130
224057
728814
1274966
1542137
497405
747802
1429002
684328
684121
674295
1381921
1564243
769012
473037
471582
29000
180192
1239523
377973
281838
1380846
115809
20681
1182718
947226
1281273
988469
1406376
1541198
1397701
769222
1106266
233431
1121339
562121
874922
1008754
1452785
1149895
1330823
1059775
1110457
1213622
1432738
120600
265286
639230
1385159
1038430
849336
847771
1399957
245484
1193018
354345
1213040
53157
348316
356752
288979
150862
139105
938253
988779
109705
1123691
1189900
1065785
321092
1043667
1401588
314735
272730
1190737
1510393
864303
1296357
664508
1489127
38794
134987
582263
399922
248812
619540
1016386
4486
774819
439911
275434
862908
662774
582122
1055562
1000446
276
918585
69066
1085013
820027
305365
1302996
242880
219031
777272
1128124
433330
220589
1154492
642124
1094875
81186
316891
979995
432801
995768
608815
591442
493244
902387
1030905
1175250
215726
1227250
955233
980454
528013
602275
1298718
1611253
18467
71278
1290285
906835
916117
1291031
599165
1375347
118350
1290993
538106
620598
1386948
886866
1375685
1146553
834764
812997
821158
278807
779540
1414193
256090
1195241
900894
1456892
469795
962165
1238340
994839
1271258
214942
1561114
1038998
845820
1282603
1009366
1047307
1302683
476577
727908
1304469
173198
950318
804609
85496
575886
924663
1552456
213195
651862
1087265
459557
1232479
332689
948012
747407
973131
349646
168695
499897
967054
1333073
583574
59545
152431
1061892
973229
1170635
332139
1113959
688311
167486
209123
115026
195842
300256
1599717
1277578
1412916
1260408
1077500
896977
1000347
1230129
401390
324496
1478725
456160
1541178
1477406
848020
1120141
206961
1399626
923984
657229
362188
90816
318093
543848
63100
1126461
1007883
588132
996101
378064
123686
125578
1265796
525271
1590625
528547
1448328
1388401
665103
992693
873251
1045164
1554183
709614
1029624
67680
1062833
1133878
514147
101547
1407506
1272977
1116745
1575550
555701
1347277
1069999
1185320
452057
1195326
1360150
663702
1504208
1527853
1264434
1156540
1076284
334602
184587
709955
137095
1548767
1548274
751818
1444785
38858
1530917
1154624
24065
1081723
960890
430433
578702
1060650
360503
1553228
748067
1244180
978430
306330
1148422
459495
634778
663543
1068154
439626
1339046
655571
1214473
666705
789695
1176866
1472353
1277812
569454
1375034
1388790
1503394
520476
74262
558145
1051307
1533964
500270
1019829
949316
1194729
1497897
772338
196749
485178
203037
453216
749592
607787
215695
376698
423539
1527969
520303
239878
76218
1195030
1461540
768317
681377
691329
320875
909312
1340034
1508335
1367326
1618104
1045774
953395
1082056
853098
312271
593856
1112357
1198414
620963
460967
1150630
1365284
1222556
595912
409511
49692
19935
876093
48832
776510
376768
1096380
1180325
1602822
529634
119932
767541
342140
481723
183357
887410
999355
1249150
1107865
488755
1154647
746596
675090
958762
129548
47792
1172121
386055
634738
211958
164074
639476
1260358
217634
1319843
687807
1227924
1297325
84961
648448
147816
223154
206085
1215455
899083
459786
244032
240614
304797
651764
1316463
963286
513913
649889
698018
957457
491720
710923
1596175
1326304
235080
842215
1495228
1181862
661395
360482
786249
1154307
655111
868251
599642
380838
840455
1211328
225765
892130
1499081
1398565
1009070
1250334
1142468
487807
446780
415258
267823
1464454
910430
1160302
232018
184639
854550
308487
1194458
966484
1041830
1329005
351273
1032896
276081
252004
800258
960243
599098
72125
59964
243185
919347
39877
425789
469468
21497
1138754
97745
60143
274843
1375571
949149
479226
817819
444311
547534
7127
1391371
2885
706856
401886
1480900
1265237
732799
1057614
194948
88172
28954
13759
797933
41590
337506
382517
1034794
52702
948280
1271755
1567498
1172822
1003753
1337631
986608
460321
1270291
409118
893215
359474
1509939
221396
470217
1224792
1648
1217132
900183
1242638
544401
1085658
1447797
1620607
1480129
820539
511414
982068
1324482
545959
229856
661128
819202
185329
835688
1339930
776328
578261
686413
1498944
402553
1168684
911642
494151
348676
146441
617983
1021516
168547
665420
55293
203563
511090
605532
1469361
804755
1223477
1113466
747171
1391736
730318
672964
907885
339813
349952
1529318
111301
445003
441683
939509
734163
654287
725206
513348
455749
89839
680869
1313717
477114
523337
347149
744371
1190534
1289914
1273550
217486
853617
263270
152904
537130
920201
138852
130787
1520266
245863
99374
1519371
832391
58543
1088954
1626788
679825
822979
898015
358753
146074
856303
91961
386544
151462
1290566
356244
155400
410310
16190
640679
326664
875307
18620
1312506
130085
292215
1440741
686960
355407
56815
250062
1421080
393188
1349180
1198290
554365
16429
1243649
1345279
1235752
1393261
1426658
55396
1103266
620564
887429
644740
398577
1018035
77557
518086
1145011
826699
1136137
377516
577415
414019
473368
235763
1133954
44519
950950
1556891
1592825
686218
1605687
1166696
562709
1096305
1321639
376874
1034604
1170946
207215
403347
1321353
347749
381623
654013
1286002
777900
1454073
819870
1275594
1006498
1598358
1202120
932495
839656
1097057
924315
1035773
699891
1444350
903823
544126
1107758
128554
675789
149640
497072
955312
1329425
360358
765569
648813
994903
1232429
995685
15372
1381663
126292
713817
862115
195853
26912
259233
547887
232042
1059333
714959
334303
379425
383960
493792
1275022
960836
513310
1084922
609414
530588
718053
901600
288048
930647
1259192
272201
141765
850264
1182406
907161
946029
1227629
827505
1160031
230236
406901
183769
1357040
1537304
1434460
578384
799836
753507
935215
768766
1009147
851287
486082
851560
626984
850635
1267135
669196
1363739
812368
1491193
88931
804962
156456
1564633
991216
145340
332670
10885
209905
556897
785331
1464762
1470810
534798
1299976
472008
774148
357249
265004
1385302
654773
648302
573618
95062
301351
959369
1549127
828308
654233
31015
1518501
434802
894411
1431467
494392
1552399
1527634
239789
712884
496264
814280
461281
1199744
685432
777167
665295
825938
1285481
1062172
885531
34798
767694
552002
1343497
1077254
462196
979187
95216
1369512
969881
486881
326588
1407250
957341
812725
528057
44001
756873
253889
158686
1357414
870416
964158
754055
954256
118786
174649
986923
158592
520050
667373
218664
24998
577394
953359
217103
762619
1123848
134986
977184
1546280
441886
811525
802690
243474
557610
816741
1275844
582491
1231090
741697
1019803
822295
1065539
649545
1154914
211169
595569
933662
734251
20342
750198
1215362
1583461
381783
382789
1421983
1603307
1538009
634531
279742
198104
362131
1329165
1364363
834964
768272
1326907
247301
537589
74471
940825
105624
899166
254983
481789
1550765
53462
586704
1180080
565071
130275
1271048
863087
704395
122040
562441
631729
1316966
1172314
504574
74708
1333480
20756
113881
95585
166190
568204
481255
606603
114083
278243
307007
804283
1563907
1237599
481017
1141239
996590
500351
1053289
807998
408283
1510137
436190
253831
924184
201636
94626
523869
204004
1261348
265320
951519
1496270
220534
732577
80564
727345
816967
1576508
229088
288694
1106039
348900
1350472
453943
124584
1430359
1026711
395317
1555518
103717
395945
1221246
196724
1541350
1032466
170642
1041709
195292
455106
914973
1072525
576384
522301
1018937
1451744
1024395
76361
91186
514344
756047
46963
1092934
440881
384732
798205
652597
1141368
217818
1119992
695517
688262
1105570
1062606
1142273
1030902
402340
1621650
841856
53113
235577
1530369
82924
938422
1488920
241923
1103631
1323684
1410108
953906
1183155
42093
1447947
771298
234634
412009
836535
1302547
858937
127635
81147
564652
14149
55799
1524603
447926
749546
520913
78861
1215340
600628
1087960
1262239
547
898258
283274
334640
950225
248395
463064
321472
1171626
1246313
808896
371681
868430
1011148
595225
1357482
902262
1088511
952160
504333
1056582
223200
1582
1171570
608764
993179
246801
1203056
643196
508158
171970
1392983
175459
33725
1180626
72574
1569656
282597
619177
850369
1348654
83928
211635
1540809
1167985
1075779
291189
845428
86588
1102885
138398
193103
520802
291859
930702
619615
1350429
1021313
1478214
419936
576191
621653
506426
311657
196134
807220
1336280
1306505
769341
901468
48340
1473534
605703
1505568
758953
854720
1102435
241828
570555
1099948
20945
1547128
1025671
1503155
203282
1088157
468373
947073
507625
225360
43765
989016
694333
473476
1260156
558480
1382009
584406
1565141
437988
690391
643267
1067591
770329
311991
698049
987541
242086
475058
1169679
965307
832875
245375
127206
247076
768700
24487
227476
1075400
474568
812197
426652
1051396
1439161
612822
1272791
585851
755925
1249508
336504
597552
666661
862555
968450
276401
859352
107361
1415156
1009612
530390
155907
1282117
776633
575365
554437
1517181
552518
1236762
180258
1061682
1461913
46108
927421
115104
131978
676730
1392389
679368
246868
1433260
1624542
748128
1095471
1474853
786698
11118
501838
1183454
1258591
689687
568733
519454
1585657
327475
754450
1116887
100233
489523
1429631
92994
409093
1161954
342511
200322
293051
1625629
1247533
327204
790276
439790
1110442
308398
1403877
847100
406207
793152
554971
602494
1429209
1056446
1466394
801622
1112613
178204
787847
1546064
369605
566202
254999
519776
665747
846038
11990
70986
1562832
1485683
729406
1251842
1087770
1154766
593859
314882
578021
1360680
63586
72082
187777
1390650
420736
969132
532819
1479671
1196448
1009208
699828
775745
1171322
1353778
1590058
1083966
1527954
1266841
154417
487493
1183384
1347048
1025543
70099
849154
589594
878182
173301
1155668
122325
193584
1108088
490586
584718
863666
645394
950591
100406
879360
970743
710141
817370
53361
1622905
789917
734076
952238
708320
446440
161136
694051
1482031
1322035
852283
509237
1031849
1567241
31938
851122
985185
964741
23471
605054
892923
1444963
989437
383553
260357
1225733
232966
583697
1141558
688200
1199588
688229
464201
993589
302571
429547
1010867
1053769
494966
853867
632099
1090995
812185
387278
629505
989329
123131
1494387
142990
9812
1145743
1603526
1530164
327982
1208976
344285
513769
572345
828265
1125079
449607
511542
1246331
1201452
149528
175502
828089
1061648
1241419
388532
121706
1428431
705387
10577
548456
1329641
716440
1418300
67245
589317
1054213
1345821
925932
536459
878587
1379811
1152602
207228
1077715
576535
1210534
611877
577269
1486928
565174
1003652
1065167
257961
142521
1221171
962913
576081
178097
286867
373301
636429
968080
946874
1137137
1476236
167784
924009
1363609
1339800
239822
1399461
1404768
1527891
1153613
603393
590368
1472800
1358075
131843
1015971
205525
316783
789146
1398328
216631
1562784
404453
302311
636443
582244
1492163
905525
131442
962253
1277156
1206049
378909
1511795
1351232
896000
1484968
458580
1514771
844169
816463
1026981
698459
137201
567545
609868
489655
578348
785958
136150
1483905
272929
1116210
992999
509739
1384144
1210772
772975
186360
1063443
294748
681831
716461
320787
951549
898567
92012
1191993
290176
1212445
97265
452089
413035
1273972
955428
998369
1270354
166532
851369
1139777
1440730
2753
777520
117201
884322
546902
407460
1203952
1078631
435953
1057162
1056771
948689
772751
993256
400847
1589992
1042700
653845
546074
379351
358247
627979
1117761
1266124
659181
135442
56387
751095
166146
908996
1412153
907170
592334
143093
1199735
1543723
345898
293394
502205
1134932
1051073
47638
320516
1318507
348774
327474
1279005
604288
305382
981587
336556
64188
798527
1254911
738577
506143
894315
621571
189286
962973
446064
74834
970375
1020790
440256
53326
1164301
173038
205400
1358118
1622878
887530
761932
838538
424984
1007869
611458
459517
38326
735187
893117
782163
120773
874799
382185
1399437
8968
1525291
1296585
1218054
306961
645291
1563577
1004687
1055250
435854
1547687
917543
745687
1505710
1203791
424336
1169261
495186
138336
1065717
483407
924646
919204
932988
993223
645263
310255
1154679
708722
982292
930030
1303724
464191
676940
345650
730869
542681
270905
785167
1308347
1086480
1410024
958493
1118501
503788
529986
714725
71334
714853
187726
298500
1078861
722523
484005
809909
555700
1583847
927742
1162231
165066
570687
195177
279731
1239038
114584
1077117
1082406
285812
89666
1083431
395447
566259
520145
684290
602340
30445
1297256
1522690
1291210
1335470
1289209
352667
1012938
856175
1334725
777570
982863
663437
720266
601160
188827
1042114
1529269
739509
1303883
1114283
607794
1323106
1042548
21257
1003074
866140
728375
1598092
549374
458813
1422219
1066165
903357
86366
987679
986062
756886
67214
318340
555077
1261869
68475
1257983
757515
410001
368752
677540
701836
6670
1009565
152948
978334
34735
10426
857989
190114
1420045
1068639
61635
1529127
333165
409925
1257677
1148984
1079316
1021655
1291506
272545
34692
65605
549017
589310
494647
1568835
913875
831731
1056999
412847
763187
198265
754502
244307
984752
834509
1289497
1248475
860789
1131998
452544
1064956
850485
1016570
649117
231388
66401
993643
633958
901120
852506
1462086
1368366
1559505
43825
1505204
400082
1307995
433869
832505
1506902
315236
340048
1314890
276865
1278733
124297
554638
998691
1230714
784843
319235
1115007
270975
370153
774020
104157
1604113
254734
817469
1525264
1102595
150899
1198033
617366
788654
385202
1201840
1151715
799425
750983
1102388
1419910
60252
1212433
1488732
852045
73974
474701
31087
145469
308629
227350
1628527
401362
520457
462825
1331978
1579318
370842
1561184
216457
530284
1125479
607488
1420489
1059764
1121034
213650
1067785
653241
321384
1325714
1283921
614315
405519
114195
1368382
934992
1229109
1338532
1442965
422931
894229
597955
1516248
341288
452204
1345305
371727
1118655
223258
435621
909895
416744
476781
1289996
1090705
481503
745937
1496290
632447
72183
934608
324065
21240
543141
380897
724309
490329
57491
1108996
877946
1570066
342810
188756
203365
1036633
751134
1034144
409101
1162846
518484
886786
400215
42412
870208
1287021
763327
157244
859781
331242
1093599
462802
136847
838354
1402688
1187188
881314
221083
1386147
949303
1072480
1062885
960944
481765
504729
668759
791805
1206280
808848
1026236
209788
1315237
492737
256644
501970
188378
848856
1432663
268915
1091757
20269
641611
580936
286663
361853
371543
346645
1310811
1211180
1425746
284165
1166133
1449634
376900
1259143
847195
1006173
526132
789326
1305187
344336
243619
177667
694269
77910
489605
639742
613963
705629
1007473
328819
1353946
494919
722469
38218
1124096
724929
260794
1615698
660206
1100128
372843
958238
548280
1425956
465469
1289028
574978
260650
1281966
211809
107109
992801
778595
22185
677099
156876
86991
571379
1187508
400258
1567249
818794
1004475
1131093
734331
793385
402122
1320852
1518534
139611
737228
1277000
1319526
69949
701192
1019253
629450
462072
1386595
1276248
23012
547433
113477
303266
463962
240353
777774
456484
637683
886512
986513
429305
203074
445962
1442543
587679
316516
91949
602051
194226
584897
880592
1386375
1173346
263615
513048
488513
578927
1588840
312124
927605
1112595
433074
626439
1410659
1449508
780810
190602
1496429
608082
1465579
633475
356857
518205
842599
1431537
52325
37345
1227669
1155851
264226
801844
350272
876869
46693
1145639
646269
1431118
922400
1174033
1056542
620066
1196664
1199062
423926
1421498
1148247
1298594
1080716
603875
919132
1542324
1590981
869967
534265
1236789
1002921
652939
1519284
17114
566257
294757
1535161
830983
366144
1314128
212988
1168630
521869
322096
992430
1001599
1048009
589119
323819
315500
671703
1066255
1284384
597512
95654
1219719
46794
799360
831107
581885
1344584
1379558
119630
79912
56593
609455
653398
411347
1401820
299101
705895
1047949
1016370
1219596
208492
912471
1542864
963761
1557919
403618
1294838
1229198
654061
949432
38812
442376
388482
1211177
304324
558614
1298271
1286458
633579
157311
1098124
1455606
1075072
786563
976146
1557755
1025717
1407841
908440
225156
1132315
1450349
1022221
1410790
500827
123424
825170
167126
421255
918755
1117086
1075153
357725
562949
807667
846180
281935
1415542
494029
352108
955064
1452624
1050652
668418
477990
92826
35685
571691
1031443
105368
1193448
269172
506869
26434
1296222
1462365
1510387
966698
766308
1010462
576569
593170
909158
910957
1518956
699428
585398
688803
142266
1063119
1144930
1196358
575536
452108
161328
604170
833441
126584
319778
1010825
580574
364264
815088
76941
699384
708048
416134
201599
771824
653471
736179
875565
734955
626473
779276
410589
1320263
610777
535274
662243
1332790
443319
339483
203853
496627
146751
65997
193528
768763
816811
1096887
462543
913014
946819
624707
1488424
1103292
298438
1171919
837930
1528530
511884
571484
1174775
1324683
1186185
1242592
57545
929155
1353921
271450
1147743
1103527
580821
1261174
241299
529441
415442
1467956
1013406
289684
1173702
79935
587187
243500
341260
251596
654123
1318530
143925
1200714
1253906
1225121
216953
359000
442341
851522
582099
319638
227920
96009
140592
576611
506633
1040098
30577
537569
949766
1484099
422776
315791
1248317
143860
1194350
915028
665573
832059
1255058
1482639
1492996
462447
1246539
498394
1410471
1418110
920507
986866
162473
1023979
954702
788087
203792
922882
741190
523720
1564734
506545
210721
29678
237407
596906
1206810
1182917
777350
767043
1447199
421432
330063
209496
806755
1097931
585858
755627
1284429
912275
1398507
210292
875199
447310
564603
1033488
122328
765188
741085
33100
985180
723195
194083
362091
1229124
232688
794563
193716
1156817
1457408
209750
629805
1080517
1154262
1166645
559433
1251758
473534
8385
997859
1453673
1523594
290263
174153
1048860
40581
133743
1063990
42435
471051
183285
558453
642489
165906
856945
1251877
1379312
1236772
1072157
532260
319077
623069
945551
232617
817285
579350
880978
241733
487731
396229
767129
1010288
1334328
1082428
1218091
1200218
720674
54074
1221048
1144535
1303486
635900
1005933
62801
406910
194387
942707
602410
620799
464367
608679
78293
1013926
1107801
