606963
114725
359924
509433
991792
1117014
1367949
127870
291942
792584
719676
725327
417234
586959
231122
888382
747362
1154071
326818
1239716
127013
900327
920608
827021
265603
541632
729375
201571
1176382
442942
802425
387765
188084
352833
766112
825000
1088979
304081
901381
1551687
1009415
1311601
1501647
389472
738272
1447621
117203
1045384
1171548
592486
439648
574438
573885
927386
1275311
1418798
952747
57424
1179609
1068884
1304250
1468947
1311955
795271
651103
1517620
1497880
1423045
1185619
1016465
492063
327191
934043
895645
876809
1296056
146952
1059929
1478957
1380524
1385913
756964
1408604
86678
724663
641951
486895
888729
740949
886931
579851
65283
338980
642713
37881
213020
1469624
1093605
521722
110938
635295
511397
964958
1624778
477962
1283950
1109433
1474564
1485037
1126096
822337
1227128
504537
947143
980842
393330
1006267
885427
532300
712471
1459981
971168
247143
1124058
1325695
1251192
983377
1035819
1390207
615993
509308
456588
419093
477830
871482
734636
118710
461486
285403
1098611
1210528
576114
538569
633294
908982
98325
172727
1243756
809129
55894
1342839
1123888
444100
559470
43612
292112
934776
1146561
670287
1407988
592629
298330
872153
830789
1284896
676799
1491172
200860
795078
558754
1206957
1424474
1518681
695966
661794
1326155
991510
1012640
1263083
1281437
631164
229279
629229
581524
461180
353233
883490
257157
73588
1527244
1159684
338955
1049201
1562694
1406084
1288753
1291234
7126
640352
1347531
431188
462308
255898
1328728
1356160
598189
790355
1631895
386736
144334
628114
1124429
698036
1185428
104252
662961
364115
310624
931680
102911
1058961
1540097
1038872
203198
512582
519061
930546
1607823
72666
1122029
771640
1384092
614770
1176796
868400
117386
1189901
944468
1106073
730642
536465
1512298
944311
788254
645067
1020566
1266277
1208036
293330
230775
587237
928988
610017
606153
254165
1382542
1084610
1128332
1102116
1269035
22491
231929
708640
1789
76828
777390
980060
699932
278118
773802
1265791
304462
1072558
549275
480829
673419
188947
474882
1485342
937351
1492287
928037
345417
114365
11827
1256677
260830
1050209
337133
1282496
1514417
1477431
321226
991026
1365478
1028108
923288
215442
763416
1469427
236916
1064786
949324
1081464
744519
187941
644522
142075
711805
833344
212403
953374
609870
328733
198263
911379
456543
159984
917568
204379
626220
1558848
99010
915625
86885
1154025
1284552
584487
405012
79650
855747
1261097
709177
863223
314806
339531
99258
2243
316947
289573
144177
880386
781662
934407
1042683
220551
929935
480061
1275174
1364538
509420
1429662
1271380
1435297
357315
504035
372122
813451
993834
790574
771628
571470
178228
1230908
1262781
1533347
150970
609779
1046865
1313046
233707
22891
169243
855331
188658
62620
1386510
877255
1185591
556996
438299
730943
893322
785158
422987
1101098
428065
1580924
876554
1037100
438663
620264
838137
472106
503172
123184
897945
1049865
774373
992732
395340
1317492
259398
820361
874178
601482
525559
1375310
16484
1372207
706802
406357
216233
1225891
122342
892277
609395
32864
932724
720115
46832
265910
399044
1035422
730285
634250
545910
1013208
277882
1567587
1374633
870195
978498
1027737
1549205
870558
12450
73400
978262
1165363
703927
279473
1336126
1277479
1568394
587737
369634
227215
698514
705164
1404124
642568
418931
1293626
186972
759384
1409239
165377
1069587
834896
8626
1431821
649768
1314884
1184738
371001
1115046
500731
636286
1456396
230004
606080
513452
673823
657534
242496
1413249
210017
240323
1366094
1110012
54708
684702
823197
900862
936942
2456
681803
1250252
271710
207032
435421
308314
1363012
579585
680683
255220
994368
267845
1403563
1008604
1053639
136024
515393
1086998
457210
920402
1468777
464704
891066
1174131
40594
573662
636090
175961
1189973
941197
1192617
1355797
1406380
502433
1413998
1036507
321570
919650
1600519
344946
1079330
477511
685614
601820
468461
1096961
1235629
1404114
817045
427135
928675
1425997
719484
810225
715901
1047978
1087132
674894
316369
32494
177858
61632
478511
368478
833630
755913
338010
664878
389757
511944
1192144
1599454
98469
146862
127393
310516
1219384
380313
88956
148665
321935
151521
1002672
1116967
1040521
107006
565247
1261314
1387745
378573
1096526
748412
466995
15620
331339
426105
1528392
826195
933706
886272
244021
1323265
617934
1208961
1009958
837424
19733
761412
1115580
1301962
1128044
21155
1157222
146589
1399373
87029
73089
683086
683670
611081
1586151
173649
330506
593551
573280
691843
1379568
1211541
840594
652859
731211
1178760
617481
362995
712323
1326829
1225450
601073
184884
1156935
696413
851950
1008654
624642
776552
111091
548847
106886
442812
891219
993037
1267301
114663
754592
724135
1421058
290627
250665
418091
377272
1604651
911511
1144107
747950
490539
489426
546746
200765
747030
1555654
1236497
998695
1422488
221946
1414528
1608273
548744
759529
1178227
556963
981005
1134112
1408170
468390
402179
1545603
427304
819617
687578
1215094
918659
632830
374422
380896
975370
1230980
730979
513927
282476
1156685
209983
1346755
30579
1056200
451529
780727
792160
491975
581990
803402
72929
1298764
848200
1307413
622184
484684
618786
89239
582580
126284
338430
1271991
545877
632755
175545
569483
63393
1396882
164006
99649
1312813
1389680
923619
1001687
1293008
567291
217951
728725
209061
23970
1487437
147491
1230988
1448871
130723
890186
636470
453934
304840
592080
1507444
253720
459604
320889
602015
676971
119001
43742
780282
1185578
1172392
1390865
364915
1102163
981665
334067
615263
1298493
564452
772700
45741
744547
178645
1137002
236636
603536
662479
334919
1215888
464275
1186174
993647
135305
1242081
630707
741525
131120
1427873
818984
1102422
457872
520961
1176476
913003
503845
578929
335252
1006075
1473123
620066
1193692
986277
319388
1290886
254194
821903
1252789
357408
1377645
993763
43244
515019
115766
273279
1122780
955424
1032185
279584
743483
752059
756358
431789
294756
636022
1249434
285590
334740
361418
1241035
1445479
983105
519262
1362127
569353
260537
1232329
695736
822652
1314484
1537245
232179
59954
183192
625060
711868
953784
1278799
580932
1405099
1206747
204666
786711
935711
330534
1480028
1226781
685795
1262786
987849
270385
21037
175041
1261054
142652
538627
50611
161704
42034
527585
1383851
1200852
788210
647960
1109914
894472
11444
1587080
1570412
241165
662790
66433
60249
937123
574105
912560
1410242
1329298
271527
493705
244048
1056414
1477739
1281667
1523737
814336
718371
1227431
891936
1349188
409818
240751
251847
1021240
6848
1330211
786386
528164
719275
786479
999803
646378
1233343
959294
512851
1359334
1056711
1442665
478329
1140387
829245
1394709
579467
27304
86965
289769
1419389
1341363
1352103
655898
1083681
662066
977407
570490
13307
697753
23020
906083
69075
1110993
164250
1018533
690463
236990
144503
1554441
229262
209
844350
620267
1503092
1326305
585539
637063
815171
507946
716351
1261787
27005
367275
470337
676917
369795
543397
603240
886127
577105
547956
396764
1537789
1184202
199786
1396262
489892
591772
1015294
1614002
564315
1510004
289933
955524
1163665
1122496
428811
892956
1477259
1382391
1009153
627427
738973
701474
175140
799254
847426
621334
1381532
1308930
897522
621706
398717
442085
157154
972774
888235
1309647
453504
13185
856952
933839
768661
1611868
1600810
23738
1181425
288394
306950
928467
657665
1130953
1052717
882620
774
1291895
206523
187714
21363
203786
814246
106115
926304
919573
1544230
1112172
1348669
21722
712726
1254174
351652
472669
566116
911035
881703
1254718
876614
337701
1333496
547121
914504
2364
421485
449500
789454
190717
1040516
1022414
659726
1544488
1357012
1170727
685880
897523
992269
544725
1625995
389596
620806
1186785
58925
1420204
911777
1196274
417667
803669
662331
191306
613419
175853
352317
465742
220979
757343
207246
1099377
222223
1442601
420182
1219397
1268303
1500594
36167
1012123
362737
1109877
739618
529010
318658
491148
1115058
476394
1033705
1116239
971331
1324682
1080211
388299
1271328
345607
1321933
1384941
446207
100228
1620887
944303
1261247
122444
301918
211582
779947
153878
336860
1170641
452805
1431309
464531
961065
638316
1224226
413205
489776
278680
1425507
1263779
792903
1142216
195576
1548336
1466639
1419531
1145061
1200028
916322
809602
206936
185528
119268
692888
879259
1529304
1515801
1012899
1496166
346412
795464
796855
1235451
715409
7661
896114
240050
858953
1114727
633202
359158
819981
259751
1566326
1036767
862753
202107
368864
988743
1083075
801330
195435
1373326
634156
565603
293661
661982
12480
100172
212524
968578
1523994
1371124
814079
253196
1291358
1212619
1306339
1175132
537583
1063052
542338
1087277
1154246
1230603
377375
167075
739871
1321705
880635
498902
1485660
1630448
1222652
1139609
382610
818288
1156663
910623
947876
1303788
1076198
246047
1337406
255196
100787
29899
743740
928374
208044
1403045
273781
1465528
261694
1455839
1514548
1445926
237241
807446
633129
447885
258352
796266
918700
455976
140551
1291710
1577989
296964
1264355
395457
880358
702246
966350
22406
1188375
1480819
414003
784166
677325
1200454
1085338
374800
92527
497436
1475978
1054952
162658
162024
1570383
1215351
294686
865537
1354157
691326
33115
500034
635025
1160643
808243
81606
760957
954800
1625666
511466
260093
70401
842506
1345175
586961
706880
736571
387970
309646
1099729
1590129
691455
1138547
600736
1062743
9576
929684
1038786
473843
130005
1108042
174985
528900
727638
1084169
1382866
689953
707331
1584374
866611
1595967
1395561
847398
66259
550837
961573
591786
80126
375928
242018
220727
824242
278798
317262
651213
1344259
869752
420544
1500873
437042
116433
626402
18087
1293688
1219749
334850
1503831
1250587
1061096
1499191
760090
720980
458336
1502879
223478
1229742
1008244
1363508
114474
1110282
688461
1456760
912307
312896
334567
1355498
1475999
491834
1391329
975312
883113
682117
1281590
1050059
1005795
1191658
113609
708824
21867
6603
138306
1149330
1408353
693085
818021
295313
170127
232273
1275885
396190
1075122
704689
301437
980873
408600
392109
698137
1464296
866151
314336
618879
539930
1010386
871426
1135404
1582296
624433
1616610
149125
755732
153671
1448092
1190088
1384601
916899
227942
890868
188869
804437
766443
992959
1034343
742276
229325
235504
1256560
270599
217921
656410
1481998
1513366
621294
264123
1186476
1210530
1038186
401850
1468422
73315
538245
1578134
158508
175908
1183036
890708
66005
116242
1105716
921030
385088
1182984
588273
677435
1064688
742667
1315044
1026244
319614
1188471
1152729
761086
287972
41542
978073
100021
35949
514548
1037120
837680
428226
143536
835926
861827
270036
726389
242180
1034690
929661
104759
845165
1272723
326932
525290
1186363
828377
564371
994947
1600301
1323902
830693
1534034
162892
327535
1233395
705923
125160
712763
385847
227984
1342271
503533
597683
162229
1451203
951224
113831
959746
1147890
1126446
448253
489118
620043
900759
670643
115320
569405
172050
880822
349822
579912
324821
1559777
1159817
453355
723248
1149555
330930
707271
1292303
70215
222268
808219
192652
659593
1167576
1033859
515945
1267497
412074
493484
1520283
1363201
1454225
791375
364099
1237527
15660
954416
1333697
1042318
228064
1564183
1072296
1390087
32179
903547
1146766
1389399
423142
1548836
149120
367613
1262006
1598627
1120086
593376
900569
165291
243351
818731
864555
1586480
1575
1569881
291950
1239418
47449
768332
699821
1230651
1478266
234005
802674
974981
829535
681924
1581577
168665
1491689
532279
1403390
1494091
1081716
246709
758030
1103943
883713
657776
853517
1458641
668718
198938
8655
900249
1074084
1061431
490538
208288
721924
174699
829021
354925
987188
902121
1530071
528986
1076861
1449158
420261
816021
1630182
72539
744823
296241
992993
240020
1426272
260340
698185
1107844
300421
700552
750032
1415168
1575551
171246
412209
539638
1028295
361474
458040
1332686
208387
1156201
825254
300860
985506
612818
1154035
1508556
992286
1551426
1557592
490756
408161
76855
380451
1529256
968393
1038140
110499
489888
1456530
1130438
1600098
1436622
570555
805985
395139
861603
255954
869034
1365080
1397676
1041177
811986
921277
790575
243295
642566
1461981
1376127
438981
888800
1272262
625796
196533
439547
191190
785360
244664
929895
1000119
301872
876102
602723
307586
1393489
1097924
602761
791426
223071
867864
716630
1334357
194771
1413204
268271
687083
1190629
475212
37849
690027
731658
376377
49851
714752
1491459
662166
709851
114846
1462356
77380
744619
838233
1538965
472857
117424
446106
770702
833320
1512985
733753
1387090
895416
1630250
1566812
746048
433587
593105
1010821
95799
537978
53572
360436
214681
472514
206976
96408
573884
892726
1552829
336573
294413
1058833
943605
146486
648236
666689
221831
274033
1559899
276617
1133107
1417327
1246337
520361
880715
654260
1246164
1629097
720927
576493
249870
1043690
514876
1458800
406792
383790
1470809
324716
1370124
888375
1287546
1207293
70950
1131516
39535
775750
794187
41808
703372
88167
20567
843526
1298452
161296
1302402
148691
861690
543857
685633
404127
687992
55377
242584
776393
398404
1319795
436434
709682
805566
1333688
1487099
28547
757593
331947
1139466
316478
209288
1599452
1238121
882946
1171023
973652
303171
472889
1555628
1126728
1518450
575474
648989
1164234
954467
363428
32760
756590
1350411
1286310
1243715
324443
1525866
791701
50687
835569
43339
1285323
460913
1550972
648605
588625
908637
76036
508536
117173
416029
263949
1505647
992800
872154
590399
945106
713788
667815
469623
206207
1201712
217225
1562730
415371
43620
1612384
1282375
611820
962792
808981
907413
29406
201894
1215214
658182
1167446
400679
1076952
836422
111395
227252
100093
1029328
674315
632781
325047
574623
853972
1278309
338917
232257
1338097
802268
596048
602089
374351
935143
67743
1584522
1078312
1551034
663314
40973
1625722
267108
42656
448029
841794
359411
452535
933556
3589
751664
752712
492692
736514
205966
1327173
1026378
711943
119990
671741
187797
583215
129252
746745
1402367
1487780
526081
1012466
1411749
1570375
41210
821173
948309
1030421
457080
740804
1059693
702287
27817
875155
460742
217985
932293
785223
1049173
134628
44085
1293188
1226277
85477
840113
1383199
802306
863618
964893
42023
1509026
1543468
1144112
51711
855242
1446476
412119
1599114
852299
792946
868756
1610151
1292903
495463
684718
1426322
1155460
439172
15129
634322
1443731
757428
1137524
308842
62536
1325299
514006
1486497
764875
1422956
776954
759732
874416
999306
961913
251726
491924
702166
191729
1227848
1425716
994537
1462500
286262
29082
746908
1323139
1051452
403742
1035825
432112
1207517
1187324
1006376
857138
170785
617126
326733
1597659
1205285
1466171
1306071
769105
1415345
1205539
383275
1631171
225063
599116
850197
876448
349171
1193475
1389552
100405
736228
75304
964967
1127074
311428
753288
630728
1577296
525391
768491
647380
1407616
1435409
1553449
1504896
614676
22163
47032
61037
515693
1360067
309456
457855
491576
1122152
1429647
132935
985189
659047
305317
702535
1284372
1178039
1449703
875688
653073
666358
1528501
1022293
959851
677310
70513
999831
128947
792661
347424
506577
288824
739455
1123200
1086246
722846
936699
722923
582389
1067369
441019
654682
785869
1282590
760729
1468415
265822
359526
929147
1317325
305792
720201
864748
157331
830949
79082
1212623
970046
236670
51537
1415954
1390544
1562874
384982
895965
673402
1056533
1473170
1629460
1180146
88462
762554
952942
31129
939981
360112
328014
1221119
343511
1468647
1292200
1132255
76503
925023
1459064
972885
1283741
1222444
141264
1147048
25137
1263974
1323891
625831
122188
924415
251935
298334
1309448
52223
220907
177215
941435
650224
1237958
456063
679652
348404
28493
202315
915919
473059
1121322
1295789
618469
572837
693473
803828
1317988
791622
838487
923245
459036
1171443
1372090
428631
165399
624153
160437
659597
402392
386424
727368
1435190
8516
47722
1402046
1392364
1226259
1509582
685403
569448
68160
86960
374757
767286
993145
1107939
108733
818533
30946
202863
954843
585047
679070
1584981
97200
1546217
1150996
139352
336404
1061844
1259039
1041083
1259681
1586477
1175179
185611
51097
1104960
1587950
338648
1228003
588421
486156
1279776
354646
1100968
858753
1057830
754643
431960
1090239
1245599
1331991
743337
1180250
1249591
30469
540994
336002
1261905
1620733
329199
873857
344409
970762
381180
407329
1007055
1049535
294156
1254540
1027715
342655
1220216
325528
1110163
1276550
790082
28833
1403159
1355829
458296
1060365
1210056
1110166
725541
1460066
522540
589029
517543
61909
1266510
1024749
960944
1127447
26084
1276367
1521483
1024215
803260
191007
393573
144062
618165
641259
570751
1296527
1221250
533368
81237
1037222
724599
21313
423365
616239
1207090
1355756
880291
1146552
745060
570243
21533
1292163
18255
988562
1505779
1282393
947595
1543393
1355495
307611
814736
1400839
1059711
1359259
1072513
826271
894824
588256
1110342
608466
1248151
968238
436906
904123
1457394
1090826
1432572
362512
1100711
855543
1302836
593215
1478637
517727
775714
1069335
56886
681017
686743
599226
629625
752751
1299380
495962
264743
1438228
1296307
763015
757755
553391
1605877
1081308
1309804
654095
1035240
976704
741432
309867
252250
242470
1336818
504415
591779
522699
1597135
1234313
1120178
685488
1234361
314105
531063
501996
1455247
979878
1318675
1567014
872588
618018
1210059
51394
1315222
1003263
476828
676830
1381743
798001
1611350
1486368
1520374
778989
399804
740727
231549
813145
1106627
1364739
285703
1485690
740815
1033448
931430
1613447
504049
1004626
128622
1629446
1018614
1161801
1105343
704370
1013682
787428
874536
533657
295514
140819
1142568
128069
1157634
144218
377650
485698
307588
712532
752029
1202093
1251281
423470
1057011
6773
1385054
215891
565306
1128818
958181
574560
171477
211678
685221
352093
611396
463501
980189
441808
1237362
1498779
307066
749538
1438483
1509863
248698
1295846
1180289
820597
1352214
150979
851701
658044
260896
1187673
682641
586007
1214187
653334
53640
491322
1377863
1462025
86432
1423809
334064
979912
152341
1201947
822425
1395798
234650
1244304
527788
641056
1373820
1172311
110439
743526
221950
154929
301495
392148
169661
69381
659567
1511420
1083553
1444519
1307461
744289
120017
880684
573576
841284
68988
1243514
645199
1514886
1218071
1510974
986589
1487929
1499178
1410460
1396469
11312
1465205
662342
329210
88059
1422040
1145632
1513906
389376
497365
486213
777874
815113
615203
817143
222441
290344
1629942
720892
834932
1277662
348449
1190406
57664
567130
643352
401359
1137877
640888
916465
338811
53660
754019
897303
1134769
730703
896876
944159
8477
1114743
586003
1400727
1162821
284484
466865
155669
824344
496984
1423550
84110
35576
42149
1574426
489075
742063
1319164
556362
283744
255264
749360
643084
686339
731304
379359
537493
953382
1059209
27740
287447
707922
643740
830229
644172
1311763
521446
1430810
1121300
1318524
1397480
1048308
676189
309536
183283
216572
476266
544968
781950
89958
1267805
1487136
341694
1433029
1371251
614741
939809
310658
1376591
850678
867837
54229
71625
222584
1519832
1540912
879502
43442
421667
741019
1246083
1487886
211994
152138
1193361
1240649
400923
252637
502568
996945
1587029
1360540
140838
891539
1260476
1042931
1167509
1274752
942454
1264438
598722
1415125
1125535
504658
292413
1381351
1022352
235910
1468862
621016
732520
718958
1106616
1219646
173294
241849
707009
771668
1277546
18742
1253743
1185
918803
1034711
443540
1034921
240733
637753
515779
212525
575672
673357
492245
927014
401120
670796
954028
1045500
839603
1260127
1577686
1231894
1034814
32007
151196
150670
1466461
1205015
814940
1266180
852523
1097293
1132732
470497
481633
524922
699766
293976
215249
1441343
841695
267849
1112872
539704
1478183
319622
1462402
262610
440070
293202
274019
1231591
1298481
1237390
156436
1219444
761282
988357
1606309
253944
1087332
595523
168950
668693
908809
1227440
314222
1052256
1000917
524904
854629
1321890
475644
840159
1072911
76517
478258
73590
1433129
368313
382371
257994
1427075
59600
1081903
1276866
75947
1350429
790490
1301788
827423
657244
1167350
235395
576058
1150095
1316968
862203
532833
1160132
962428
53887
304019
586245
1431277
585938
843327
1077043
6035
916703
812965
495439
333315
1306796
751303
240790
27694
949439
490924
280051
884697
726866
797779
669138
1121332
879942
1378734
205857
176958
1431413
591392
639777
672126
71312
1223732
1197973
914140
501471
1368183
489685
384103
248129
1543049
1244840
1225777
1390955
406280
132747
1121382
682605
179694
602766
866415
1398400
803661
805554
1119147
158748
1140048
1332681
1571801
299287
903196
544620
1312920
877930
844446
885098
186854
130544
251262
510676
160598
451442
562736
1003810
674538
136675
1080496
1101735
1031287
1044524
997627
443914
1609633
53691
1512112
577968
798506
218900
958730
1156562
910248
91844
602803
48323
385316
659191
1430814
620699
175403
666234
1194431
1326641
1160282
895919
345882
1178613
948892
1023587
587827
409754
1506645
1254912
1233057
712889
277426
1315153
112866
871958
620608
746889
820684
1440168
1376014
820372
1386793
1613915
1018497
1438348
378079
33687
1295014
1028177
1244719
1485258
891005
1197372
181941
1011339
87345
525582
979925
1174549
1038442
578999
1108312
959129
969431
899358
296514
365159
641947
630434
1088741
721444
198671
1200744
22605
1008718
307916
483944
1160471
921866
571047
1175511
1378963
337608
1032306
1388809
1329953
1493620
1439436
1608853
71130
1095877
1146863
1434222
867772
1609089
1311162
1503610
1408700
777777
1465864
659782
257287
446319
273304
588110
1443523
198521
1002721
351106
1468441
510040
882114
283491
348608
1004608
900176
281863
658352
245225
497312
1143314
341207
729026
341738
685875
104451
147449
803767
1144279
971386
69428
1580434
1625122
1384012
49548
56455
373557
704873
472418
92808
31472
190311
458033
739298
1320269
1163877
102320
249750
1629697
712825
951097
160485
1197562
577831
703632
694846
390630
1582220
1102582
26901
1319464
520825
231171
556714
81989
1153263
490876
340707
1083092
376373
1458047
1196780
369217
569450
68047
1041858
643305
198622
510721
1344580
1246351
247475
907576
907435
489686
1123013
144428
777606
1042740
566544
1025506
417389
889995
765577
568936
575217
1474636
816684
922921
213903
795597
112853
1174058
1142939
714187
1006377
531152
1483956
14952
145132
304282
805972
1399743
447219
766453
590357
484408
138086
935121
1197345
498054
1217383
1411021
134620
467520
527399
413658
320928
1325507
1221810
458567
1531059
819272
1320960
245560
887514
983807
95985
622602
1311042
1139346
591803
800121
903199
58999
1270854
954317
755270
764948
1516374
764115
1354315
109024
289707
1178649
1453613
386184
478871
1337306
534073
507929
272937
984174
1177190
1056314
463293
48862
1375883
240616
668307
836695
624835
351960
437246
1471709
217571
20028
1591280
460734
43533
1064469
910752
12601
1028374
223267
604083
342430
364864
1501508
1295041
1610780
632488
747820
785636
125433
791641
1498865
458403
95365
1485611
597041
545773
338685
1211899
252021
1142747
695739
238029
1538091
557338
566075
1102398
1234386
1221674
219971
1502622
413952
712410
474214
101339
949059
1569318
1026592
1091018
636586
705443
930903
1007726
1388741
135415
747970
331412
440373
460603
54736
1056674
317887
1085690
829005
421438
1140020
116907
727921
1161035
105440
372481
299689
1161721
1463296
655310
308536
971045
1067888
508404
744077
231783
1329730
441774
448580
616664
746653
248257
193062
1134327
885931
1080307
159278
221188
702899
1037715
1399087
1452997
766912
1005178
286749
852688
1129373
1083715
42650
559089
172603
1172690
49942
534218
1053731
329354
580978
652421
874742
1592431
158436
523891
649710
334353
1536582
1237948
1178211
263402
337505
889809
515729
1467263
370421
470790
1086006
659953
1100489
969325
1525209
1239534
1322758
255706
910341
483208
70381
370309
1208331
476361
547825
913380
268799
828473
708071
749524
923774
343110
513230
280658
769158
634326
29153
986238
249777
619369
854513
421672
1528327
105076
509918
156729
895559
481896
241153
985436
1231232
340546
551160
1472777
612924
98208
1061
1118017
66319
1038867
1263322
1418752
1093896
705601
1406748
1079341
304745
1565523
67227
824723
511468
513908
449839
1270253
1105271
734139
457669
1004561
1329220
1556363
148560
1073522
791153
1436293
185736
112196
275475
605443
847019
310863
1381124
203301
990046
817345
1130902
169182
1360389
227242
969843
1341962
943348
1078627
1380633
1056680
953322
1291585
637187
29835
538771
672158
996910
1147579
1234145
1394499
819401
340637
345122
1331801
621390
409331
1026052
1227439
780916
88153
291056
877689
946968
915684
460739
209968
1201372
1385578
539791
652050
579199
581196
1497563
80349
622335
384779
655664
534652
657518
643338
1098539
88765
750810
843352
35258
626870
1493911
1283024
1462209
1492095
649786
385622
748979
876491
1356606
458628
1471103
642641
806512
1538029
39801
1291664
559622
1215936
232223
152455
916818
535315
341440
1148689
1506625
1579859
275287
140696
257450
442224
810948
949455
1334797
1274222
222302
1133293
1524328
735987
822335
1546284
616970
1096718
553258
353668
82324
226334
609613
1052362
1206943
753400
1194704
945286
266833
1309185
820948
932098
465968
815077
892397
1122766
1219124
312610
687904
943852
594530
430216
597098
84163
1017290
1079970
3520
438254
503003
1120254
252504
1023629
835354
1242714
791284
164756
1424
1033079
100646
1204567
1186595
1072352
612636
78178
1343228
1134834
64407
1590672
1279677
1387574
1260443
1343419
681336
432562
218994
1031596
303714
1557568
1434414
28277
1382345
1375775
366937
84995
316904
605866
1585343
304753
259950
733151
980746
177408
419559
395894
1311631
596847
416660
816653
417155
950807
711426
604134
1503296
388736
376528
1299873
323993
800512
516733
1260724
969935
158059
395410
1061287
356333
281306
1246942
161077
588351
717836
384643
1538804
1344817
855382
1461429
429795
62993
1127360
470669
1541618
1216457
528341
82723
960953
1400776
48805
1151689
903005
388225
784293
781779
1502010
504264
1146782
573803
543179
1631245
401769
736688
1237149
623210
405955
137285
991195
515811
203656
1592335
424601
896487
211061
440932
546950
678811
765736
999785
186993
345804
358555
1044228
721309
723533
841732
814248
884102
1403000
7234
839205
1038699
895746
1149869
1583849
959370
1398515
1552340
1360648
119145
320803
272952
512349
458788
349589
942590
647181
1263641
1190676
123773
130283
1025806
1334761
617788
266696
1157202
343903
1383174
1583847
838576
884654
1101211
231697
1390615
1149819
1401505
3792
39191
678115
623003
123810
263030
491340
1166628
787859
604815
323322
87192
671566
276092
696350
1524714
620534
367062
536834
143476
840681
976601
1539254
1419023
1628213
84746
617051
1361361
1208527
598018
586500
1276646
181447
587914
974205
1225345
539784
211982
992652
950288
670021
592208
1249681
22577
1088397
1452003
659573
1074522
1420965
1009026
1387906
441180
613920
333505
1239878
1169041
1278596
362344
1121362
68753
342870
1489164
86948
1398934
355951
1485870
1071538
1038282
1558733
1321949
538415
1204323
8116
9593
771566
633877
575007
926345
868002
1525114
805574
695923
65005
1304651
117139
1146531
1338287
1398436
962477
360164
515716
1210317
227266
544888
183479
1237818
549992
1294036
25072
274874
20107
974336
501186
770641
33650
277919
655468
1241358
1393034
258494
1546064
575362
358444
121956
1368336
492799
1146989
1476737
1175333
668527
1242221
1260088
1172526
350779
467820
456640
440145
1586570
163822
868360
1322830
1323533
230383
1249508
1038161
1335987
781371
862404
539480
1495845
867555
410105
144806
1258295
542433
796901
933474
106866
302818
822529
1124648
1122149
136755
530003
203142
452216
108830
1282592
943157
1454521
276741
158555
1421294
1032201
81348
107946
239827
182323
124230
1503142
1603204
96889
878713
1596324
276186
1593130
376755
412305
536156
316851
54707
1412423
1197635
1122376
1354249
133287
1475102
154678
764348
1111414
630559
1101069
1144780
637307
1080967
633669
1012638
357076
453038
1588540
1413254
1359537
703739
500463
359210
29222
1103213
133600
78533
319032
431472
1428012
349698
1307582
712697
606083
858799
201694
1086257
1215097
1243657
660463
1130490
1069225
105937
1363988
1116843
1171955
1424894
1174537
492685
91603
32064
358985
132452
437141
1611880
1607019
75719
554078
1143215
371797
492995
12635
1331104
938380
444632
398415
53117
1231715
362857
9163
1303384
948145
1463681
258882
495437
940074
1432230
1149925
728214
1173911
1143244
1064789
1360200
1025567
917961
913542
1394106
3922
240687
773860
731033
1136808
1509451
1095339
1434782
987504
99325
1328166
157825
94172
1409676
1505227
389370
662274
1253891
1009647
94537
1400958
1220891
557027
549353
215267
939960
1123
436784
1313083
339163
232523
582098
452025
16711
480477
1476451
1403940
1061813
127481
1216214
806988
1192425
601713
427185
540027
1235413
25617
917815
247664
55347
366744
1582851
703830
1029672
616975
1536641
88929
600148
1349286
474575
10490
491840
22860
48196
1396997
421248
450302
1184066
1186049
1168127
83136
1345417
991962
1284837
134472
801130
480743
918209
449318
1277758
1139411
1002243
907004
411049
501899
961433
1595436
492582
869902
329260
564657
857536
20138
1217170
361472
968459
1090363
1246893
1310536
623399
803572
1158767
4175
30102
287476
1529863
1499157
1184621
806759
1240780
257360
109666
803601
371137
396612
196778
663470
244957
947964
940922
1354930
265811
599408
128278
233042
1049776
434539
501343
188618
516457
1112717
372029
797456
580518
1114936
696105
811200
740001
805291
303253
185664
790874
706737
12095
1143059
368534
44739
1123537
925678
1100858
620251
876888
1548111
1081930
749470
902454
506310
149137
725378
1257538
212931
951729
100558
1228464
970424
1267184
861451
27470
344262
554726
863632
1355995
1189433
1436454
106354
5092
1095414
850765
1243357
670820
1178462
374134
559314
318625
1476124
1201265
234000
107071
1539320
1244576
484183
777392
217137
168998
544014
1180300
1307975
537797
861460
369820
292272
749292
793175
1246349
1054024
743880
531686
1250897
542082
21865
974092
1030278
1346998
351186
1627325
1064743
610874
1397038
262105
326416
1164796
286241
674201
1268445
118972
32171
482855
739734
476590
1108900
929183
340857
125497
478582
1131413
58501
108160
1181721
1623116
723787
847285
990579
47926
1260800
729335
116951
675704
124510
864832
607872
1223651
849480
199567
1581247
182538
203275
541291
153308
590208
1042428
787097
1194756
788475
174516
294079
204739
241941
678023
780246
672455
105736
13687
443664
1320428
597433
1014016
1404969
872998
859011
1224120
1162807
592601
1181072
1061739
1270056
118269
796417
881804
346533
611784
720490
1098540
1155570
217956
461278
809052
1544738
844976
396790
335877
554928
464205
661726
312605
865663
721637
501805
921383
1458148
961186
636104
952857
1037567
1510087
50
512779
726779
555988
479002
362917
424960
236582
368736
282015
297905
442226
1478333
738929
1453130
649056
29655
684960
1575420
726439
514585
130796
643582
946122
788778
100639
1431182
1336901
529528
9303
168366
237794
579491
10472
1182919
456348
258355
360694
285232
530427
1018739
1151875
1630917
858837
1186970
860072
302684
885020
8193
800000
753786
496523
1550473
857227
859555
189522
1372653
617352
769150
833551
374472
475900
667267
691192
122846
239987
616249
483444
1408166
529395
411831
688476
327402
1000584
899812
119197
464507
714151
1550295
416644
1398467
360448
849470
1108156
1552314
699813
771519
512623
462715
1035398
1394452
174646
1268957
457698
984146
143760
1062834
1253823
983726
1018670
403344
114516
1360246
1331836
1572550
798614
1157806
1139146
1403747
589023
773405
533822
700495
269794
940989
955085
17264
583791
1218259
556069
330100
1094481
326336
773689
784956
233190
78228
1196388
1509109
758863
1512139
851159
1363674
277259
120743
371960
699799
818054
1019165
149185
121585
972215
385527
220221
590703
608843
1272895
1048363
836980
456253
315264
1045894
606904
1057449
821142
477574
234997
777958
1085566
665184
594252
980952
79701
891329
1482169
1473501
1045243
387370
1473585
993080
37435
286933
757241
1078218
195536
1483831
1069659
1507045
88910
914492
416519
1458146
1143401
672734
606776
455272
1375255
1024290
290448
1061949
1509522
1134909
1452554
1195298
1122037
147165
947695
1245172
400431
1019618
846116
70576
1204523
1053037
640605
208512
1150459
1247941
1369222
695110
1262459
343457
1318375
1400406
984656
546586
622456
1553378
797800
787876
254837
1428219
214805
529491
1369146
208077
934501
1172816
1166966
596351
525698
561763
138120
432189
414041
606943
627611
1036429
146612
1279908
1049121
1176542
1261020
1020392
904102
830461
988414
1033981
221476
1400204
881545
67684
1554896
9165
41039
1281772
1337695
1123398
119773
1183872
297952
73382
1193353
1055131
1022339
740829
905301
1420318
855064
1025340
957466
1348169
731905
1263543
1382835
996700
1041390
1490787
32627
314968
605924
390603
722818
1208071
265801
346638
449918
412125
1464986
912075
252264
592670
561535
711216
5316
1127814
1123904
1001355
384482
159487
811836
906599
518676
1590901
1470641
482931
1259182
462377
796936
80689
881662
516819
100592
87152
1490885
995525
1127304
1350677
1287995
30918
1054720
907527
403788
941569
356462
355868
65968
1382439
129921
26545
1339284
378667
370173
1067975
1251348
836122
1272529
1353533
1023666
127470
462167
839736
512530
620122
528801
597573
140643
797311
1135397
480715
403122
1293422
127298
1544595
622793
827244
142084
417529
1110843
581707
344510
779080
93830
456838
971818
549023
1432506
1546398
206987
1204262
1577769
1173094
491867
202342
1352073
642704
725510
268771
491627
1182077
895690
1402629
971241
1353184
629501
721278
951477
1214592
1445876
1526076
609725
1164676
1116062
835088
1093582
1074330
168430
860729
688219
19888
1028607
1443713
1026999
250091
290441
902456
225841
351986
467407
847164
547315
240463
1473955
755039
116864
85905
254628
1117463
1222852
595974
507798
167608
366231
974274
1383160
842057
840415
1494473
1318016
1567875
95149
434626
1138424
861937
384016
763249
829421
973096
1256070
697571
116583
942866
87177
571013
810885
1122574
655220
1441342
1029079
132195
1092935
399584
400230
188177
654221
149525
456823
963475
578802
1270284
328997
1190145
1431497
371503
157146
1559209
391759
247966
748799
1409859
1468796
1326899
492479
422556
1373454
473166
763022
1331154
273777
670754
19654
129365
483671
167778
1015918
1029642
1419867
1138844
707442
724648
236460
806046
1130290
730929
1127072
782545
1269567
268351
619145
1256078
1132443
92187
1460521
1178944
182351
1611876
960053
1461599
10289
527229
1200431
261634
1343989
1033549
535030
246232
1512142
1338314
382080
867198
379756
1274926
63639
746654
645410
1502421
1578259
348486
1182286
384259
1228658
186316
1056498
1281423
1556923
1027806
433120
318607
547579
308283
1384659
1318654
852847
1184271
835658
982757
983394
153896
471361
138604
608767
317637
88365
990985
1350349
79141
45617
538229
967026
751222
548172
929611
10645
84440
858191
1543435
83313
653204
875778
1306978
90695
732469
1019522
746537
3373
450268
224635
422482
1182687
13747
491837
1053979
450295
56780
1136145
209138
1520424
1282808
749501
1312002
429353
1507800
603811
964774
1460198
1395724
594418
295298
813005
703540
1204975
4737
1140908
966034
856257
1043543
1350348
171484
1514040
1365696
590678
493408
1117416
444033
630864
875079
950946
138512
1192926
199284
61971
638790
351596
1482677
296500
1611294
964477
33037
128473
924965
679876
456131
1015736
1138677
345063
1425896
1445274
457999
497664
1129185
130522
1306344
716206
1242900
1357218
1060593
430322
285560
49629
718126
1356446
452605
409560
42667
71989
1256582
1108267
895718
331124
230407
98668
141184
749466
479079
747512
1346615
209605
1273626
1388193
1607687
487427
183190
968249
916179
636730
914174
681006
866959
250343
289092
1132207
558775
172058
1250042
113446
204950
394428
384549
334674
522216
1181276
420854
299717
1606158
613295
1313501
1245595
1312077
428055
1090724
1049304
567568
502105
853275
213274
386158
88845
416877
718058
906306
1139579
270660
328447
83715
691717
398993
767905
465537
1489843
1394276
660737
1101868
985982
92799
462300
505219
291223
1449573
576314
674466
619026
723679
1176619
940494
1546894
777358
1118132
1266033
432222
142615
1407745
1226701
408520
1388633
491440
964650
1566443
312128
588046
1104907
1479290
205936
623105
1080989
836078
380021
175476
125502
55099
1101510
1331034
486036
82391
1527696
448664
1007333
234476
1475968
838124
1325413
327729
851465
775806
971182
782418
1002561
372558
962502
792672
246176
949721
43
266050
1626970
584480
1274638
1234893
1632222
1284084
1140545
752792
751546
1024796
413138
261167
135583
459200
905078
1535465
1218571
492891
910468
1455879
647910
1035340
399596
466498
375134
963445
1016569
1391729
305670
617752
1278641
1134761
663699
524445
1096533
1383520
455202
198590
11158
143203
753499
223234
238913
1286063
227243
736875
1081351
757815
241704
1382061
539736
342666
128216
1617020
1074327
1246081
1338110
535629
550507
537964
1362417
532734
759353
1482248
486355
382141
1289815
225459
822460
797644
636511
1586322
1549159
1030109
202498
102279
383296
1241418
158274
222396
676073
350783
1618259
707819
953822
1416515
1104884
205833
1020809
482982
26859
172033
100978
1569874
629465
442891
1391920
1060567
1221747
296353
162888
519114
320862
936491
790792
1524083
13481
1092872
1549383
710914
436386
1098722
140344
978601
557076
1238862
1340692
1168011
1287266
617431
720786
1023155
982777
1614176
415589
885712
1103454
378387
1083788
935637
1117377
1624659
807442
1110157
257546
288373
1153660
1261271
800526
1467336
1388733
272825
812532
1186171
1298693
362986
867649
93687
928711
1224150
663106
1033541
964680
1429665
783640
361575
1461962
1466563
137311
463180
459951
1244626
1075939
14620
128665
438465
889257
1122323
556845
461699
31410
1272146
621836
596608
836679
1082874
1511196
686712
1015500
1446995
797253
542407
1148121
1147555
1083205
1058639
1320065
933304
1617015
919344
107174
67762
841719
435611
50901
393111
1195302
1412850
1238178
516650
1223760
1624323
513862
242874
128502
820858
685571
74626
699449
1500630
500146
713737
395702
1309703
1231929
758352
1118971
882991
915295
121970
122060
510440
1595069
532725
866057
237925
724748
25701
1195413
859393
347543
99685
233455
246411
742448
777379
109982
135420
579262
294551
123601
1262584
811177
391994
553156
1320395
1612796
403910
1334579
1440599
577498
1299663
112322
545849
873152
866647
1072035
624447
1156463
630366
386270
604905
1002552
402505
606818
907029
696760
1555617
774162
692756
553598
261273
1430733
39960
83143
456881
942461
1159040
917393
292604
456821
387678
5331
72505
594710
47939
721
537008
1203092
1279013
4114
791165
120456
883763
803347
1404270
250324
692555
531008
1598684
1551086
1134670
443794
820334
916197
1547833
870701
254473
1604351
82993
1076464
440894
1149595
756900
563483
921197
1158228
810299
211696
591751
666651
348770
424953
269833
1328382
988392
91893
815727
1490013
1367643
127096
310408
1277995
85075
241049
505617
740019
589875
1032170
318865
973527
1445731
1140883
625016
517751
1094778
238427
1558708
1402497
677803
976115
199051
1509614
1280552
636230
1264182
1109098
1122333
870694
358578
459229
1325248
1043944
1622053
330080
1208533
912828
904114
148557
23449
923074
22312
1288894
1011842
1271778
296933
996536
972607
30192
1459438
1175916
838212
1115571
773157
1445368
1188646
914669
1531735
345821
188380
532199
1214539
217521
1825
130501
577026
1154728
1385931
1069386
314966
685465
1140315
651097
1162359
1123647
1271423
647173
688004
321640
986241
176936
1329946
524609
652063
1156089
1168798
300747
1618130
667845
1330566
563416
1560680
237834
599631
1466897
894321
1598219
332589
975574
845283
1453586
190449
1146948
1129346
417271
670746
784138
944486
22867
731367
49974
461084
558063
1162933
92071
146279
1197363
1306211
721234
368211
1013258
964550
127830
790798
697692
592454
244546
918755
482746
1551692
72299
1615734
1405951
577737
1442619
574947
1011843
261473
838708
1520421
1592985
803359
1083179
1361663
18935
225503
1378302
1136749
470016
919115
707713
998207
6231
396817
117326
994202
379318
1290102
720838
900685
1548331
258240
196267
1084163
122716
301837
647807
598856
946297
114173
47662
1524293
1315089
1269914
825669
1446355
361935
1412465
1235326
845187
968606
743417
48365
85802
112554
685449
27806
496418
1257712
914385
927923
679990
1557707
1367524
1347648
1241695
828919
875990
234345
1328685
1486340
679225
1066881
344682
457081
3880
589049
1594978
46727
1198725
343974
515162
1305186
432182
1022896
773019
475724
757233
1036597
130337
79887
237706
20976
647129
231932
587295
384411
1303202
1046898
55816
1486058
90062
1506643
976615
503638
905753
197047
1448296
810719
334309
260785
294737
1184991
816381
1139605
649064
727584
421948
234631
1089917
565904
720018
692707
1196489
149418
1315237
45239
1011363
1242698
742485
1346561
1132390
1052608
1581912
725439
1627422
1548596
509867
1134169
1294049
768377
41663
891168
619058
11350
292216
942055
217410
1497030
78914
6489
778862
495749
471057
149802
1117507
1547956
1090848
1238402
477280
72142
435837
1063991
99709
6160
506334
1377706
958560
984084
890409
1044241
1484300
1092496
861373
804833
98320
850461
1423120
379277
456042
101849
907512
821902
1030700
853703
819157
194613
141420
640409
128301
381953
901586
1079278
605269
1373757
814013
1270176
550288
781029
1271091
1613371
1292771
1196492
918654
1084851
400832
790778
290501
270063
1364990
109565
528662
885608
1173931
902262
492314
1061294
386367
781066
456185
1044344
300268
589219
1421257
197372
1201994
1175828
854968
78814
762288
1061585
660160
231273
547590
3820
947543
327551
820808
253457
64165
727050
1178985
824128
624436
974948
681310
54685
1031976
575069
4677
1475325
577023
124771
655668
812639
201780
763742
614164
629155
258182
790388
1091895
1424633
1365406
414962
1536950
1146859
127792
1400096
381784
1390569
1067617
23363
106043
301279
781304
1023338
1037314
81899
1577821
1393720
1555163
565256
1570230
227307
1053423
184894
942690
1230051
1510827
1006417
1049442
893885
329575
742655
983099
640586
1153205
472369
12553
841860
814162
949287
1233136
1221764
1085090
346205
569244
1019711
1458466
591545
643554
1321855
659345
860923
679108
1619258
1229011
1404510
1319556
971345
1475622
430503
890770
108141
852327
1341795
530722
810295
149731
1602706
219368
194575
985884
1052954
1214440
540937
870262
484713
42145
759153
1357903
153344
156610
1074578
1514596
1377430
98063
255812
812052
186568
1344571
724746
566903
404246
682153
1155861
411819
1373992
241226
1297215
962692
483121
279889
870406
245195
502421
820143
491080
996997
1365805
661937
384425
1093617
1197512
287923
95992
839454
177735
760753
1250031
337781
1519223
1067963
460298
1108141
775054
288742
212774
1018206
985804
38128
1384679
654022
1340869
991696
877509
83972
1067095
378592
1053348
701651
672866
1461771
1322773
528989
126560
856837
783597
813254
976465
743375
954930
1345200
1494560
953974
1375609
126736
1178989
405929
618693
852942
482120
29275
1194125
638651
168671
590366
1406219
430183
490918
475697
1564635
1545712
482774
1165518
1410442
1018908
1041230
1269759
27876
1171795
1308493
362546
419949
1444357
43710
606941
1209670
963429
561313
729691
524426
241776
660433
1544875
110796
644397
222664
1038816
1625086
1479095
1272585
38020
469876
807544
730918
783010
1284406
305572
614828
139370
1598538
240532
637676
302850
1358004
840696
619743
348244
799706
192420
27507
656050
534298
754249
441862
52132
488862
1304997
1005676
1328362
971477
601973
220666
912962
155042
1330188
280698
1181999
876552
1161702
225039
53084
579437
1178466
622091
36195
875791
1255093
1385529
1125564
913007
629652
830081
708298
450040
475479
286832
146286
1392554
867388
232365
1088299
1486412
638697
188089
763312
694048
1121422
748485
457563
913183
770236
36539
656147
190995
144350
1019791
300330
505951
1444406
1340505
556688
49068
505017
324030
325481
437276
409368
709840
318007
1182846
808042
431508
795436
36450
66546
1206425
948855
225653
315600
297070
1017895
1582211
1321344
1592552
411304
514614
906087
1139986
1456740
1483035
943511
208344
1226052
135549
1540587
33625
268475
30294
1307794
135045
1100784
602406
1178796
247230
206386
635686
172724
1315733
614061
794030
766941
1154832
109064
999142
466813
605518
1159286
231520
425126
1260262
79291
383017
208437
97961
692252
606942
308189
489765
990633
311421
321014
3227
644194
1235964
163121
328099
1225771
537914
512061
721937
83237
563617
1470870
455458
1083446
1050844
809188
1548983
1054796
1593394
1044630
1407560
406142
236174
41857
113626
1049562
1152050
308088
1617268
919481
1438880
1389666
1044135
1520164
341244
134195
950168
358984
215829
19169
1086423
251235
1002044
1430975
854601
791417
258292
32367
590988
1107139
852743
215247
1020051
614020
1449055
528275
595985
260705
1032790
385195
406303
870546
426398
1287779
981578
852714
683000
587642
1369473
1317862
1552043
1120139
632514
694750
266639
336112
1096968
663201
1372504
875180
203682
411803
1327388
488116
467230
1420941
1440436
216358
4671
705753
780996
1018433
1318193
1501235
220934
587347
503779
1147439
118329
730271
22663
323766
660853
146592
101250
467044
986396
241986
996686
279371
983557
569889
196760
139518
740320
756588
1103715
1266547
1534038
1533926
1300222
265091
380290
689162
1162682
135790
649276
804322
1156863
1070166
874133
1145647
351906
381021
781021
793555
792757
1565010
971506
507141
583920
1177927
209496
21467
191438
25618
1049973
797783
425561
173202
1066750
155584
253573
278322
599190
370085
907847
892367
374502
551327
1276578
1057977
174383
1418294
1135706
338565
1078663
676843
642073
998952
636448
798988
1224244
139442
880172
795490
139844
1612248
471874
816047
131985
1324176
1445759
553369
137535
625123
1130277
1581858
949004
632931
761954
1486220
441813
828716
688768
131637
48893
768343
1355176
1160663
484007
1319204
359143
607495
57504
1408094
390229
172489
1368914
881680
587860
187999
161351
528371
395971
814793
1163830
1018428
797069
669024
325727
115069
109353
978113
1195711
1289238
493205
75905
1167736
71910
652562
558364
1105024
1587359
425498
800029
88016
842020
736538
947713
853749
993552
784543
1357292
611617
906130
74934
974583
591268
389346
426258
563123
380635
727067
71523
1082339
600318
1567133
316015
165104
1380451
1565044
559564
798591
993400
605111
1560801
657107
316138
406729
1088686
1501334
601693
499322
1617418
984681
1266086
865687
72813
96700
1161298
172367
815368
1502849
440774
657301
96518
1069126
1385432
1060961
720392
508359
1552362
763943
497032
1490166
426918
1236220
1036855
532959
839003
736264
972588
777746
377138
676570
228140
1123893
565327
1032968
254641
1568555
693554
527352
332150
686385
241967
136884
1244780
650594
719157
525075
1381173
798158
283262
1355439
1061622
978710
79076
1399519
936370
892000
361341
42618
1500744
618655
932463
1120801
1550557
1492934
765819
1538193
973409
663276
614266
683406
217854
596162
1057013
50441
589990
1092444
666682
523482
92699
687903
658997
944635
130711
820945
54466
585500
355517
1166401
1355259
925084
933460
16635
559108
682112
838500
528273
1524286
1191681
606568
125168
1051292
589526
1110059
580792
761132
1083669
1627047
1474212
953298
815607
648839
360127
1336191
630317
704546
24070
898923
878405
240070
101981
1458785
1142212
194111
1605277
669110
1415553
1481130
567343
948553
771525
517879
1455797
317814
361374
230893
1262742
149249
453152
1199435
616947
289776
620072
769029
1011873
1610482
910373
455241
616801
539555
1074489
1305708
1288274
509111
1610969
6058
1483148
812310
831840
736550
289744
528575
1337780
502813
351569
1156300
9088
441951
979792
521255
270289
831301
1101411
22767
295580
1288950
605742
1453899
1459794
140490
4564
494939
906023
1088594
1429142
1263923
643612
1378667
94672
188332
104569
63034
1379747
874749
1419756
650465
1177529
480642
1576140
1054486
638993
802644
191919
282646
1143156
1250643
963145
945417
679991
271670
346821
95616
1211715
125941
784316
880949
913565
339051
687235
755312
1613419
278934
467039
1024964
1036217
344384
1247007
163351
137896
1538752
204309
1365877
1235116
710183
814809
1315822
1197124
1198351
1380584
1254929
1276721
856497
937826
850066
79750
562571
787358
288942
657853
599353
1546302
123477
82612
97754
299905
331907
1133748
918380
1067876
1159282
754315
1280948
862350
437039
836457
264752
1182848
550072
346841
664915
731531
1429141
129174
1343977
156900
1623333
707802
726284
241935
1364885
42257
545017
526722
851249
272732
675473
272162
984801
170018
464241
769930
180980
1052136
831819
72302
185414
214172
614438
1269982
536387
56171
343608
1598262
155768
1190614
1498237
313289
978846
324216
396152
1151310
341492
499027
1124447
1412452
1093952
664260
68533
697975
148937
636087
732080
1273224
721206
1265480
1285789
1213928
448034
720509
877260
654492
157312
949449
698721
442758
429585
1111224
873697
1319303
160871
1080899
485502
1049491
477297
1392978
1454368
1509399
1165919
1105355
1364327
402863
263628
736363
284293
1166393
763170
691541
665363
929278
897378
595778
938370
888172
300750
1350238
204369
78149
763638
409068
424605
709395
1054887
1089578
1329024
397777
439000
1440906
4212
308226
1008360
759392
939400
124721
150609
481388
643405
578490
1417283
1389689
1302854
987924
323194
1291104
293310
928877
875099
1327099
1629989
857042
591353
311120
703861
1083166
35996
1421571
1296850
851195
892640
1151305
114979
993332
118991
342984
749613
156742
688954
777772
1187135
165633
940679
703261
782079
42959
1244747
503792
1269220
937732
789167
333969
1208954
3963
745263
636595
315131
1044113
1044376
125592
368269
1267745
1483402
1449603
1287017
118492
1411776
1084443
879290
1047752
557636
840576
162506
1086473
863920
354000
1130498
270317
1213970
1614965
1428871
1058821
1181899
965794
1395136
922220
517997
1457967
363011
493238
1099039
1273413
289836
1416993
84396
541616
610450
792620
195084
1055647
1074388
710311
526619
478927
764271
326828
1018761
456616
1397114
1586546
271580
1398140
1210914
3469
730756
847442
767618
79143
1435387
65567
1328136
632930
1239116
1329795
324346
996196
768774
608230
732060
1414964
939008
144652
789953
422588
532723
1522681
1278134
31544
29052
44736
278295
553881
1558768
50483
628959
1562537
469424
160923
848887
1034926
1266594
796522
1283826
102340
268323
559408
443754
1352148
1526172
1076892
1522479
1461080
785532
917299
363035
3636
998402
1043524
444847
1145249
355257
1151104
894863
1176391
243067
758768
876751
1452379
1090502
899424
117890
275137
961350
41622
1117291
690054
989243
1309679
628042
951197
1183032
1082795
96753
631321
335576
907289
815829
100781
766334
337672
1003682
493684
78091
270547
62651
684115
10651
62786
812566
104566
955281
1047924
522344
1166306
1078265
1361438
908140
1505631
1405371
1086545
821815
328615
951487
796684
512906
67953
726788
1110774
761015
478245
168195
1620868
166767
1204181
1264024
1203742
117959
437564
1010463
238854
27150
142580
720120
1213272
1081113
1399565
738368
180899
1083503
1382919
551729
1063652
1030403
404543
423312
514775
1344211
371702
1518921
1075766
261558
1185380
723274
1103926
860474
1344133
785632
433006
224764
682623
231410
501131
197782
102314
502072
582216
1282460
169670
933363
772733
933239
184450
1157182
314670
481246
1301061
1501297
1547912
1017198
874573
409992
144677
981372
163784
1492828
1611479
778815
1190092
902833
413828
450266
130123
916829
17309
1196434
352858
565050
1221
299425
575218
579326
627146
1227277
373780
63614
110226
808967
496425
45520
651582
849573
144772
539098
875066
181442
720422
1283466
514610
469813
1342895
64236
339582
879957
237655
1467884
1126138
1133509
1381997
679959
688882
645321
791016
567312
1493055
1354657
1053277
1260046
276723
43507
1328108
1006973
1035250
1259653
729866
550936
1309588
145354
637135
450840
1227753
1239274
1104882
988107
729127
318105
1294963
775160
266518
712913
1380954
310601
546079
214795
56268
1085196
83903
329446
204119
1293433
682152
1490131
867712
756662
1080107
142600
1484713
581746
1518410
132711
1156913
531019
913247
1027005
1165
704743
932719
223977
1148332
469817
326996
956397
163012
98592
1611504
1260873
1249533
478356
796875
51605
569069
1035168
1388144
695023
737529
1055150
1001165
827829
851548
1140552
1513872
991781
139490
908756
138364
1002612
1627438
373815
1192049
380293
1112043
1117394
914689
1267051
509355
766702
508073
949274
605693
749591
55187
894681
1403260
78448
1150052
698999
1505067
1178431
764007
489622
468300
34303
438749
190598
440076
1205723
1345712
1204644
411131
309291
1080751
1203524
30484
879940
704400
595095
70822
515991
432484
864706
368277
801002
201341
263836
621994
1050747
1414139
161962
1565925
690747
574800
285367
919780
985434
770670
425207
425491
240228
1599384
69714
236906
1338673
1356962
723837
464452
832116
569116
172069
161488
742780
857371
1145185
870662
296058
584279
945965
458142
528076
992725
278289
975040
522673
1267767
89463
1277583
917567
1036048
1171487
387682
78491
301967
653065
178883
1134814
61727
925472
14214
847821
71800
770668
1233930
1609410
629762
752905
279791
1622959
377234
1269372
10716
411172
624940
841391
1001286
836242
278938
1354867
999451
176644
218291
1170092
1419676
1465453
461920
1595523
184575
1239620
939105
630615
555648
919446
486255
1619727
654761
575968
982578
1373775
1412777
821997
818336
638721
142599
319135
332239
492181
954989
687076
192795
816353
309121
858768
965278
463719
103575
381461
383420
266708
840096
452304
745629
677119
1212788
744540
1127995
917714
893085
945305
641421
1410405
1303799
200044
124638
1333100
327631
1080591
163347
542563
403467
1177380
578858
1409290
634619
44777
1089728
212410
688632
1155099
1495063
1166399
353413
875847
912398
589948
37359
662854
1462498
377352
1036724
1512622
1143565
813546
440910
1178956
1023513
182172
433221
379737
1604990
833279
486904
1125478
256175
655768
1217098
597644
650660
1492732
491484
164182
