1211224
278954
1330683
393861
1358924
690912
1324357
316401
54310
350982
87266
1068444
1073126
521978
915460
196137
356235
1361637
1626072
42249
117683
4411
10115
997370
394755
239029
320147
1187109
1228926
1210481
341367
97641
299573
366214
123754
750372
925048
1043238
1218446
793007
1163678
382801
364086
622466
1162414
987154
1283834
704498
1274671
391558
799574
1176851
454361
160717
595848
830750
1325655
179570
988268
1286428
612601
87133
1396143
639080
2831
888358
1034887
1253142
612145
399883
476126
1477990
871893
648323
794038
1629346
1106706
469991
734553
289891
290427
236788
92847
1106960
21911
81503
467058
238099
923110
1020825
839716
1105756
1546393
489972
1072829
1509179
549159
1091116
897908
1561908
110474
1344696
776029
1239202
1105347
124718
662419
824566
143856
79924
164710
450855
713090
787260
642986
712084
1314602
1256485
462016
792865
9380
870913
292367
1142488
386001
1619604
526721
368068
825318
1033976
1199944
609677
599350
221124
1062210
1109658
183081
29842
907176
222619
846476
1387534
617938
409612
791486
867678
73442
954337
356451
127147
273931
139679
283456
1009640
50007
794674
363739
49810
507867
544206
1436494
1270818
1250603
621399
1075991
7137
1014194
598152
463966
197799
244572
19744
11810
1536176
456316
1099289
902567
1507676
323299
85223
40858
1007951
1105750
483963
102981
734568
261996
1595775
462881
514969
905776
796440
1422649
998522
1020529
734076
198387
917897
141012
1552112
1192943
974519
656482
686654
286855
1200101
1135226
385861
1266267
1232343
1219582
314196
1315823
757153
1186912
227197
695646
1191905
258815
1184753
841038
1351567
198831
1614190
1144878
229500
1456098
134192
111826
1464331
424665
1289275
939420
925959
738090
159766
1145435
962161
894756
1625562
240009
529096
1102823
501190
1245793
624706
232748
977804
227489
564055
485233
1624485
501632
1588687
1225226
1196523
690794
1284827
1173092
520673
321297
944472
953684
353742
1561393
299957
15018
1298110
1375295
75693
1339680
1401163
223712
956325
294037
756260
239017
472043
118077
506433
395705
356026
740589
517628
596405
440810
1332833
732200
1308650
368669
1259749
474097
97537
863797
999987
552083
516510
882392
247426
1461744
1376716
1275421
1017115
445852
187253
569221
1171635
152268
689202
947539
880204
1374308
728583
1585903
1464069
445907
521435
990884
697075
314298
208004
1438586
816447
458260
486633
791086
581850
663626
904188
1404017
629003
1398447
730473
1001863
1101343
538093
861407
286085
982341
113882
517380
1133381
683180
1484955
765124
95023
981661
924462
610798
1431332
932174
182044
645507
1099683
1267419
1514598
129294
952588
898566
528033
1035421
332149
79896
1197508
721001
854053
75259
891429
503793
102721
521818
218455
1184507
28496
215008
948267
1277606
1583527
1393868
341264
47736
651562
181959
563936
609570
1096300
1111068
1083176
1126385
1522768
1045528
1055987
881805
1628439
624044
1460235
646008
1347436
232450
838396
15
262474
965588
1259998
833444
876238
1117234
641277
966761
759100
420875
877235
59618
569559
102735
188971
214231
863202
121612
570507
430006
1263617
462804
639029
731046
322768
181793
455535
1193857
351806
486134
663015
79408
1031152
1201863
891998
446685
179382
62072
3074
1535373
96029
701386
702633
1560504
1208709
591326
1538093
1098910
174542
1304580
1040086
498935
621496
736914
856892
921089
1035178
791863
152492
1133396
294035
1336902
727708
1449408
191479
1111989
1329920
1209871
1378510
199886
817377
804568
195862
440862
52928
283185
948323
1405051
154214
449940
794287
1372268
1394020
1094445
1207678
469029
821428
831710
142734
268697
661523
528735
370772
899286
812771
1246147
80398
224385
771885
870316
1238226
461308
774977
351884
772394
871383
1067350
614110
323545
712705
1211899
1191965
780686
1376841
1170362
1044426
1533220
1412381
122343
372888
1130324
1052547
507789
928491
241114
270125
1058068
872735
905451
927490
199252
1603361
1210049
485208
704429
793087
509437
1589388
1218159
1527671
610455
1316
799503
1515769
579570
555423
160239
311365
869711
268362
514170
35420
639465
1014026
1200201
1268085
959776
1249331
589210
578482
478650
886498
1080495
1222638
35445
196919
914421
1400971
1366624
951941
197984
1627056
296882
1420627
454054
215485
640735
148182
1350507
80114
115384
502984
400014
164946
1271274
566689
967638
358492
692399
509512
803741
538874
1444075
1519244
722787
1534002
211397
534760
207956
788134
377165
322527
910442
1403870
1530222
587124
430514
197012
762801
791575
1064376
451757
762025
1054680
1192192
1288543
87593
511316
68673
357414
742413
1099984
1173998
856925
748522
791474
877100
895914
334563
1014777
906307
684786
958263
924966
1217808
590782
668706
1087816
1109975
1200496
23801
1426104
1557181
814885
28878
1133248
1501165
850160
128982
1341985
135777
726960
1262376
978893
583741
227369
1168540
268263
1256640
1608680
543299
262072
440619
511193
334271
1211560
615335
627653
1370902
1248043
443999
1071173
147820
402115
557846
1423079
1516543
296726
256537
1279669
260881
945850
1035192
514023
1198948
555358
1558062
208157
519222
1561159
25172
139863
315886
632535
1397785
620210
1115132
1012771
479535
1263237
581282
1198955
1222906
1367608
1370293
457292
711315
1220403
69988
829458
1456988
921406
550940
643377
862402
523613
1173179
364954
129406
938375
638842
650699
61936
1309919
294782
414710
652747
139324
805043
1582922
1043154
511311
566851
707333
497553
1591473
822032
1485851
71954
112659
1270479
988401
947275
1334136
602965
329827
1615761
376392
1512887
622508
1372834
280796
565603
632608
597340
884350
1151072
1255388
1113515
639599
408380
260038
949476
1175698
1209273
868348
1468093
1368072
1060531
391423
174671
883956
1131837
554795
102915
596167
1010899
32324
990703
1174154
956568
912858
884544
1454482
209961
446307
177675
512315
318852
1189425
1627700
75350
585340
1382045
1027727
293118
1429517
1277621
1175078
200956
445708
583942
1358828
1459138
314889
387683
1133999
1112822
1450028
1186310
209437
87897
1025906
908466
105555
468341
1256306
456816
146416
456205
801334
903434
198143
849055
1421922
1177280
620303
272848
430967
514355
1317097
1584754
1267784
48429
604
260635
572801
126072
468444
351218
517584
1130070
1132333
939656
461990
2398
324625
592611
240408
1861
1078481
1257627
993589
298769
1361619
661398
1335575
1003198
801587
1001671
1581521
33331
42084
690562
1200288
469994
344374
1122447
4507
105377
560177
467366
1077510
161031
144969
864871
511084
112511
1345434
680636
485005
736860
625653
1031006
1504250
739006
649321
910935
283573
318676
1311838
921736
1376831
1286072
33217
771082
1043258
925310
149214
981564
432496
426983
784457
105886
331254
301883
677627
862220
252939
734987
1224918
885952
104052
640869
763341
1119282
1485678
683793
202788
1462301
754518
862113
631871
77901
1631569
961219
1013691
120892
1575351
1343400
702856
1513578
687372
457076
284454
299079
1144577
333646
965523
372825
894078
816957
225511
720444
9374
945823
604577
10085
247166
642750
754193
1145018
1288907
1425017
530810
657687
1327575
244300
933105
922413
1525169
520639
313645
163276
1327307
409241
347279
421588
583628
915921
953411
786267
583138
241074
971162
512224
954651
1032049
1026904
249259
761846
394657
319556
1402201
293505
924854
544738
1318573
1457394
434966
1004547
426873
89321
21663
456043
753692
965998
1248281
1304185
966990
130368
1251081
879452
431861
839908
1070543
630392
1427438
843004
1182679
1498539
1314129
911971
90692
863273
1238977
597782
741209
627219
606824
1161941
594565
938518
483806
426508
866259
1570229
764559
461252
190687
1326216
298670
302583
682805
787884
1532344
590372
1440280
794346
932619
149030
331674
1015886
956788
940049
624397
12306
789822
690231
445830
70651
413282
272885
982831
139343
1518657
749460
1458267
905628
371201
106972
15204
1219348
395604
253675
1563574
1389018
741454
281228
1350843
1050205
1144496
488041
1324222
1574461
492455
961785
550801
1268851
895931
402898
749855
233840
1566962
166702
340355
860230
336592
320692
150876
95328
783675
718931
1142799
1120980
510576
777450
482709
1229104
828023
782188
955728
1366566
443332
358128
406055
126811
1279561
938258
1448424
995088
1524412
487868
1188280
561682
1530501
447755
859811
1087941
592690
987479
677227
1076433
928187
1186944
457840
802152
660047
1082021
1258750
728537
1179470
808278
185634
413388
84123
1070787
638574
1191864
682651
652319
740956
1149840
918757
1558870
214981
912857
1162273
717032
838362
32189
1475049
919058
1578187
1184041
798648
710950
463205
1435758
1114623
1558900
1094523
820859
322647
1355545
483722
1605883
536912
887471
242594
770418
101588
1431767
1153808
571339
246398
1029410
892179
306100
257563
824788
355094
282539
1501672
446155
675583
167182
655339
141468
1099978
685255
1552831
993490
328820
802561
501305
1056964
233847
115992
209449
424238
1488823
1098853
1545368
256544
1416618
271702
54575
608738
599380
11789
237267
754928
224450
1078176
1057998
487261
1005212
1115967
47049
857258
1098834
293234
1449654
1602136
1104002
311739
1163173
165312
295451
677658
1223830
557835
384399
323598
836850
1167525
829874
1375187
1457344
38665
772531
366147
1566649
973674
768069
780726
455911
442365
943430
448756
1380493
314305
392475
1595055
681445
390530
322747
1131538
735536
666540
1340243
332685
1377299
516085
578317
915060
656597
226886
457121
1397018
16036
1502183
1218045
1495579
565416
846648
668454
1100887
911735
1454928
963708
118806
1012813
1309289
945752
92784
1548915
714721
201946
321150
1305326
1540139
71128
1468770
51009
1526144
953645
1564441
762786
274570
1487645
387014
882360
332962
1121496
1422565
1197692
481831
1448968
451154
727419
1007708
612068
1297101
956768
227515
199741
1341494
111165
21271
83582
1502970
460091
871443
840230
338260
836891
253578
1430201
165210
1454464
78242
1034705
865004
140000
619185
53838
1531639
610898
809724
1192222
1254968
1004672
765799
674302
1065265
1091210
60693
22060
405446
966496
1483165
554475
934843
592549
743435
135543
434231
584560
1258895
672670
1083268
719660
154250
1143707
1303207
336927
526128
743360
371344
1107049
1554318
140471
859168
1497148
1347492
1305570
113833
987434
87950
106681
29167
799585
1264173
200911
330718
447859
789002
836020
1531783
688735
65205
602439
343440
151239
1344676
80944
625058
290724
995917
841192
71542
816263
71274
545574
1399873
378415
601426
1422566
453220
1346192
1341570
1333527
1364188
552487
995582
189034
371372
655464
891231
267883
245008
493549
1040642
112246
123796
888445
1065981
1418600
253817
79000
713793
1110200
909350
1577713
401575
1145882
104031
998784
427808
1205268
922150
1430244
885646
747020
1033654
250740
1117171
617872
554278
354753
575798
148812
646870
565224
920440
299484
208166
435897
619198
851038
1517953
1106026
269149
1329951
198348
377578
1094013
696087
417737
597903
1125566
1152171
302251
333073
875869
821306
1391807
901693
752662
688904
91273
1170541
33956
306466
904085
144692
1429358
1599570
250952
924028
1519033
1246461
53433
682898
1008629
1124544
318859
803554
103455
788296
252466
945805
941743
16766
1213285
359238
575709
72014
1284996
1164537
338265
1453397
896323
779877
1009699
1342532
840723
1334800
1437134
666432
456756
680862
682460
865000
965317
385186
1266201
209403
89713
802159
1315311
290184
353767
715242
40709
76973
199859
75381
1320216
1171274
1335521
185288
763002
1578045
1561979
1214274
275498
1363525
974645
683597
78920
253298
860791
4030
1083833
259776
351673
1081122
1331752
425822
1172078
474514
1516399
171906
277020
712622
1178590
665866
1201096
128702
1433371
1475125
1489164
582425
392513
950229
65894
303363
942269
327139
1117986
1280693
805972
1298195
1618848
1016660
732906
1174197
1452739
961380
325866
1012767
175989
663460
692326
364646
990340
1224779
1465695
1600278
345531
88909
520428
131915
477242
1052494
501181
797579
927879
826882
1117701
985808
1228088
279998
1303535
1035547
913724
1567538
1198462
1140555
1433544
361904
1352619
835390
1127219
23857
777217
572110
399256
950734
1421689
755247
872418
1482883
510528
1012313
1120147
1147205
746116
1442588
851281
1613017
324579
769900
1273248
129416
661517
1081489
147884
768964
1560974
1125378
646167
2060
719455
1262357
1461781
448560
1038620
502890
496268
430683
506482
1314306
1083082
1242243
200056
1189925
339964
1124835
720044
130125
1443169
319675
638513
1294049
343184
879944
1545540
1368651
1135982
438906
870664
628789
75093
1589626
504206
1412059
1356987
1265408
1468950
155889
440934
349391
403521
689437
1481425
183214
56640
762798
95270
54578
1010607
192394
1453036
1079991
990204
369307
123564
1459918
1522950
127135
1003759
1160927
1155384
1354748
744298
1042072
1333064
547958
848961
7885
121122
925196
1070980
1577635
19256
803933
551997
1384054
175356
542877
1283227
1571956
932100
1256708
205475
292031
732749
760830
1461380
1224757
681677
14424
1376469
1198725
1539745
824923
907670
1206677
200826
1128461
823428
21334
1458910
304431
414060
1071343
1005269
188807
1108451
981934
1114659
783355
1093214
979949
314536
849363
1316458
999810
116717
771027
1596824
797503
1090856
871089
1173359
1040746
905924
708671
885807
76337
1050005
811731
1107089
256315
538365
1438061
1507849
323570
323118
1375871
116804
319052
1005071
887510
341942
363714
1253624
445071
333526
789847
1251876
168728
1076543
625741
1126403
402526
1261876
955665
1000976
878099
1236676
686245
863538
1111403
133486
389749
1264493
1067959
1417984
394269
837121
1348549
878616
487281
569979
1034843
300694
488179
722073
52101
200571
695964
1080100
394752
493687
282084
670532
1212080
197291
1563922
1182316
552275
428649
317139
8412
1260925
452345
622158
1317541
930793
1427494
785306
1502070
1539502
1603091
139190
110361
1274514
777967
272437
991929
224378
552615
906114
443364
137054
377191
1024936
691881
587128
1247811
411919
187173
190733
881163
1432030
1178956
724503
1110096
1479926
639542
855988
727558
97397
1582026
999040
176625
396187
1347024
320414
673737
1377855
520369
1224812
952548
398972
111016
1116534
412018
266717
1323674
1387741
1087863
1360666
687675
915357
556521
175590
752646
362431
1256394
231848
658676
247609
1403677
556650
111120
231484
244212
10575
1510140
1484921
1119640
818591
319831
168543
135276
379695
79113
818829
1521016
81439
308774
1122837
1300305
202100
1027834
554948
1119871
703228
387182
1402500
758290
427024
204816
1014543
432958
242162
353420
1491495
1518577
182640
722693
1420919
473595
218227
910321
1218941
757862
402159
1030668
1193742
465446
1244729
1051315
94396
694494
1227368
587365
904235
439663
1410268
1169756
886067
514664
966938
842915
74178
73786
238704
264291
492054
87717
263008
1114645
779240
157615
370060
1172562
949220
3738
916114
350429
110590
1603659
1281668
693429
1201880
41103
1065523
496715
943708
1015364
423323
174821
934219
1406276
922154
454322
1056194
438165
581734
1566428
1209713
1602032
1168201
1095854
865163
535512
321905
1430274
659380
1243647
201886
405758
1106703
359374
1210341
1337305
1248216
982507
751908
1428904
6549
1499175
67513
116182
398204
1077991
1025700
707546
688134
285977
292660
319937
337168
1600778
425194
728882
664471
1295267
1575734
1175840
1442415
841241
22805
347967
32643
869358
688080
79089
145325
912282
121354
271106
724595
992936
267528
379646
615067
557172
193362
911424
1392097
124246
1222275
795326
41331
1253975
929732
1216339
112804
843446
942854
591621
992996
141412
588752
527368
1478764
275423
670953
1496974
1020392
293467
385673
336719
839963
1552497
110336
694286
312530
1140930
865282
1298355
97905
1021747
304352
832145
1229929
452523
244538
353225
1039489
199731
600905
596811
681174
734575
1388383
402934
400591
392959
1334781
460902
1624942
443644
237471
1203623
316803
587529
497701
751835
258854
1315875
1299924
952593
107043
459191
73849
1445074
835233
1411666
729616
685088
527300
1253235
944864
185650
707127
482769
663233
387164
1499245
1428032
1164911
294865
102060
711825
379564
1237663
70383
1103769
1210808
962003
353594
1221206
440637
1211694
1552332
766598
1190656
355054
1280807
1461647
808192
607027
658157
1362938
1509761
202731
762826
21118
782441
1514372
495618
1144048
1045585
993001
659656
596341
1151924
1626950
504910
1016252
831607
481879
1264294
347732
962440
208320
584140
459533
927758
1146704
831997
72246
1121642
836801
969429
1310087
338372
37697
905851
174347
1375059
1608763
851295
490030
514498
134657
952480
648664
940593
1089522
603506
971394
1024113
1095847
520924
406167
530074
1488546
701842
1608230
1049386
154550
574242
887182
1220877
1401499
569553
20870
130960
776572
1193081
1091375
312294
278651
1480543
990721
124277
754017
201664
849724
1151767
1500093
632670
399097
194794
779356
1176826
736957
306071
500548
754891
940113
1363151
563622
525834
1205582
715732
1259014
1230178
402865
271832
1371705
1379009
143989
1493640
766843
759210
26780
1252340
463340
637486
59289
140812
1409081
618348
192024
769422
1353083
284284
970695
936385
68634
928938
1302326
667278
3284
445862
1610136
1472078
876280
48660
1493313
184840
1141224
1271945
618057
1388093
64359
344454
862624
1469245
681761
869879
56633
1375530
656462
719372
967571
1237661
761484
87780
930472
1212085
720406
980803
414510
109675
1243095
899969
293083
1043848
1143570
687651
12401
882704
413949
1358241
269983
1181509
114342
350630
1088756
916547
459775
1282822
915414
1444474
331077
1357307
1282602
410621
490329
1071190
1288125
251966
1124954
768744
549677
568299
123954
1223433
1479609
1551425
1347992
166257
52013
249391
192827
1258514
646665
50819
1291577
19492
450659
1272080
1267255
1579988
1285773
1453138
369348
799707
1611809
1316897
719299
1303777
1405712
8548
512985
34929
1184347
138480
501895
867020
1032945
1390591
717993
1586950
661421
1390353
531110
1359971
768162
368334
288727
348232
170524
295339
887662
36301
100187
441062
746776
1203599
1514251
1320868
212655
705243
1064803
365987
1503798
1308225
51526
372504
464591
641525
1225756
729258
58094
689719
116360
965948
1156621
1587705
1147677
1369585
487214
549288
1555665
1501503
63843
817141
13392
306132
768195
626679
1595472
816135
1227797
865982
614526
14115
1024114
274235
970956
394430
226561
588231
557333
1312584
1550295
1104079
685660
633876
1501506
663724
208686
1195751
614464
1498970
649831
76305
1040970
155384
86421
889714
438878
471994
1284679
1121957
79143
1106272
763298
1250496
1271851
700533
143543
1363914
1230507
1163664
258367
970529
1202473
51291
748059
1078888
951451
675971
171588
1334630
630848
1483773
807926
265268
608132
296268
228752
366279
975139
1045348
1281827
119376
1346750
1097282
1244718
654057
20172
618163
1185372
999937
535031
239647
578552
597890
786072
664648
217114
159291
1269040
1526356
28900
1041495
869577
1490396
417433
644049
492952
1148221
314610
524274
50444
147103
128549
1209424
1014265
818930
69953
1229742
1357645
674068
437198
1557843
572742
636058
151267
1598473
1103776
37080
1439336
1437192
1040304
463012
1360498
1324300
101735
1300590
774708
1208775
1435220
896712
1078896
863165
891106
987255
1357546
783754
921493
1345286
420080
1239540
960771
758961
374942
200781
1373220
281687
210010
937631
288193
356337
255817
262568
762448
861130
1069066
739477
620136
60343
429588
417250
987943
213179
1311692
293082
736512
195826
1261970
624478
496610
912764
650380
1362979
1384068
483487
67912
14924
917350
426861
86087
483720
1290804
581288
300059
1533296
1099513
2921
45175
1135308
1057926
293037
1077729
941110
463471
997755
664560
130115
408288
981469
284797
1187320
140632
401759
776889
676170
1443240
578074
128304
246191
1103473
920843
1226371
1006031
1131815
1302421
294422
1224929
1056159
723710
1013186
533633
465086
1436182
242822
100529
1294909
699411
1084124
441564
211602
887807
973556
517853
552384
1366486
1186638
972105
736609
791958
195366
642339
86521
1030963
179389
710333
1085196
1252292
1200521
286848
344217
1362654
313030
777753
1485689
1332111
1096555
384076
668050
560521
1321903
459072
475911
171776
373247
575722
888598
1094501
55959
1331198
592155
1036531
1587372
335826
1631278
1118614
305004
467106
107589
1158618
822371
509840
1080170
768662
539707
718009
621715
471952
1518090
237463
1447175
712317
1518782
605500
663032
1026753
1354365
1005883
559918
1358648
569577
180835
902194
666103
1302871
292556
707539
968301
737731
801435
960686
1324514
1522157
5170
1606717
92364
1035650
1116023
640457
116813
1030019
1438162
1066752
557405
598635
540755
1381399
41610
729537
263197
590187
1395327
182204
530155
654678
551259
1324870
164742
729091
1242484
499789
1227271
1108128
495864
1294622
112450
1005047
768296
1436863
641034
570266
873330
215245
534098
1577210
978416
1309849
567516
290822
157371
58124
1073620
169625
1181860
613164
234860
526685
632847
267997
1123460
405787
263555
1503838
1094204
708880
923439
1572878
516652
689187
370127
71653
466832
935768
808613
279320
1445105
1330338
751500
1079265
1054669
243230
644940
1369258
1444510
1130292
170731
1157007
1195117
554090
1187814
112882
1374790
268501
1040857
815052
701507
976677
574091
51111
620945
1340593
92884
759444
904814
438278
1407174
1582979
1541621
1201520
1175579
153857
639584
212282
1490089
765248
1101794
945127
817904
1097001
134761
1384992
1178375
947184
201285
894074
822240
469687
1012834
540722
989534
216392
55497
1380269
494664
1103196
872515
967501
1390526
499040
86987
314028
825076
1059029
1186503
949626
1373311
371100
503185
903672
733671
1206295
1154896
969813
1520279
1462101
718395
153029
925442
793214
1353962
168251
1173531
968794
147875
1363988
624711
1553052
396416
922049
165476
266033
991682
325577
1604652
1490488
1183330
278413
642162
127367
746512
1345657
17008
747900
1470033
1273733
816449
663806
286794
1028760
863110
581935
6595
243020
1580726
445517
520175
1492710
920915
79223
955902
1555159
385053
771130
1519389
1574494
1071201
803126
759464
817292
704722
1287553
1565214
1499783
1219201
326481
869395
10487
895125
1161028
477418
425374
99450
700272
868060
493153
1283984
137671
291094
48512
225172
1241173
454194
955467
24290
76222
1069443
1155549
320671
634424
557754
514641
275350
622416
1427329
1335279
1567266
46510
1185968
885522
417980
1454342
1020747
279248
43189
1581559
278607
1406413
985789
1004548
997024
1324444
1550973
1472786
853085
413060
605148
294125
1457266
195622
763553
301486
1217085
1107897
850113
1562323
1463535
45732
1108535
292810
582164
1410782
1212556
222197
856674
1045208
202677
1280655
505525
809296
1536722
692954
1300799
268917
1063147
1259967
996717
994199
1040957
133140
60032
1340701
107108
306093
1403786
546768
1370146
1220798
1504864
1027121
586619
1573382
106611
891243
1591521
986445
913488
466689
221096
304385
860255
340464
7602
1422951
431204
1181567
1584677
446469
1365381
1602516
1032047
1136539
1174766
1136418
969138
1195896
1370659
549133
724179
412165
953346
537599
1567665
103293
853148
374592
267355
980790
1147052
122865
547979
948241
284332
323851
1167398
152017
575789
1155015
731725
1147042
955183
1228867
1241076
1225810
505892
1249520
386590
207982
734404
489186
1112795
1012624
1397711
1363825
1103914
1113900
564089
336321
548544
117944
565215
1019120
503837
525793
1584580
801165
276754
1523767
1350723
211912
1001126
708635
1342485
1474683
485263
244902
877146
455897
1028722
761289
791314
1032653
1320529
73015
192972
434435
1193756
526391
1413931
361636
1250436
1167928
1201879
1311550
675219
190875
616652
830762
120096
218439
1127739
478442
850095
120151
54966
354235
792399
854059
249899
156865
1529441
457219
285443
53542
801379
492697
1189731
740247
666950
1393809
887194
76191
731543
1108927
41685
1468237
514374
309037
8565
99136
187878
1194451
1174305
554516
1009303
1039193
584679
277667
1556523
1201645
452800
1285303
521109
591141
377179
788355
249710
386943
315211
1297910
914340
1025404
1276101
834248
959544
1568798
230226
451157
29616
931362
627913
833360
1054547
592756
548310
636208
331090
147809
429407
83929
1006854
950528
591424
869081
865714
302663
733481
259065
353490
1194987
1631330
506231
860317
1042605
1417813
1362470
1455136
733342
312052
674762
778976
716285
189855
703171
379517
98490
1137140
233318
782027
208397
1098550
629171
93599
1379341
1078630
517889
451245
686594
1130548
931263
247586
506667
843976
1251739
750141
876542
441927
338948
82008
256955
1241655
153480
180278
184895
1059548
1474998
1583474
376089
792027
617893
1297021
641033
549731
1346044
748401
1366791
998957
397219
1059633
1279246
969542
876360
1289424
220312
417962
295233
179086
810630
16629
331772
376033
733822
908008
916092
1017313
648415
886900
107474
1565407
787142
801015
23120
4470
886628
948038
1488743
410385
217053
1184934
1419654
826368
763833
1093767
1097910
773741
128552
732438
1239219
825035
765541
239030
453559
770440
887015
981567
15645
771411
35141
50446
1058496
645707
841146
655302
1014900
831383
833028
1048191
1067489
376548
758416
961535
535274
1370436
763534
125765
1115862
1141478
678595
350183
12542
872673
460151
863845
288226
1299116
722153
581115
605031
206115
1230108
1487689
1131074
1178678
850560
1270544
1359211
1498741
209072
408688
1105296
950802
94494
897359
826585
285965
1161930
965447
101377
1237294
448135
1075578
1452793
1288550
1394702
455607
594752
567260
53426
1461016
1049303
832024
454993
33389
234699
1629167
75226
16372
231293
71205
1609941
905376
670524
938792
1471468
1622438
346561
429500
624555
1611451
358134
1558348
275832
726308
1323260
1341558
1499969
1272841
180877
404694
1034684
683630
988134
512376
1076854
1337963
851665
756807
1496123
680861
398358
520722
344982
958657
1438674
747610
611052
272778
388381
967114
386318
1510233
327960
1263451
387110
682982
711801
236480
1180217
1281227
1587380
1422574
256395
1035068
328925
22219
117831
604640
1207112
1377231
1367166
146647
666196
791613
1276815
620524
1484680
1356985
589391
555331
967461
544033
340703
645808
1098918
170050
1287106
562795
752509
1303042
264860
31929
315052
380227
998370
1289469
464002
38898
1553477
761967
507104
804228
1527412
900835
562517
113408
1562140
405123
723419
1459513
225875
531540
47293
691549
1456213
580824
1456001
921014
1281688
1292998
1593639
110738
1091752
783429
497821
802350
16600
946164
984018
487455
1080076
656103
423550
641210
695019
1217360
1013377
512580
705655
1041491
29723
515531
383618
1369390
494153
1622061
101700
314369
1126423
1486435
1223437
467598
447003
875732
1278488
656016
1134945
2266
218070
359281
132517
578586
711998
1272764
817052
1612849
782929
1084080
1286879
583901
762537
459847
844060
1167558
449182
281639
220488
680422
262835
15695
1211205
972413
1226377
1125324
547434
1519600
517403
146786
203222
1045908
1132912
116651
739001
163819
1387069
263141
521398
697763
690288
492058
21028
1125471
683473
877823
82312
1517470
405813
645591
152008
859357
1488336
1162376
621623
764753
188967
1540657
1456373
426740
97104
271277
479616
54700
910897
509305
138633
563847
161880
126331
534107
1161969
870059
57328
1383930
838250
19959
683665
81504
881202
236530
41637
1321504
1426631
1432176
958018
1376920
1096900
1156046
801151
486967
1350253
379151
860459
1536975
106398
1527202
672211
1251516
390287
1230798
377892
222670
1367062
2828
107434
1187095
1218225
1423959
569993
144625
962798
1105905
1213154
433664
140928
940890
221086
1621776
207509
1353694
462674
1234108
1511071
504120
457457
876320
1011110
381026
1428305
88300
1572933
1025526
149805
237178
2806
861454
170082
1537998
230336
1225839
1246996
500171
1010551
401339
553119
1556637
436839
508548
1404055
328704
34873
1242157
1205820
628954
837184
1556816
182062
1097774
1277309
618565
843885
409625
74985
905261
1127891
910751
1434769
716752
1036743
543764
242304
262580
757135
368997
127371
694545
1513226
1363609
336274
1280111
1347070
1469321
416359
8593
1479709
905655
59715
545993
1528422
1065764
1139301
177227
944201
591514
1542863
602020
870386
1191709
307417
637940
1413953
1191098
777279
949928
114019
1325824
1530678
966258
30634
402192
22186
285326
126402
1582391
441313
719804
1427096
669507
695948
254828
469047
66420
1172777
1127326
157476
1457965
432979
527209
147540
1346876
817495
1479673
1130688
593989
566611
808395
680724
1162240
515757
816906
66315
771787
1484719
1433110
1217525
103752
611711
34667
1453341
825065
861578
1341122
22917
1088201
659886
318404
1380253
527059
1458607
1393768
1130653
1256470
252044
1539949
426663
167958
417839
1278596
1138604
1518910
788874
413994
8372
1025549
1096064
406686
572730
346359
555104
668726
1535977
551132
893172
1229620
1408779
420187
538545
40339
420820
1210547
193573
1584927
1332750
334255
1024459
610934
1264315
1559846
4418
187119
717530
465817
135251
593828
213960
1458045
43621
296404
1471219
1560523
377345
1394484
312370
1261131
362001
466969
415251
1511543
33486
453253
1000101
524306
377759
879897
223507
512530
1478748
425268
943146
1192772
843073
1059287
453564
488211
719020
1031551
205653
1514171
107600
531082
1266797
327697
1142689
893446
1623774
1541526
840096
63832
99626
768304
6793
815558
896054
1503862
443366
255895
1010823
323594
9482
17528
1359754
284421
169929
571773
1113498
860384
1440043
306286
344379
1142624
42087
962225
1443911
751074
428969
241720
539932
1315922
240008
999890
1003424
1467615
28160
1353247
936638
31295
1158502
1169883
161103
1050189
623535
1218601
362430
1271421
1575540
1101323
167241
403602
601244
1175433
969295
693716
368708
1074932
339481
1070861
1323678
258872
1057350
1473335
302723
541797
1623380
1111091
304644
578414
831522
1045163
929611
1274713
577159
5894
681757
151824
835373
1319369
1192131
551014
1289036
708893
180893
39184
147745
1336638
754461
638283
47225
930707
1546838
584554
1242132
776274
687203
199384
217028
1295300
745518
760221
787623
182892
1190235
608203
904719
1520351
780663
1188499
1196526
1050399
308095
28722
1329608
947482
538790
161169
75856
643680
485516
141188
1417367
1520282
157258
858577
1156108
1010647
1036387
275726
1191668
1066835
1152875
779109
408389
987239
1549440
33881
1051782
876468
1456689
1072396
1444941
275101
1288037
274196
1480095
594040
131390
254250
189540
330689
749938
222606
281535
1281401
652216
797567
274882
266598
710314
332557
799346
943843
423581
1029484
788318
716484
1559
120799
143104
1133101
562885
924345
259812
1591940
977431
120078
822112
582211
1074277
766784
525799
812950
751024
380381
518792
1014431
1526213
945177
1530455
1034464
646579
891738
911932
732487
828785
207879
1481033
1402554
1214426
199323
1119884
105535
395807
1270329
1146723
1297519
377665
139334
368098
1408298
430893
951994
807046
1424266
810226
955714
559142
985319
1537260
931262
786783
288832
583379
405167
68948
1500210
1267303
266932
298830
49727
195884
604847
368170
236227
438861
316778
175630
413158
705980
79392
1270170
726227
755700
1455951
1465576
214173
247465
196389
275309
791191
378600
1315573
276905
458462
484500
443731
342752
1264460
340399
1023937
919511
1378150
25918
1063312
572798
1128463
1004822
700780
1632669
944577
35725
303580
166840
1006864
1297916
1526308
1107694
180848
345251
1135046
1142384
1022963
820920
510431
11932
1367811
733733
959787
395098
693896
368632
381757
361213
504922
122552
1089948
39803
528227
431650
1131010
1093583
159092
1012436
780181
817208
1611924
674843
928432
489001
144883
1194034
440926
840479
1205888
549081
1504647
160166
255609
1064871
442200
1261524
1253000
942189
171892
1517977
427289
414544
820278
849598
345486
778863
1171957
1076564
1047313
105794
393267
1553191
929289
1156645
268645
483538
1345013
500440
28987
1096485
1462218
295522
594199
921141
303271
86117
980686
1440526
367643
705267
610135
62878
226613
614478
132203
451254
857384
676834
817258
171503
704581
78996
882882
99461
84733
1512484
727361
814565
198228
20477
1076909
309371
490200
798232
441274
257801
154333
758182
869348
200556
1234375
352031
1471934
1492408
1030835
864168
828867
55147
926791
1072657
803415
1154701
789917
1299143
1057031
421736
225793
1072955
463056
237345
313022
1307605
1106964
777106
9674
704635
623789
1585197
1004858
1073884
1163493
193009
256265
741720
1236494
1197054
364457
577153
908323
1515388
1251104
1049908
493949
1417573
24565
589725
1121658
1515177
755925
1604943
658953
311835
988529
275570
964083
314749
976586
509435
1378420
421460
474487
337991
1466720
1096977
279848
1148752
427763
56851
297606
361391
1625167
591168
227523
117973
968883
479701
1418006
399185
682481
353273
854690
1318133
1008276
1374370
1290400
1421639
1562980
297115
1026046
816661
875037
1607938
1454367
127650
823489
375601
688396
829587
1602690
726143
1627227
850798
1231918
1287249
1382226
14818
198323
1037556
1463530
505314
668249
423116
397331
1170445
12048
1068217
1156709
335527
636056
828092
1281325
1139427
707625
951845
322508
1544734
26571
332664
270160
473825
274592
362404
38263
683869
71759
421496
826415
1512266
824488
967549
1003629
1138215
1583020
542279
1229888
1201803
127036
149441
18314
1135543
1154390
423859
1462604
1453724
1287091
987863
1339515
394330
1044791
218394
440339
525051
529858
291996
1451992
544557
1296939
849396
1470710
1483493
407232
941671
111639
971204
593453
448165
1390798
484532
341703
1326010
287331
244670
1372850
1317624
1052655
822090
672135
499614
326947
1597962
955261
1103228
77035
572872
1306713
1270080
68989
1382539
781222
305870
441354
590862
237472
1029014
1234906
303661
65082
842414
236282
597098
1201095
154143
472198
125571
95428
296643
999562
1272983
1463975
1582750
439743
730597
296608
1090401
1146717
1421858
611817
1099255
1448897
1515363
383083
1010700
1257693
959486
1230271
253253
180807
447711
99892
370589
1419650
602097
1111280
136930
815783
1529094
1588400
450295
270474
1211028
412125
926942
135518
127755
93566
375763
401116
1026860
552948
1159788
825960
158601
1315004
1332256
218264
193223
826074
1469423
714954
603401
175050
284830
985993
256199
1085215
960948
1455627
1486074
654464
1329380
661587
695401
744153
472999
630788
825506
15863
439777
444520
1535596
247285
667090
560409
1051206
1409227
870561
574092
979916
148952
677919
1470542
126292
401048
535810
511788
1196479
561356
1292468
924585
283850
1555211
1437890
1533924
683570
64477
620470
523307
460825
1526446
294206
436153
1186769
414815
1591985
931804
1221408
1545460
148816
668247
47730
1375331
1321965
444424
593046
819222
891081
2837
1293233
886280
887044
892855
1092117
1556883
1294690
558328
656101
979853
1003712
770256
1250619
898299
281425
104533
521924
827484
731619
601219
848357
1109304
953024
99924
1021942
651507
717306
1317719
803935
462228
1390014
370519
481531
166857
986403
823282
1195900
1516373
1022003
934488
1395264
573632
78837
277566
181720
720286
667823
909502
465137
131173
1520591
505646
393506
554301
578885
215739
180370
1457131
756913
643918
1554789
534097
368253
201308
523209
160961
980571
1019865
171716
555028
127688
1466105
981254
841537
197585
1187210
1370738
616662
1587826
898009
587594
335185
1501861
349555
1161966
1039385
1530781
667855
1357827
826606
1089746
1272595
700502
42252
476059
258427
256386
853323
1036417
1088596
642171
1597003
1199606
1483179
1297447
841811
805394
38012
933086
276222
984087
350014
127264
188902
1000471
959224
924145
280684
367116
129287
778993
591686
1027351
1304068
709232
825945
115150
597365
846107
637210
75717
819124
1478160
1151827
161933
1053648
439908
876665
305414
849088
1385314
1078203
98537
1495460
1156364
60413
434390
495655
1456061
1270970
720402
1555544
615302
1209683
1624006
900422
844267
785914
33889
281182
291463
230414
928497
1159705
320876
670383
1561486
1073242
509830
488293
1023548
1157828
751921
143724
1196481
1280994
1020033
884899
124589
705718
1471892
579219
816321
112713
530789
596706
82505
1278781
1460544
379270
812320
14098
151493
774141
532741
1267164
32203
1586486
674774
1362237
741472
331973
682811
1142572
1340935
828874
462518
1145581
128735
107325
245489
352399
184798
1139365
872409
936313
79940
1263635
481277
815663
1067083
223126
777927
330789
1353162
412936
960716
736050
1363358
1014410
188729
735466
82536
1456735
868084
1158005
1025523
58521
122423
1377018
125788
997320
179000
231690
1543997
1594576
1030379
847546
1270317
160678
752460
307791
1344056
1199706
690682
702106
209285
1466025
722317
81000
1314363
813207
884225
589342
500005
128860
1617012
1186690
202002
1236815
531277
60959
544470
872940
1272279
169643
1507631
250683
22503
888354
947697
1346102
530843
724533
259714
942026
386760
995196
1417885
325992
1288358
674004
1349445
865737
1226840
1381084
19310
737972
1591029
435770
1124610
296551
570587
276515
1212276
771968
729764
346639
793524
38303
788758
803027
678349
72034
22812
1608969
1201320
615897
942855
624164
1070800
1311294
1606180
1262476
635706
307523
387414
45869
1629986
1229970
1583568
1548854
682993
751838
526118
1028024
81925
773494
291392
1362745
674682
997631
1066357
1150154
1559774
606041
452109
790654
176879
797282
966919
1229139
185010
497074
821253
904789
864225
717203
447329
1104594
334680
1404618
454287
1422024
1140535
1124571
932312
125816
840577
1094607
450169
618390
182224
340889
624903
104029
1234731
1271165
157741
602706
573964
392212
680320
240276
663588
1477109
698001
1156872
1237922
90747
782918
412266
413292
938064
780784
1532781
1247169
1617202
595716
288415
319791
408053
119570
1283839
343060
1264073
104698
1504973
1368178
742584
77969
1000140
1391464
1184424
1067729
942738
828072
1343540
756709
915152
1118253
27158
958450
459227
663831
1233188
1155437
547236
1007654
1450001
767258
1502613
622762
44144
1393734
580656
242154
876142
885489
886333
965736
832331
1470352
636844
1177942
1224436
1188592
677782
926780
1255632
1213294
1366853
131513
1346272
1158186
692012
1181162
1156955
519124
465629
1281783
377748
953913
1377639
708615
1437985
162884
1169303
252703
860071
77424
316564
843925
110976
931805
11884
503437
1274464
37237
80844
1021671
1561958
1001381
765447
256350
659826
541881
185875
528633
752981
1427677
228518
1487586
1459023
242862
382742
1307372
225886
1579088
1331470
32218
530859
134985
126012
1002249
1280708
619615
936220
1606754
511562
314639
1309043
1501718
62640
1386433
1129128
513618
1415302
986655
13948
1299271
1094491
296799
593903
189983
605486
384427
108548
579574
847093
1298242
500698
939401
1337926
138224
1432796
653666
178357
1083078
678822
130794
1449256
1019229
954189
520064
927051
1478367
975579
1313208
246177
1348233
215705
345991
1436921
737378
1128188
145366
1114656
494690
243077
768926
1369308
1618743
1533990
222582
635683
324080
661717
636218
1479972
711308
1264078
746497
1115928
481295
895810
1607329
181052
132161
852127
1379756
1544952
81120
557451
366118
215541
393990
1544196
1207896
405938
439244
810153
1173018
1287554
750925
1294404
700846
937097
19282
126914
587919
403765
404016
101466
443532
1015390
1569618
252157
1283688
218103
1168798
128844
397036
708416
831207
200568
851173
186519
770762
1381206
1136313
414175
874061
446853
468673
9650
744820
562728
711022
1014516
1595819
1347035
171661
1171982
1366569
506754
1336943
418967
374972
1322494
726464
525808
575492
378255
384140
1008286
411454
1359005
635618
616540
1460096
269093
883032
548979
1384151
1165152
839789
43785
700375
94852
915925
986421
1574931
1344304
1329387
840449
590784
1129550
972458
1503682
1265377
806381
1427642
1241213
721252
215911
1110274
130046
1309443
466614
519186
36756
1452799
757461
95371
281019
1532800
259759
1579678
601264
1081578
814569
743758
65659
863068
400805
334697
1371404
606536
127840
237080
1422300
1241563
1123739
1546682
1068073
44
62303
213172
972985
1127738
1053307
852261
1011157
1456563
649347
921103
323317
1169394
721883
569637
492699
245435
212887
733898
1257047
714399
1252103
411770
165846
639984
840595
406781
72222
1115988
421398
886148
1591047
3078
302455
733673
983897
404953
1213080
1197556
1541946
41383
425723
622671
271393
219440
1351962
1149721
1024779
798542
1442277
701876
1164702
868815
597996
968364
645173
112039
341074
534599
433453
51437
534774
852009
1262842
984423
606637
474062
18
2155
807503
1155610
1228287
187392
768326
144636
1188152
1250873
146312
1031145
1406472
909710
433082
1298909
418324
699748
882769
220003
102133
327643
662632
1010948
1148529
216812
977192
721938
311010
38484
824261
1577072
1554509
315721
1128488
1249869
1169608
805301
845897
948930
761978
1622948
122826
994054
1619023
481891
638168
1331030
921900
1304458
262147
1433038
1583107
541469
1217755
1274742
84187
570070
739869
1371629
899945
1408944
1465622
1514695
1524183
561425
1310251
1348967
429429
976672
880319
58105
851844
132078
207573
1404542
917322
186502
926657
497006
86748
118565
612937
811476
492288
396161
1185602
535318
73755
29174
1369805
698150
658386
1395518
934449
889808
1495720
467010
920820
394761
288961
291890
695668
622104
1303126
677003
125233
641027
194288
314528
729240
568672
1003562
491584
580185
1232130
485716
886319
350839
911134
1305126
1145684
1546310
146846
680809
391256
846900
1385253
1230135
940156
985457
42938
1102419
37157
1162012
1182646
289757
160605
270925
1010388
1149543
811611
179537
911261
898511
978357
80929
1099820
798477
239350
1458913
143530
1306413
1591307
1452200
758370
480316
798501
1625435
432765
390188
235403
249122
937083
1113209
525423
396764
1316670
163239
867245
463180
886977
1405999
1077217
1243822
136193
1435520
289954
1084445
880770
1282011
163824
829398
991915
991830
531160
1457690
110870
610138
515306
141763
1058387
1096232
1597675
666762
505253
587531
612917
402129
551849
919478
1325591
1526652
970205
754123
356030
621176
829252
946255
1257581
539210
597886
683260
1388422
1471456
1479988
474168
832171
847995
215002
576095
623311
1163630
382897
153933
1387312
1316668
145354
1516164
622420
578311
798779
1531556
671988
1100824
1086442
1345715
47245
1269050
777913
220562
1136613
1273057
622551
1225222
391680
472492
1046955
1218790
1112054
1227480
329201
985797
1480130
582863
1460726
244541
575569
253874
937042
986065
797247
506397
689726
1507256
1439275
1168776
1048161
449036
563045
623684
1460850
1499427
851879
644120
680916
370842
735619
377
715925
1113194
574354
1127071
859483
881662
209038
1375971
1001738
1034012
1592373
1335025
550727
282916
839308
1088044
892834
421764
776590
65800
1086629
1475263
881778
110733
1587906
763848
835647
258071
594422
745380
611736
202186
1314057
365576
75897
8201
947463
572678
1572657
55581
140649
172733
25248
456309
1016730
690892
1109715
366993
635513
1157103
945541
916980
123325
401419
1145390
1439802
10327
700029
544072
105644
212034
454146
589620
16910
628650
217143
582641
356339
525343
1319527
702167
517662
355651
904207
1042791
937029
73475
1161031
231112
689233
241070
103950
1209522
205960
615804
775449
410075
509187
882109
1274290
600211
1555617
490273
890335
561142
988765
986631
1172146
1387133
718466
707670
439751
207111
100740
1056238
1076902
1191286
163011
284544
494056
1536538
188185
716148
1490767
511925
988465
264940
1172487
496797
441646
811919
1559120
1375417
652448
1304827
419651
373755
221919
764689
640208
688184
148411
307111
141301
1050226
299409
322758
150723
635803
225968
1047123
54318
1422777
525058
656327
1074243
409678
1504122
1001909
143000
36971
552924
845352
386082
776373
1585722
757705
1275305
301670
520892
300405
1493742
23599
815599
944788
15303
1371440
477474
702645
218787
854536
510784
1118057
1005201
424527
529154
1232883
191577
323970
1410388
39491
775465
1182616
205652
738781
1495229
598446
405511
554568
265844
443851
861043
1232516
448898
1559449
262899
176268
1020008
37779
155905
1262668
1281663
1028251
1412950
887713
989125
381093
861184
812511
237536
1060750
1262092
131663
1419442
1494080
835366
250916
313467
1601765
398440
432265
103885
317969
445100
697594
186227
659795
850196
926145
1209517
997644
906899
316062
1254251
1026917
279221
1588592
750844
1141662
1503759
319475
506375
164774
1071792
1068257
653095
211400
930153
744837
267066
1483900
705825
717748
1625910
468171
16273
1312346
1077938
966287
1044504
637443
436070
399534
505775
1016104
582961
131666
1357037
711088
197797
300709
745771
510585
622778
1628406
593172
462414
1507905
359680
1377737
146104
89494
482758
481992
712134
1124940
144550
374064
1409536
652440
215125
947673
635900
197167
185448
1577728
1370566
318794
1468560
911980
1155555
908216
937611
1197160
447706
1545810
70941
716214
793570
350935
136198
1424707
1597025
1114917
1363538
1337385
1434332
768917
1123826
310268
258616
1322043
410379
812321
970139
225020
587830
567347
1520195
1368410
1526689
1364611
499889
257481
650108
11130
624595
749184
119373
1289492
877134
1289014
498215
1026538
656171
684
1150990
372272
1210234
70837
97014
556466
1482661
925625
1024865
1102786
731505
667391
463407
1009775
225656
97524
872208
731991
124085
5050
14259
121515
773343
907592
794483
226639
607773
222852
1449664
36490
85289
849329
421843
1061194
359825
1274678
1188869
1405395
716008
545254
744264
547337
853120
1621878
128345
308034
226150
66803
1372032
1383642
1585049
56049
1400978
1376787
1007401
734173
188641
1390536
482016
185560
786089
1119689
414381
1483035
134371
1193636
714110
677466
1060073
156118
624886
174129
658435
1120770
873886
65085
1223647
901560
587218
729842
277551
393232
426493
849079
242503
778058
632440
580249
1598196
714503
309169
242461
750693
932986
1217248
88589
987347
1246
1490714
491152
1105486
761145
304967
461610
26437
949248
277287
1568752
465157
427573
1423388
1302375
506533
181185
311426
1264621
1614839
996485
809133
342413
62360
492160
275787
27972
453213
1343160
186932
973258
1271106
660124
1589841
173254
2713
1140997
1110863
325253
333477
548371
1253803
254670
400627
450235
237090
1163873
1098606
403320
458012
568640
779923
698852
335904
981523
1564708
1391031
1407559
288144
425837
954367
1266784
1211864
446298
1307324
701868
1295141
855028
1006399
144568
597462
780566
1416880
1249062
35236
814623
67491
1046614
681709
345145
856183
850131
1120042
1134514
1138198
748584
564501
1214744
690380
659875
959662
1560045
355077
1396505
854273
1341775
299781
683006
401084
1046376
1158589
463694
1020920
455174
741970
107029
663402
478223
376337
453694
941437
1173574
1489894
933430
1068809
78537
658623
814839
36515
180718
1180822
887682
123540
553687
527793
211820
363365
351341
1575175
35952
509753
223560
1246390
92667
856853
330998
165510
352251
1051072
36000
676678
484496
801157
1547514
493040
403821
1080923
1532960
949016
435974
1249497
1432604
487502
814210
150761
1422949
761691
22951
224085
1462878
1314314
193664
729913
1249001
1431637
303871
1347646
90199
54362
124099
466837
167155
1278568
476361
417928
426647
539539
966943
202343
829796
474241
481239
1597054
283129
463536
1335536
633727
406223
273696
275108
582760
585386
621747
333249
718258
961295
573368
432758
213908
299067
475218
360519
1566154
965529
1080926
740785
1143500
439013
505464
1161104
599592
844005
865848
125008
25064
583437
426907
1514106
681498
2616
101340
1050580
664291
971598
691805
1476361
291210
393979
327464
1204386
1438114
156912
220070
1535508
37116
239998
1393556
590437
209336
1457896
109430
1479670
168337
742412
421705
1075088
367377
823146
234107
187448
573912
926875
566076
755041
84156
759167
890136
1469651
1458584
336905
679186
685846
495902
1278430
706462
369290
112504
1396038
767580
1228327
868738
1339843
25823
816553
1587954
127677
731202
1190084
1456293
70295
817423
1125960
1103625
1483816
1151989
562430
611961
137686
981000
464405
1366684
1607062
1624337
500201
398143
223653
618819
505094
1181447
752961
468294
956677
1168971
958209
500352
1595680
1626432
1479793
226509
1121241
571676
466377
1382412
782902
652731
286229
294906
465880
1554415
675570
1115591
1621683
292496
313860
503446
156788
799211
308040
522213
354071
1264513
1505171
640421
88435
1157059
1062377
872201
641215
958111
1139053
1057259
1388192
846207
709490
1212938
1171443
1127082
850139
565736
546703
1066402
1054610
875865
481519
490937
409760
5384
181429
175234
56958
300410
116107
780845
524900
697661
787304
759580
835217
439982
1308436
1312931
714248
259048
436143
922797
937917
222342
111856
1073279
392494
183004
23237
1240420
469594
1005053
962522
607053
896355
257702
328604
62012
43556
910961
704705
234930
669924
360364
1214519
136053
1179543
1224061
1092975
1098059
490506
327665
465564
257227
1275995
1294949
1020810
969834
901561
78370
56051
1122519
169337
1260398
295104
1196248
1351477
1000828
1533111
537309
522119
826777
1179936
982764
1068120
366025
1077072
358164
398583
830125
779933
455528
866279
481057
1397207
1629245
612572
1194662
1068518
266636
320051
245500
388305
250882
716319
43270
1063128
783638
812682
877850
194118
687623
38328
666236
380715
6795
978147
325218
619414
215495
222916
1353937
267427
795801
1392210
333644
1130737
1229984
906415
731818
796344
34990
864893
762440
78986
1422618
310487
571022
737385
636079
82625
1067714
345099
1430810
1439424
1260172
523559
1429737
1088814
654739
975730
1008089
882951
1106211
1513894
816890
814187
1055357
1628994
1431280
1398731
560002
950591
1505441
1285529
6373
1177360
628248
684188
682343
82694
1055746
447662
975545
608383
401204
492438
1196544
1490900
272352
1100740
1465762
303047
342775
1314696
250121
210738
1374950
1511796
959291
682684
706398
382550
1247613
12419
224439
16198
67610
921439
1384823
159579
405298
319740
531112
191655
462411
480905
1161300
921791
521167
1531440
1159665
378586
490320
796890
804490
1426311
1233141
616435
13988
1533604
355703
46490
1070489
61188
820770
684618
647244
726277
771210
11953
1287604
14881
1344630
86707
128765
1611852
961038
790008
582190
33481
1449874
5424
253974
1445367
337101
238588
425150
301096
1341199
74846
799329
946903
1306431
515652
120158
1572841
1432843
590200
221333
1603954
1068710
517152
290366
1122895
1291825
784537
797400
1530972
1332894
281822
804129
278782
1512356
85056
903385
13265
707587
881441
1608689
82049
691771
726223
1328938
177989
763916
1512453
73519
571836
685594
913005
330390
873976
1303996
1501575
75723
539630
1431839
35478
597872
444484
1188555
916722
283265
1195566
308292
1605980
831780
363557
288960
1215650
471777
1299061
1246244
1132620
758386
934984
57647
1031351
117133
1095384
1136447
816187
432991
694661
1304770
175698
1447875
491865
203521
1147030
1286534
384769
328293
310662
1014971
403594
1194293
669540
1188848
1128146
638784
1263344
541690
100575
1264681
1574485
1351920
21180
1400609
236557
901102
699165
1016420
1251004
1137113
603339
898553
42696
1133074
501664
1317329
600412
148181
1295913
1269748
324784
132277
809812
854507
1026761
707451
457195
405414
589368
646639
1257099
925405
1485421
1316865
426280
895917
688530
779587
560374
1140286
107932
509129
1415304
736509
1149119
754458
60645
432928
27298
217002
288779
15942
72779
961727
1099564
1088353
1350022
439333
1084771
489656
151816
1248265
404687
58282
947041
679896
1103793
192941
431181
1094985
315915
1419193
36727
140743
268229
730822
1457957
1316049
1033652
1092281
1115456
218900
583310
357180
525759
264220
1046095
392877
887115
1348108
903343
1329877
494571
57893
95265
279493
1215193
703470
1197885
1232923
453499
242199
1021887
1303722
1127953
1505817
4957
297296
160969
258176
32433
779461
250206
1129404
1435723
522779
424114
770525
58236
1425028
538284
1051022
322183
306261
1268194
1026266
1246775
521752
557982
1620366
1299055
686518
779516
1544958
1323273
1479912
355982
702949
932172
1098377
1188907
593215
1597957
435675
83865
1052437
1336761
658690
491608
345657
1206400
763304
283081
131131
668342
748550
1227343
174346
998581
1049138
413651
381197
1483164
310105
432992
1087620
148234
737298
172524
1021678
791381
1011093
491366
1196859
975387
1517850
593358
136681
330735
910816
808458
990949
564158
599171
239942
1261025
1150752
1261159
990816
938213
361012
197330
483251
1298162
622951
452653
874922
919644
818242
449254
526773
1269393
776488
1156011
347281
741806
1391930
1341812
557800
703572
364735
1071990
1623463
1144426
640230
319322
623064
316019
170773
445795
1345247
800223
1385854
1167505
81082
132608
1363401
244433
960334
1431530
41660
1461572
1597297
859917
329005
969144
824925
22141
1309876
1055780
385639
1139661
40177
14950
206227
576844
1040987
962181
508730
1252283
10795
58636
641995
386934
92113
908820
118956
50113
917004
877471
1423163
1623336
568246
586860
758024
392270
214474
1096788
69188
91468
1558042
1063346
1576819
997281
531350
1061918
237871
790989
291054
1211145
1563432
221753
240873
63679
1102119
103499
1370389
158130
283806
973611
691225
1247814
188132
914675
1051711
545798
848598
120583
1030332
813296
612354
1444708
859315
1064193
113237
494617
118366
778156
579053
153296
1323496
377555
820653
617532
1396084
894752
948363
1038334
1196852
186887
1317267
880778
356711
1218102
1000774
865059
606570
297410
1525009
116865
672365
1243225
922892
666127
1263323
1063971
1208965
974437
1106747
358606
1048414
219583
907024
1160207
1515606
335260
1021041
1071425
1297255
217540
991980
235557
1163508
1242414
764524
1474068
1310366
371718
108627
1106192
977134
1245091
668506
1415296
139201
1490774
403362
1298637
1150859
446556
1254638
838166
425002
83246
320351
705187
883616
1137211
1032953
1239685
943074
1294681
90395
1051856
318659
258816
452444
665886
113846
175844
1135355
1015786
1110800
735526
1313222
232097
77665
473556
678049
5497
911408
71440
1436439
1528056
1523929
1168830
1039771
716456
672714
679862
1549405
1525190
453459
843295
53503
361212
1330831
1345136
1219666
685498
1072323
1129398
1517268
306363
1428611
1255211
827962
564114
484970
311047
828354
647139
1220794
1117328
390604
820646
746710
263220
427344
1063853
1499109
483465
1517352
1393549
865696
1057049
873230
1171184
1087682
1555903
480622
1135295
94041
127113
418848
2048
1119427
333176
299092
673459
850862
111975
752946
1583250
1399667
1259498
673385
1489479
1056372
1033478
1067666
1139607
747242
166062
976379
296995
711204
547032
1180956
764122
771349
1292187
819990
321257
1296904
1123197
883556
847935
814248
251620
1500264
1340705
1323138
873787
1388041
1532686
417585
775323
1248542
868537
1120778
831046
989673
225389
1176855
937286
